6.978532
8.59773
15.97378
22.46034
22.71832
21.87577
14.68488
13.96585
11.04928
10.27356
8.13411
8.794083
6.876132
11.01481
7.516065
14.37185
13.38608
8.736684
7.366627
9.223104
11.75438
20.51865
19.79684
12.47207
11.96907
7.249502
8.577167
13.028
10.48262
8.741493
10.6142
18.26706
21.22368
12.11951
13.06635
13.50177
11.61546
14.0743
15.81819
13.4693
18.80892
18.48355
29.03805
27.78004
22.14545
21.33446
18.18353
15.24301
10.26116
11.87458
12.99603
16.1459
18.62507
15.00361
16.31027
17.81785
11.73076
11.82496
14.19121
12.77572
14.37969
18.79667
12.25251
9.612507
11.40525
11.39293
14.19887
18.09625
19.31764
21.10954
15.9709
12.74329
10.32576
13.0016
17.63118
22.82524
20.28461
17.79893
11.88126
14.80658
18.81353
22.08192
23.3629
18.33
17.80881
18.74801
14.23917
12.70686
9.668172
12.74295
12.44345
13.8445
13.88282
15.15335
18.82767
16.31119
17.04892
15.88556
27.79562
28.16137
31.57067
27.54998
18.22736
23.27665
24.92011
27.20991
25.97109
19.32106
12.45024
9.983311
14.94383
16.09708
16.64637
18.6844
18.25655
19.71053
25.37681
35.14382
27.89819
18.18371
18.25998
11.55132
11.30724
7.950472
8.901789
9.406267
7.636128
8.138448
9.03444
7.753183
5.780899
10.23391
11.98751
12.60211
14.58981
17.37564
17.61998
10.06667
10.17775
13.64615
13.64776
13.00494
10.70238
13.03087
13.23021
15.3748
18.76858
14.81361
17.09247
20.48253
13.77943
14.99507
11.63726
18.75874
13.15591
17.78169
17.05227
19.25886
22.23511
20.83743
14.77858
10.15905
14.77773
16.49828
14.29209
20.04743
17.76512
13.50254
14.7991
9.601156
11.11124
9.194618
12.13098
10.99301
16.17569
15.94899
21.7318
25.22081
25.07543
21.96427
12.90326
8.640845
8.832348
9.490182
14.04071
12.61434
11.53861
11.11821
6.703913
7.951718
7.638419
7.429423
10.3007
6.045517
6.071138
4.782059
2.918864
3.343684
3.115169
3.539968
3.945612
5.56517
7.805301
10.82817
10.9506
6.776638
13.3111
11.29751
9.581668
9.545326
8.587482
5.819399
5.600097
6.151775
5.646114
8.072634
8.955443
11.34571
13.97506
13.1393
13.54173
13.48037
13.94991
18.07915
14.91415
15.62415
9.833494
7.89902
7.780275
7.466453
7.004741
5.065118
4.780601
7.970224
11.87866
12.18045
12.01517
8.260704
13.23201
11.14789
13.38342
10.79381
10.17354
11.42839
12.87683
9.279293
9.767704
7.560722
11.28826
13.45187
17.54347
20.90596
20.66919
24.59404
24.3304
24.60468
26.99329
19.54305
11.331
11.01774
8.961639
8.90692
13.39383
12.7007
13.25322
12.61105
19.11619
23.52054
15.90364
11.64141
13.32602
19.81035
24.08622
24.8989
19.24457
24.5033
20.90675
18.63975
19.65699
21.27485
21.22773
20.16137
11.78236
13.09042
14.60582
14.28007
6.266471
11.44754
10.97388
9.672774
10.04133
8.400399
11.39245
9.110376
6.649656
6.156166
7.510971
9.758389
9.959847
9.956723
14.95397
15.07269
9.982097
18.51709
17.692
19.9851
20.14864
23.50003
16.80487
16.30631
15.09827
16.13059
12.34271
20.31596
12.41941
12.4544
8.497497
11.57878
14.4288
10.8363
10.0423
9.1041
13.02774
11.89827
13.3386
10.76088
14.16949
13.25614
9.919776
10.49375
7.69756
9.002661
7.281759
7.255614
6.722024
5.079537
4.470133
4.994765
5.349914
6.185037
4.890131
5.367473
3.949896
4.498259
6.60387
6.982364
7.772462
8.625318
8.425426
8.511244
9.096321
7.416646
8.12013
6.684
5.401392
5.723771
5.157396
5.465026
8.203597
9.540511
12.56984
12.33614
9.415248
10.08849
11.57424
8.429891
8.768922
11.84092
9.820309
8.850589
11.13791
15.14322
17.80653
15.5628
20.66626
19.37613
17.22763
11.60559
8.314371
11.20694
11.69347
11.55006
11.65485
8.863216
8.152775
8.756189
8.098325
10.62414
8.408134
7.297744
5.804094
6.662167
8.963911
9.699063
7.691499
8.434936
10.44145
12.62512
9.002366
10.03473
19.76808
12.95778
9.90117
17.30307
18.37101
16.64027
18.09519
18.24064
16.31411
19.27219
16.73582
18.20989
13.23686
10.01815
14.71753
19.08303
15.95469
13.01444
17.41932
15.79525
16.42285
12.22253
12.89973
14.00105
11.40464
16.76487
25.53565
17.26512
10.09495
9.174137
10.32401
13.90313
14.42048
13.79496
12.35954
13.59737
16.21224
15.40701
17.52129
14.58861
10.48011
10.28321
10.00357
13.14106
12.21398
16.13178
14.05852
13.07884
15.49097
10.92277
12.31921
15.67939
16.44765
10.57518
11.26202
13.85809
16.6949
13.64714
13.26977
9.150052
11.11042
10.46018
13.93237
13.67754
14.49152
11.25056
9.277083
9.367714
9.565603
8.652568
10.38695
8.83962
10.6878
11.88974
8.573141
8.017403
9.765336
9.431377
9.514515
14.63627
11.36693
10.52705
14.07463
12.90708
15.54303
18.67039
16.14279
12.83264
11.4464
19.50577
21.06163
19.80153
20.21315
17.40396
14.62662
13.27824
14.30363
14.57172
12.47127
13.75013
12.30441
14.57023
10.19676
10.17569
14.21705
10.08925
10.57433
9.211949
8.077872
5.876441
5.946239
7.835936
5.572143
6.864655
8.096501
14.80729
18.35365
16.23554
19.72358
19.54956
15.53152
15.46858
15.66194
12.42386
10.35141
10.51259
8.370769
13.05385
17.93289
15.47027
22.43435
27.52527
36.9286
31.24327
29.73531
31.3412
35.21268
35.61104
49.79888
36.12303
30.60888
17.82173
12.20782
11.21685
10.40253
11.2784
9.722276
11.03882
7.076923
9.26027
9.528225
10.59863
15.44668
14.43297
17.70334
15.03484
14.39375
25.82899
22.08228
18.33472
14.8904
10.1633
11.41082
17.88912
22.86612
16.74117
12.90961
13.22572
22.30118
18.9763
18.38558
15.7216
15.14924
13.78623
12.92047
12.86813
10.89379
6.396078
5.809721
4.662694
3.93807
3.461016
4.657753
4.934399
4.523141
4.961416
3.86143
3.389196
4.194552
8.577088
7.81476
6.735593
7.967509
8.299481
5.385035
3.106262
4.516285
3.813119
3.607392
3.650011
4.836726
5.711159
6.311313
7.610622
8.044957
8.129706
10.81401
8.176743
10.8854
11.49472
11.95569
8.358965
6.929751
8.192496
9.060697
15.90706
16.15035
9.637601
10.10349
8.973662
7.929921
13.23743
8.035398
14.3394
17.09422
16.41307
14.25268
10.78004
8.837288
8.317706
6.386094
4.96605
4.600609
5.83652
4.955004
6.2528
6.053413
4.965511
5.057239
6.139682
7.418186
8.284863
8.808164
6.756196
6.652414
10.70479
14.45312
13.41674
8.513114
9.225349
6.543462
7.244464
9.397363
11.12425
11.40732
9.284994
12.89135
11.19855
10.628
7.569599
11.62056
13.73078
14.34125
11.2263
10.81412
9.265933
8.754109
7.421124
8.238251
9.067854
11.45268
13.6475
14.00263
19.47286
21.51795
15.57717
17.5493
19.33541
14.5422
12.51622
14.6811
11.09151
10.52299
8.292614
12.75418
12.22432
13.55567
15.56667
10.90978
12.26984
16.36813
25.03537
19.63766
17.94828
11.23893
17.48416
13.98414
11.80194
10.34509
17.03308
15.99835
17.42274
16.58543
15.92915
16.92035
17.89452
13.19602
15.42315
14.25879
13.63131
14.02427
12.69389
9.505698
10.59413
15.91697
12.94643
11.62424
9.315874
8.486365
8.053751
8.593667
7.534255
5.191175
4.200943
3.92405
5.291464
5.465356
8.841998
6.129772
6.818026
10.37262
12.13506
13.79089
11.46758
11.14352
14.14602
14.3945
15.9895
16.66552
15.0311
17.68206
19.87571
24.73648
24.16186
15.92152
11.43381
11.43263
9.446398
9.673121
8.655395
9.365014
8.056275
6.623801
8.91822
11.61126
12.20173
9.41122
10.12493
9.547121
7.566079
5.303064
6.637629
8.343794
8.262582
7.52863
7.596116
9.326064
6.60193
6.977663
10.59717
15.2366
10.1149
6.249843
7.235778
12.24729
12.85922
14.06254
7.91053
6.210896
10.07307
10.4571
8.041168
7.645717
7.534088
7.2901
10.92371
7.309479
4.985778
6.243279
7.203034
7.429901
7.558678
14.13641
19.35274
17.22121
12.16023
9.712595
9.863472
7.886103
7.643714
7.012263
7.627617
5.019865
7.36607
6.137964
7.069264
7.161378
8.514081
9.854577
8.21492
8.61025
6.789956
8.127022
11.94383
16.70682
16.04598
14.83272
12.17621
14.90672
10.13603
9.672601
10.19572
18.32152
18.36843
19.1837
14.98384
18.89125
17.21796
19.59101
23.31084
16.79732
20.14658
20.75867
16.4786
16.64341
23.52583
22.09383
14.00302
11.37607
11.19669
11.19988
13.19209
15.57871
13.65079
13.27144
12.33426
15.20065
13.36232
11.73269
10.5809
10.68349
11.24712
10.01273
11.35634
9.627791
6.33307
7.047786
8.540779
6.595411
7.289027
7.02756
6.86071
7.653254
8.991685
9.158934
12.25182
13.10769
13.94178
20.6356
22.50627
21.45423
16.57896
23.06742
20.61926
13.84761
11.39821
8.024089
9.909167
11.92213
11.42356
11.70207
11.11047
12.17999
12.2845
9.077073
7.414956
6.61609
5.879694
5.680449
4.847694
3.667372
6.3602
7.68354
9.774453
7.34928
10.22591
9.894778
8.994236
9.130888
9.437104
7.702785
8.553128
7.298671
9.29598
7.934019
9.747839
7.883415
6.396813
6.383879
7.55289
7.538603
9.213033
7.355467
6.249777
7.301071
8.386321
12.57022
12.8853
15.83429
11.52367
12.08391
16.32262
14.34162
10.50834
10.88916
12.39838
13.31565
12.42071
10.53161
8.472805
10.87312
8.472054
6.185654
7.505074
8.517011
6.566273
8.669219
9.052262
10.4288
9.647038
10.49598
9.979188
9.239916
8.22797
7.727098
8.38361
6.014599
5.046225
5.876219
6.021418
8.399919
9.267247
9.511064
9.129748
9.148955
10.89121
7.825629
10.25652
8.211934
6.524983
5.743288
5.097374
6.31825
5.638174
4.373647
5.753932
5.739661
5.467265
3.986491
3.705708
5.945421
9.029814
10.81605
14.20047
18.1207
22.21469
18.65673
11.91672
10.88226
13.58738
12.86192
10.46475
14.72377
21.80087
19.37856
21.17939
12.85649
15.49977
18.21067
16.13938
23.16694
16.76679
22.85264
16.34692
18.89892
16.11091
16.29441
16.09478
18.21808
15.7062
13.26553
14.68983
14.09293
14.13722
11.73968
14.28419
12.66956
17.47887
16.59747
10.81744
15.82659
14.0447
10.94629
13.42652
11.94274
7.88655
8.457522
8.555217
9.448959
10.21584
13.30193
15.43828
13.76018
12.54087
14.311
19.52849
17.202
22.17743
19.6163
12.90984
14.82115
15.47148
10.40193
10.20676
10.92212
11.03755
8.795788
7.185491
8.629724
4.36234
6.69509
8.63828
9.269045
7.365295
7.097226
6.714763
7.734861
8.93402
11.51219
9.655931
10.71518
11.58328
10.0671
16.2635
15.43995
9.356154
8.711572
8.531992
9.611025
6.569512
6.707603
6.032854
10.19209
7.355514
10.78245
9.357328
8.624845
12.27763
11.79321
10.39122
7.711069
5.736112
6.599336
4.464612
7.585848
6.599218
10.34597
12.23727
12.38989
13.02057
11.48686
18.38869
13.6338
20.29943
17.31327
12.21434
9.012676
11.17254
6.766444
9.181639
7.883384
7.089987
7.624555
6.007897
5.663148
5.099745
6.783904
6.96482
5.881021
7.182675
8.575463
12.56997
11.7641
9.839868
9.784434
9.669418
10.51311
11.01978
11.26905
14.17066
12.01322
10.01664
11.46745
19.85183
15.0636
11.54212
12.22541
16.09909
21.06779
18.78991
15.69664
15.51085
11.47904
11.98945
8.667729
6.577268
5.617735
5.348023
4.98715
4.610869
5.649718
5.579762
4.548623
3.680618
4.09055
3.540683
2.726927
3.732205
4.333166
4.526457
6.150924
9.235653
9.012988
9.677544
9.455427
9.890328
11.27751
7.62718
14.0224
11.64702
10.5201
13.27766
14.31018
12.11256
9.792186
12.04447
11.68489
8.921318
9.68515
9.250973
11.3349
10.73413
11.06816
10.52338
9.377446
10.46481
9.736217
9.253267
9.238708
7.110657
7.320262
7.459956
11.51766
12.25375
10.4436
7.480412
7.132543
13.41084
16.50092
12.75592
15.11906
12.08071
11.67103
14.10975
13.86393
9.26301
11.35041
11.32587
11.09711
11.64082
15.00402
13.68704
13.83298
14.90832
13.27006
11.1865
11.6702
11.08629
9.617888
11.89384
9.080047
6.960691
6.269656
7.71496
7.839071
9.258174
7.976908
8.480293
9.099682
8.981627
9.790322
12.15457
11.54068
10.54527
19.90382
21.84359
18.88261
15.604
12.27603
6.949849
5.91595
4.046419
4.798327
3.334712
4.010002
5.860325
5.958493
6.408014
7.232134
7.49364
6.369861
7.418775
9.574259
8.811613
13.2249
12.35851
13.89625
17.79245
15.60657
13.10451
10.80152
17.3392
19.16164
19.78157
17.18208
17.02988
14.24116
22.50435
25.13726
21.16099
20.47995
17.95836
22.306
30.94038
22.04852
19.65549
18.86131
16.88886
17.25962
13.19219
16.29685
12.12322
8.978581
12.94317
9.531155
8.824138
6.137706
5.428022
7.374291
5.04757
6.81351
5.981017
6.192378
7.754675
8.556447
9.720642
7.046563
4.577278
5.502466
11.66402
14.76918
11.55441
13.86444
11.3388
16.98071
14.42331
17.92409
23.96307
17.80753
13.85196
13.3177
12.41064
11.31727
14.90085
18.88276
18.8989
13.14166
14.58394
16.3101
15.35966
15.25842
9.46878
10.96963
11.39111
9.385815
6.983182
6.652326
5.971812
6.074078
5.597685
4.669132
5.061801
6.054444
8.981883
10.48621
7.328227
9.530747
8.087249
7.770351
7.772027
11.13104
11.43936
12.79987
15.64992
19.1067
20.90681
15.11326
20.14673
15.28639
16.94512
13.2638
11.0153
17.85552
14.59521
11.69571
18.90607
21.98197
20.69083
19.19607
16.79099
12.83685
14.53538
11.82136
22.65204
15.57921
15.25221
19.29976
14.15026
17.11237
17.45794
17.71939
15.39463
17.84576
14.15367
16.38394
17.78868
19.31854
16.01054
15.13494
16.94673
15.36657
11.6535
8.974796
8.691988
9.401362
6.318816
8.308495
10.79755
11.82116
14.47344
11.89605
11.13295
13.35914
15.19691
20.71317
13.41441
16.97891
16.81679
15.91049
13.74289
11.13784
10.67098
8.933607
9.020276
6.474714
5.113234
5.765877
5.702635
7.706938
6.937367
8.567028
8.844547
12.45284
15.4912
11.66435
14.09004
14.4934
17.37434
19.60278
16.86688
19.25409
27.21235
20.59067
14.49978
13.27098
16.01447
13.83438
10.92069
7.843658
8.218243
8.662417
7.723174
8.079751
7.772994
6.037364
8.065198
8.781249
8.081336
10.17194
10.82238
9.410937
7.667633
7.309037
8.882846
12.64031
13.17046
14.92508
12.7531
8.749147
8.180591
7.061794
5.526073
4.869493
5.872132
7.399781
7.313687
8.992069
8.99632
11.10751
11.90934
10.12843
9.457008
10.3616
13.32184
18.48604
15.05267
11.03834
9.173802
7.411753
9.565191
11.13251
12.02233
12.0155
17.1012
17.2759
12.05837
11.9174
14.04577
11.96246
11.53222
10.28135
11.01133
14.22722
13.50777
16.30372
15.43083
11.99544
12.27562
13.58797
11.93076
10.16205
10.41332
11.22486
9.920937
10.37395
12.22489
14.06701
15.64315
18.01346
15.07967
16.18923
22.33003
22.66152
18.38455
13.79853
14.4471
15.93171
12.8716
17.91232
17.57856
16.27544
18.95583
17.02816
24.84074
14.46078
15.3994
16.81512
17.93786
12.22336
12.66832
20.78797
24.33907
26.35199
20.86488
20.57085
23.97348
16.66894
19.80924
15.6155
13.94294
15.15143
16.97971
13.07743
14.416
12.10399
11.33516
10.0193
9.489365
9.906685
11.47997
8.695568
5.693549
4.55996
3.953815
5.218319
6.280907
8.546485
11.19681
8.680986
9.295043
8.619638
8.067198
5.340179
4.297618
4.230912
3.984218
4.182066
4.794783
4.61245
4.341874
4.079694
5.097305
5.022981
3.966399
3.523667
4.008268
3.364868
3.880592
3.47151
6.073072
7.148395
6.342136
3.793068
4.550918
5.974717
6.862756
10.11454
11.46021
16.4569
15.61042
13.15693
14.63115
10.37896
13.04501
15.57438
16.0635
16.74463
17.99222
22.04366
23.98929
19.93258
18.08531
17.06081
17.54621
15.51235
15.68984
17.42578
23.64218
18.17529
22.67668
13.02019
18.63917
16.77238
16.82084
16.23115
14.58369
9.295011
13.21385
9.144944
10.42261
13.28626
12.51391
12.04418
7.462991
10.88996
9.888466
10.43774
7.817682
9.384324
7.88848
6.90075
4.07487
5.12906
3.886836
3.878423
4.442623
3.9104
5.753766
6.220141
8.691522
7.632113
10.36871
15.2004
20.49454
21.56559
17.62664
14.01604
16.82038
19.0539
16.73004
18.10887
18.24193
21.09187
19.19446
19.31932
24.17959
23.67838
30.48858
22.93362
20.81827
10.9597
13.02256
22.76641
19.2229
25.07735
28.34836
24.14024
28.45994
31.79251
29.4722
22.39273
23.1554
18.04036
16.91008
21.17707
15.83785
10.31882
10.38658
13.41693
15.64496
17.44819
17.66637
15.24454
14.89846
15.18499
12.09935
12.37264
11.82926
10.11657
9.609148
10.62256
9.520972
11.3868
15.10314
16.07474
19.30218
17.2632
15.34272
18.07329
18.33443
16.51485
8.190646
9.981871
9.651608
12.39131
12.40074
10.01558
6.547415
7.429182
5.441423
6.466388
7.149577
9.151629
10.02152
9.415377
7.735806
7.358205
9.089043
18.07946
12.5888
10.53276
10.96306
14.69526
12.93795
10.84018
11.5379
13.86786
24.61486
19.16811
28.77341
26.0651
26.00135
32.66094
34.12905
28.2078
12.36043
10.8722
15.37081
20.56113
17.22184
10.16713
10.53283
12.31811
18.94278
20.99723
27.8402
18.43601
15.38046
12.95693
11.39954
7.753156
8.048646
6.862823
4.666934
5.16232
6.13494
7.470202
7.493588
10.72108
9.557635
10.02468
6.399845
5.862253
5.691671
6.312909
6.463831
8.004243
8.146527
11.16104
11.46452
10.97712
10.41
9.068893
8.129376
6.549189
11.90885
11.94261
16.19112
11.25866
13.90984
14.18131
12.91533
18.72448
22.33203
21.96799
19.79079
11.68765
12.02675
14.32765
16.72413
15.28458
15.42612
11.42178
10.92841
12.5793
10.81232
10.03743
11.10034
7.655433
7.021827
6.297118
9.000841
7.732824
9.186088
8.878212
6.840177
9.352076
8.308731
7.596004
9.330706
11.50171
13.2719
10.7839
11.19854
12.97927
19.19276
22.21396
16.36042
16.57158
12.48933
8.415936
5.33557
3.631397
4.967514
5.521127
8.044537
9.953644
6.763256
10.46256
7.368722
6.476233
6.828969
8.604932
8.466675
8.929839
8.722748
9.346566
10.00216
10.90708
11.31416
7.860523
8.355451
8.490999
11.54219
15.91631
9.273943
6.954157
8.802638
9.416786
10.82382
10.80919
10.03341
12.57182
8.633889
14.26868
13.86046
11.31242
16.8737
12.16352
14.04946
13.1761
19.13431
19.77233
18.17498
13.64483
17.40547
20.03946
19.73829
22.28718
15.95122
18.64179
20.05623
16.54225
16.83051
14.30019
8.925628
10.7687
6.775622
6.122456
8.907494
11.62352
15.91965
11.06207
12.86682
10.5858
15.41911
20.00436
15.32182
12.37034
12.07515
12.66914
14.76694
15.84167
16.89959
21.34693
22.7459
19.04156
22.92649
20.18361
20.51329
18.69077
24.55322
31.52525
27.33473
27.2336
26.74321
20.28764
15.97991
16.85338
16.91428
11.14662
10.96272
10.74892
8.305478
8.55969
8.199847
7.952307
9.260528
10.7801
11.02139
12.28197
12.06215
11.18665
13.55676
12.082
17.55556
18.1857
14.42143
14.47658
15.32479
8.679517
11.1926
9.952559
9.252415
9.305624
8.627326
9.669259
9.632911
11.62582
12.65321
14.12015
12.6102
10.93245
12.26976
13.40391
13.66695
13.90293
13.80309
9.049719
8.146018
7.637288
10.3849
8.281849
9.545155
14.45694
10.93937
10.84353
7.389598
10.57503
14.35413
22.93236
17.83393
15.21501
10.64113
8.155825
6.671642
9.293301
8.993555
10.7934
9.659252
8.225302
6.990835
6.765921
6.611833
4.605296
8.387861
8.708107
8.049524
11.04764
9.609483
9.544064
7.616769
9.8624
8.137502
8.703218
6.843935
11.37449
14.59934
13.89103
15.64721
15.84384
14.16648
10.65567
12.79829
11.26488
13.85457
17.25023
19.31856
25.90013
18.74166
19.2086
14.1034
17.8301
21.437
27.2964
18.67522
18.46727
20.99313
19.17847
15.64372
14.96562
12.64043
9.023344
7.400108
8.882376
7.785879
7.656082
7.581218
7.971023
11.93582
11.73016
10.54662
8.592788
7.733781
8.816353
8.635182
6.988116
5.737596
5.358272
6.82953
8.151512
6.974314
11.39996
12.86697
11.49434
11.2149
10.57717
13.30313
17.42074
21.11955
21.25424
16.6004
17.25812
15.51326
10.40364
12.27605
8.993979
8.147888
10.20477
9.903432
14.62366
15.61846
14.33654
11.72031
8.379099
10.33407
18.68539
12.5001
10.1081
8.599795
9.712616
6.78985
7.111604
7.722523
9.98044
7.729978
4.412849
6.435282
4.531596
7.181092
9.416061
6.32167
5.700709
4.013241
5.158453
5.056409
5.56379
7.04999
6.163762
5.528785
10.29948
7.933393
8.470058
8.725607
10.78367
8.725976
15.08049
9.713981
11.43978
11.71894
13.30123
12.46544
16.46162
18.05046
15.64518
17.56885
11.94654
11.35639
16.73084
14.2778
19.63537
21.58873
20.66892
17.48035
19.29799
20.77878
24.43609
25.59162
33.40547
38.03175
36.06856
29.92254
29.66692
17.86336
16.95807
16.28215
12.66335
13.61426
11.71719
14.49816
13.81451
16.87526
14.53932
12.61537
15.71297
11.91405
11.92129
18.08995
19.8509
20.35308
16.81137
10.27202
10.1784
11.78729
9.051032
7.664145
6.664924
5.981574
6.424803
7.928412
10.18467
14.76737
12.40547
9.8107
9.386653
9.670261
8.8214
10.09767
6.617043
6.260369
5.499288
7.32422
6.716527
6.21008
6.204258
6.478706
6.459842
7.037128
6.777024
7.008892
7.341657
8.037482
6.372761
7.96881
7.086785
7.9635
6.799526
7.484008
8.923146
6.577446
4.855994
4.606821
6.292003
9.403001
11.94582
5.940854
4.50643
5.86688
5.392119
6.976186
6.810205
6.391333
4.699999
6.590087
12.73927
12.35946
8.457625
7.289627
6.24101
8.363287
9.78415
10.4285
14.73955
13.7015
12.89657
9.434203
7.858201
8.986424
13.4757
15.03493
20.85347
14.13419
13.94456
15.92054
20.54264
14.5113
15.29579
10.7717
16.68185
15.66544
11.49385
9.353081
10.55507
13.83767
14.02217
12.25125
10.47311
13.22469
14.58872
15.77534
20.54793
29.56337
23.12045
22.90194
19.96849
23.14875
14.6867
11.26424
13.07018
13.46127
14.77781
12.67774
9.35782
14.93107
20.86544
28.27645
27.54545
31.09525
18.28775
12.96205
15.07223
11.20364
8.550387
6.842241
6.533847
5.921576
11.82713
19.13289
23.89824
23.96786
19.68196
16.33731
16.95882
14.17861
13.85346
12.84148
9.541838
8.001614
7.448788
9.139149
10.41501
12.13713
12.45433
10.05817
9.582771
9.35205
12.14247
9.750136
7.352008
7.745451
5.296639
7.092772
7.085093
5.445141
4.746416
5.487094
6.539695
3.833098
5.770503
7.476589
11.93386
13.66776
16.58665
14.53686
14.45056
12.39997
17.12728
18.37313
21.61678
24.60748
23.33384
16.8235
20.74416
19.82345
20.00365
17.88086
18.66876
18.97341
18.20158
13.70855
12.15112
14.90863
14.35608
9.74357
10.31853
11.27575
12.19778
8.730523
12.44424
14.52156
11.79992
12.44908
9.857923
14.18892
10.48548
14.47313
13.92313
14.05066
14.44441
14.37551
13.78131
13.43995
13.52571
12.27864
10.55388
11.72078
9.676027
8.259582
8.295615
6.644733
6.997375
10.12937
10.87798
12.40032
18.86307
21.61579
22.78337
11.51367
10.08626
9.195221
9.549839
9.603213
10.67828
12.85439
17.21586
14.83703
11.07558
10.04414
12.75287
15.00462
14.51198
11.58459
13.60808
7.724482
7.451725
4.981686
4.22867
5.138849
7.178861
7.92507
8.968174
9.358266
11.36412
10.01986
11.67602
18.8383
16.08388
11.96294
16.21234
13.17642
9.420887
7.36345
6.722818
7.045538
8.139462
9.363123
9.47815
7.551145
9.167781
8.93245
7.68612
13.406
9.245435
9.712186
10.67987
13.68819
15.71235
15.7729
13.22686
11.49855
11.2738
7.391235
9.245879
8.371578
11.24077
9.329698
11.54258
11.15469
8.133321
6.754352
3.928913
4.555452
6.435904
8.7095
10.10565
10.98752
8.327152
7.875571
8.643351
6.347093
5.452506
7.699821
8.473756
9.767702
7.861912
4.751575
5.95135
7.432569
7.521233
9.350823
11.3151
14.56256
18.96048
14.44814
17.80194
18.18736
10.77087
11.71862
11.06197
9.116107
