factor(envID)5 factor(envID)6
0.02945691 1.78878
-0.4064219 1.701293
-1.231237 0.4976224
-1.067984 1.850677
0.3768419 2.736966
1.650988 3.792925
1.932737 2.80341
0.7855384 1.948766
-0.5942047 2.297007
-0.423549 0.6603221
0.1395524 2.554285
1.088713 3.048765
-0.2180441 2.505599
-1.473954 1.442554
-1.356114 1.071833
-3.147776 0.8646955
-1.35243 0.2572049
-3.184141 -1.52596
-3.283965 -0.6298794
-4.708734 -2.585359
-6.56295 -4.739236
-7.831772 -5.789374
-7.598039 -5.850244
-7.987601 -4.899192
-9.637368 -6.522993
-7.865059 -6.660682
-8.495711 -6.465572
-11.26645 -7.832827
-10.13745 -8.749704
-10.04486 -7.250215
-10.45058 -8.377223
-9.910576 -8.052041
-10.02686 -7.752361
-10.66428 -8.979837
-11.45098 -9.289201
-11.46732 -9.02727
-9.891153 -8.061258
-9.771867 -8.061895
-8.936888 -7.034371
-7.660176 -6.082796
-9.442332 -6.376505
-9.919542 -8.132375
-10.4962 -9.54823
-13.48884 -10.89951
-13.97149 -11.49336
-13.94115 -11.76136
-13.71638 -12.08383
-13.61134 -11.0708
-12.97517 -11.22537
-12.5455 -10.31838
-10.95468 -8.26197
-10.25186 -7.364522
-8.673205 -7.380779
-9.513656 -6.965701
-9.213863 -6.822473
-9.353775 -5.824208
-10.24792 -7.043037
-10.15731 -7.702635
-10.98057 -8.584578
-12.61393 -9.801246
-12.97783 -9.266303
-10.50166 -8.860088
-11.23136 -8.420367
-9.86174 -8.478455
-11.12793 -9.046846
-10.83215 -6.971804
-8.223988 -6.295858
-9.825024 -7.135462
-9.773443 -7.661854
-10.75552 -8.495466
-10.80799 -8.609879
-10.96892 -7.779065
-9.76126 -6.774129
-10.84049 -8.639218
-11.40518 -8.609092
-11.46687 -8.318112
-11.28827 -8.448956
-10.69193 -8.664405
-10.58917 -8.204648
-11.6961 -8.802331
-12.15206 -9.325258
-12.53987 -10.42503
-13.48315 -11.68006
-13.6481 -10.82138
-12.01209 -9.415189
-13.75451 -11.42405
-14.00597 -11.48436
-14.16946 -11.12371
-13.20988 -13.10984
-14.0779 -12.10141
-14.38756 -12.30535
-14.84894 -12.16046
-15.12727 -12.63019
-15.89675 -13.48889
-14.70614 -12.90964
-14.51838 -12.83644
-16.60408 -12.85324
-17.31321 -14.00359
-17.84718 -16.36985
-18.98733 -16.21419
-18.28672 -15.15833
-16.94195 -14.79629
-16.54358 -13.61829
-17.52912 -14.73491
-18.94379 -15.96383
-20.61238 -18.14738
-21.58511 -18.65603
-20.51507 -18.89517
-21.20677 -18.9675
-22.82082 -20.7589
-22.47717 -20.15372
-23.30601 -21.46756
-22.67235 -20.44748
-23.39271 -20.99756
-23.94049 -21.1924
-24.14655 -23.0133
-25.31453 -22.55293
-25.06073 -23.04204
-26.87382 -25.06163
-26.84521 -24.74066
-27.36936 -25.21651
-27.72069 -26.56395
-25.92974 -23.01
-25.04674 -22.39501
-21.52945 -20.25249
-24.02747 -21.08322
-23.01971 -20.38651
-24.14118 -22.14404
-24.15705 -21.71838
-24.31524 -21.03529
-23.97054 -22.28123
-23.96809 -21.36881
-24.65901 -22.24645
-24.94492 -22.39227
-24.54149 -22.05369
-24.87418 -21.83826
-24.63508 -22.33182
-26.43282 -24.0404
-26.17451 -24.20857
-26.17306 -24.51064
-25.64863 -24.26895
-26.82043 -24.87122
-28.11582 -26.43221
-28.89601 -26.37072
-28.79128 -26.28899
-28.80467 -25.76375
-27.66851 -24.77862
-27.16469 -24.90831
-27.20989 -24.68454
-26.22405 -24.42171
-26.13284 -23.50985
-25.70098 -22.01583
-23.63362 -20.82242
-23.52109 -20.76589
-22.28163 -20.48707
-22.79919 -19.74834
-21.92795 -20.08459
-23.48442 -20.81959
-23.95688 -21.94893
-24.8713 -21.49482
-24.76878 -21.71565
-24.96911 -22.38407
-24.10639 -21.12626
-23.27548 -21.03211
-23.14908 -20.77105
-23.60015 -21.91116
-24.16061 -20.33571
-23.62048 -22.19184
-25.47434 -22.99769
-25.72726 -22.82
-25.34306 -22.73393
-24.27496 -21.67492
-24.3027 -22.54142
-24.33779 -23.91795
-26.13111 -23.33274
-26.25683 -24.24054
-27.09027 -24.67394
-27.26669 -25.03462
-27.0122 -25.23632
-27.20834 -25.23379
-25.79585 -23.18853
-24.81082 -22.38709
-23.85683 -21.44659
-23.05991 -21.45724
-23.03993 -21.66832
-24.27686 -21.90823
-22.83447 -20.83216
-22.90547 -21.4666
-22.58725 -20.60048
-23.17846 -20.98012
-23.98915 -21.40109
-23.70849 -21.20689
-24.40191 -21.09871
-24.80599 -22.50662
-24.69705 -21.32964
-26.92431 -23.68331
-25.41629 -24.04738
-26.292 -24.10569
-26.62968 -24.18203
-26.94047 -22.90027
-27.75062 -25.1139
-28.18958 -25.82119
-30.3765 -27.5535
-29.77406 -27.22881
-30.78281 -28.12459
-29.56966 -28.47399
-30.68547 -27.17726
-30.52661 -28.38433
-30.49998 -28.34218
-30.79023 -28.79724
-30.42256 -26.88785
-30.32898 -27.6403
-27.94907 -25.0947
-28.38438 -27.45833
-28.99331 -27.40447
-29.37811 -25.96583
-28.51003 -25.90504
-28.66979 -26.28632
-29.85699 -27.61908
-29.95272 -27.68049
-30.26273 -28.09394
-30.76275 -28.17269
-31.35171 -28.8595
-31.79535 -29.04968
-32.7377 -29.37795
-32.23215 -29.54586
-33.50375 -30.71331
-33.52242 -31.47076
-32.45253 -29.52952
-31.98723 -28.98261
-31.45998 -29.35904
-32.06404 -30.19767
-32.42182 -29.38552
-31.10788 -29.13863
-30.62739 -28.35975
-28.27459 -26.48846
-27.10549 -24.5119
-26.43668 -24.19067
-26.01754 -23.25595
-26.58494 -23.751
-27.75051 -24.57846
-29.67772 -28.39791
-30.46291 -29.01301
-30.24103 -27.41508
-30.22678 -28.39838
-32.45636 -28.60406
-31.478 -29.23436
-32.55997 -30.02262
-31.9226 -29.86111
-33.39336 -30.71129
-32.27343 -29.29794
-32.24684 -29.7403
-33.95487 -31.20138
-34.95645 -32.92819
-35.95622 -32.81267
-34.56473 -31.16446
-34.37251 -31.85934
-34.92944 -32.83276
-36.55744 -34.08347
-36.21579 -34.18755
-36.46477 -34.33827
-37.06701 -35.14245
-36.03711 -34.53983
-36.35868 -33.53088
-35.24944 -33.50842
-35.87463 -33.65116
-36.8255 -34.35678
-35.68199 -34.30993
-36.27043 -33.87754
-36.8606 -34.75758
-37.09645 -34.32885
-37.87231 -35.81428
-37.89174 -36.4719
-37.74921 -34.47651
-37.80774 -36.24053
-39.81249 -36.86091
-38.95897 -37.38191
-38.84223 -37.11437
-39.89599 -37.56492
-38.31777 -36.38833
-39.21071 -36.7502
-38.3892 -35.82164
-37.72465 -35.06951
-38.79834 -34.81093
-38.27904 -36.07237
-37.51238 -36.00933
-38.24706 -36.83045
-37.52326 -35.79893
-38.44865 -35.32809
-39.13014 -35.60798
-38.72705 -36.202
-38.63773 -36.40196
-38.28924 -36.49131
-38.05528 -35.77222
-39.51479 -35.69674
-39.08925 -37.42358
-39.42866 -38.02003
-39.35814 -36.60258
-40.75774 -36.30104
-40.17994 -38.14261
-39.47848 -37.53589
-40.10105 -37.60584
-39.73456 -36.45776
-40.93377 -37.77994
-39.26616 -37.18364
-38.61597 -36.58442
-39.14309 -35.93781
-39.38089 -36.94401
-38.26955 -36.09554
-39.00484 -36.60554
-38.26805 -36.85601
-39.11962 -36.7626
-38.79952 -35.91302
-37.79763 -36.26942
-37.03782 -34.45027
-36.91721 -33.05656
-37.26906 -34.30328
-37.19326 -35.1361
-36.75271 -35.4127
-36.54559 -34.80177
-34.99819 -34.3379
-35.51174 -33.58631
-37.02766 -34.66297
-37.80305 -35.58136
-38.4395 -35.70372
-38.32728 -36.18936
-39.09194 -36.81842
-38.48151 -36.78355
-38.82682 -36.25094
-39.63041 -35.31328
-37.18824 -34.99072
-36.83072 -35.2386
-37.09922 -35.1656
-38.03729 -35.43979
-37.338 -34.30944
-35.83976 -33.4472
-36.3244 -33.03022
-34.84641 -31.65444
-32.78814 -31.09546
-33.98138 -31.48173
-34.00285 -31.14653
-34.13263 -32.32313
-35.0607 -33.04265
-34.90427 -32.61227
-34.3836 -31.38948
-34.10764 -31.24934
-35.83049 -33.36579
-34.66175 -33.18071
-33.75455 -31.33312
-33.09268 -30.99954
-32.04377 -30.25159
-33.46336 -31.27391
-34.98755 -32.00937
-37.14057 -34.57666
-36.78645 -34.50603
-37.90017 -34.22397
-38.563 -36.06134
-40.48487 -37.95164
-41.5418 -38.46227
-40.15731 -37.64766
-40.89821 -37.72328
-40.87128 -38.89206
-42.861 -40.4471
-45.08181 -42.76923
-46.46561 -44.24898
-46.66234 -44.34769
-47.80105 -44.93814
-49.8257 -46.75042
-49.80273 -47.09647
-49.16033 -48.12178
-49.36658 -46.43999
-48.58236 -45.71471
-48.66552 -46.36328
-49.03336 -46.56991
-49.10187 -45.49362
-47.01222 -45.55234
-48.83161 -46.12485
-48.11971 -46.85562
-50.19203 -46.69591
-50.04303 -47.26799
-49.26696 -46.94914
-48.90052 -46.1389
-48.35241 -45.34357
-47.65522 -44.90409
-46.08375 -43.52597
-46.40158 -44.21764
-46.29091 -43.63741
-47.35128 -43.85883
-46.20278 -44.63005
-45.96001 -43.64936
-46.41677 -45.58798
-47.02677 -44.88344
-47.93858 -45.1493
-47.27971 -44.43261
-46.35409 -45.0147
-44.29221 -43.22014
-45.74854 -43.80177
-46.71879 -43.96567
-44.76738 -42.61668
-43.64763 -41.74275
-43.60728 -41.50777
-45.76427 -42.89154
-44.08773 -42.04048
-44.56344 -42.88795
-44.12689 -41.66837
-43.09664 -41.00043
-43.02409 -40.2386
-42.87629 -40.4054
-43.7779 -40.82628
-43.07578 -40.08016
-41.45729 -38.4949
-38.87866 -36.75018
-39.88923 -37.81269
-40.26122 -38.73607
-43.10507 -40.02943
-43.57306 -40.81595
-42.65587 -39.85976
-42.60243 -40.3518
-42.02533 -40.56284
-41.3396 -38.52173
-39.59404 -37.30028
-39.02563 -37.38127
-39.37184 -37.75634
-41.20239 -39.77383
-42.72932 -40.49874
-42.90744 -41.47961
-43.46664 -40.5143
-44.68762 -41.58378
-43.98593 -42.05647
-45.24968 -42.49701
-44.21111 -41.01303
-42.63597 -40.69101
-41.93139 -39.7734
-42.36106 -39.90255
-41.28469 -39.1674
-40.43582 -37.83114
-39.76283 -36.79148
-41.59046 -39.55836
-42.43572 -39.35072
-40.518 -38.08529
-41.18565 -39.1814
-40.44076 -38.89324
-39.94018 -37.88407
-40.55635 -37.75329
-41.696 -39.27799
-41.77878 -38.89051
-41.37292 -38.91197
-41.28255 -38.31869
-41.31407 -38.61424
-42.00587 -39.32005
-41.74191 -38.64656
-39.66921 -37.18159
-38.70633 -37.27295
-39.47329 -36.89984
-39.24974 -37.14949
-42.44023 -38.87355
-41.82874 -39.6198
-43.05775 -40.01082
-43.61799 -41.27893
-44.97023 -42.90299
-44.91217 -42.36151
-44.0568 -41.38258
-44.47888 -42.38918
-46.13357 -43.46918
-45.85117 -43.29573
-44.6383 -42.53902
-45.22742 -43.54539
-45.64842 -42.67795
-44.75713 -43.70025
-45.33855 -42.01384
-42.88354 -41.02937
-44.01517 -41.17569
-42.89242 -41.71489
-41.98837 -40.27612
-42.82275 -39.9987
-43.09956 -40.76936
-45.37447 -41.31036
-43.21677 -41.58831
-42.33141 -40.93671
-42.46032 -39.19179
-43.33184 -41.23678
-42.53108 -40.44664
-42.16166 -39.46312
-41.60366 -39.09999
-42.37803 -39.74395
-43.5785 -40.46406
-42.86571 -40.20812
-42.48777 -40.66341
-41.70167 -40.08115
-41.56731 -38.80057
-42.25329 -39.78227
-43.42721 -40.84451
-44.43953 -42.0586
-43.30292 -42.26349
-42.6448 -40.23017
-43.68798 -42.14032
-42.41897 -41.52662
-42.89408 -40.74243
-44.14574 -41.76779
-44.50849 -42.1568
-45.40308 -41.68636
-46.58982 -43.26413
-45.5569 -43.60019
-44.0693 -42.77504
-43.99862 -41.28508
-45.08567 -42.06575
-44.65668 -42.25839
-43.3742 -41.28439
-42.26857 -40.56393
-42.83707 -41.24983
-44.4207 -41.28864
-45.585 -42.33627
-45.6485 -41.51423
-44.7628 -43.19088
-42.70478 -41.33793
-42.09159 -39.25011
-41.19621 -39.22533
-41.70395 -40.73257
-42.11534 -39.98882
-44.44802 -41.91497
-44.04834 -41.05138
-42.97967 -40.5296
-42.01702 -40.35592
-43.7832 -41.40448
-42.92652 -40.20472
-43.19148 -41.83207
-44.22629 -43.04919
-46.01179 -43.22891
-44.02264 -42.06207
-43.67989 -42.00916
-44.2753 -41.12015
-44.24535 -41.72548
-45.93074 -43.27218
-45.73212 -42.36161
-44.63979 -42.63119
-45.29784 -43.07177
-45.66573 -42.7744
-45.77015 -44.2963
-47.25741 -45.84244
-48.92579 -45.77842
-50.1397 -47.77804
-50.9151 -47.9327
-51.45853 -48.31774
-52.21996 -49.42036
-51.78274 -51.02832
-52.14947 -50.44841
-52.71682 -49.82079
-53.18449 -50.35517
-50.81987 -49.479
-50.31197 -48.13251
-51.56078 -48.52883
-51.6833 -49.44546
-53.04636 -50.51327
-52.37076 -50.03905
-52.38798 -50.3773
-50.83091 -49.34888
-51.592 -48.40503
-51.50224 -48.54162
-51.43531 -48.89464
-51.54242 -49.06744
-50.8867 -47.76656
-50.01835 -48.20629
-50.10561 -47.55361
-51.40869 -47.9741
-49.7467 -47.87535
-48.63892 -46.57979
-48.67247 -46.058
-50.37197 -48.17554
-49.86039 -48.48482
-50.6293 -47.67909
-50.77687 -48.56796
-51.13412 -48.63956
-50.08868 -47.93284
-50.29149 -47.69618
-50.57621 -48.47743
-50.20775 -48.11104
-49.76336 -46.901
-50.13626 -47.15773
-51.3199 -48.07922
-50.50954 -48.3814
-49.7833 -47.83953
-48.96457 -47.38975
-49.66866 -47.70337
-49.50593 -46.31494
-49.74705 -46.94252
-49.4072 -48.13239
-50.87572 -48.42677
-51.37454 -48.78315
-51.91596 -50.00311
-51.02535 -48.55673
-51.07747 -48.5028
-50.83028 -48.68968
-51.81903 -50.34215
-52.36393 -50.76185
-54.46061 -51.52563
-52.95819 -50.59553
-52.87431 -50.46725
-53.28215 -49.54872
-53.74354 -52.10115
-55.04533 -52.50566
-53.23933 -51.29091
-53.97328 -50.98676
-53.28104 -50.60739
-52.71546 -50.57836
-50.92631 -48.70984
-51.30473 -49.14144
-51.43787 -49.2915
-51.91343 -49.23893
-51.15814 -48.21985
-51.86333 -48.84608
-50.84801 -48.23357
-50.821 -48.56547
-51.13321 -48.79782
-50.45444 -48.14887
-49.69571 -47.87525
-50.80424 -47.58121
-51.73215 -49.07309
-50.60461 -47.47934
-49.91213 -47.83578
-50.67552 -47.37859
-50.47506 -48.73193
-50.94191 -48.74508
-50.70084 -48.78565
-50.24398 -48.05589
-52.34915 -49.41174
-52.33103 -49.44494
-50.91255 -48.98943
-50.91747 -47.20529
-48.53394 -45.32106
-46.70798 -44.09122
-47.03023 -44.35671
-45.94172 -44.38456
-46.67449 -43.34548
-46.42341 -43.13097
-45.07921 -43.15198
-45.42267 -42.87828
-47.17688 -43.93807
-46.29207 -45.15517
-46.06814 -43.52568
-45.76733 -43.51713
-45.37938 -43.78311
-45.30566 -43.16106
-45.73873 -42.59721
-45.82179 -42.53462
-43.79126 -42.13555
-44.64396 -42.88217
-44.87062 -43.11157
-45.83306 -43.9176
-47.05998 -43.87477
-47.69673 -45.68244
-49.06782 -46.4774
-49.45162 -47.48449
-50.11448 -46.88485
-50.11924 -47.10293
-49.13535 -46.13038
-48.38008 -45.62464
-46.88708 -44.92856
-46.61207 -44.08693
-47.83621 -45.71679
-48.96658 -46.30426
-48.00703 -46.31621
-47.68173 -45.54245
-48.13245 -45.4115
-47.03605 -45.56666
-48.7957 -46.28393
-48.29404 -46.61452
-50.87897 -48.05442
-51.45049 -49.12209
-52.64309 -49.98098
-53.06421 -51.10382
-53.35652 -50.73346
-54.00245 -51.74774
-53.48377 -50.73878
-52.57014 -50.40791
-53.76351 -50.45441
-50.92146 -49.286
-52.64472 -49.29679
-51.46095 -49.2345
-50.96416 -48.1416
-52.30736 -49.83322
-55.23183 -51.46289
-55.33692 -52.78711
-54.74676 -52.80825
-54.39717 -52.65119
-54.80376 -53.32087
-54.99111 -52.5586
-56.98647 -55.42926
-56.3979 -54.17478
-56.03682 -54.76514
-58.95785 -56.19151
-58.25182 -56.26221
-57.6119 -54.67898
-57.50752 -55.13448
-58.11944 -56.30313
-59.27672 -57.1801
-57.57979 -55.63731
-58.83181 -56.49383
-59.28988 -56.61275
-58.10201 -55.83807
-58.21637 -55.38537
-58.63092 -55.60647
-58.29617 -55.60939
-57.43747 -55.57083
-56.6901 -53.72421
-57.40501 -55.50676
-55.82101 -54.28525
-58.47766 -55.43152
-58.01192 -55.43969
-57.83954 -55.19772
-56.71372 -55.14914
-57.46219 -54.11135
-57.84574 -55.88646
-60.46018 -58.45693
-61.50139 -57.76922
-61.27589 -59.35898
-60.84007 -58.45091
-60.00074 -58.52837
-60.06606 -58.43687
-58.77955 -56.07281
-58.16068 -56.63857
-58.79161 -55.91763
-56.88604 -54.71976
-56.41321 -54.16332
-56.20371 -53.62787
-55.5855 -53.17662
-55.41767 -53.10085
-55.82946 -53.49899
-56.4285 -53.53217
-56.6032 -53.0147
-57.00172 -53.92529
-57.6323 -54.94768
-57.69919 -55.53219
-55.14544 -53.75331
-56.40148 -54.41859
-57.74714 -54.55632
-57.15088 -54.42628
-56.08295 -54.03474
-55.56466 -53.76949
-55.8828 -53.82614
-55.43217 -53.01691
-56.19187 -54.09132
-56.36638 -52.79944
-56.37541 -54.5183
-56.88089 -54.9123
-56.728 -53.71339
-57.25414 -54.45206
-57.31567 -55.09257
-57.87023 -55.81432
-57.25937 -54.64122
-56.33593 -53.85801
-55.6754 -52.99196
-54.81067 -52.73696
-54.77353 -52.21863
-54.00956 -52.14565
-52.76879 -51.32697
-52.80656 -50.24221
-52.84727 -50.26865
-53.18509 -51.06787
-52.75315 -50.64598
-53.68581 -51.02378
-53.35876 -50.52316
-54.10537 -51.99386
-54.98125 -51.65557
-55.29102 -52.35166
-57.03795 -53.71569
-56.16713 -53.98314
-55.79195 -53.76073
-55.84996 -53.69652
-56.31736 -54.55586
-56.21907 -54.13575
-56.19646 -53.37236
-56.09387 -53.20038
-55.23273 -53.21502
-55.87302 -54.09265
-56.27359 -53.20311
-56.88554 -53.7804
-56.82879 -53.7542
-57.52029 -54.98985
-57.86086 -55.46946
-57.19904 -55.54845
-58.91294 -56.23548
-60.21313 -57.95037
-59.85986 -57.14266
-60.1646 -57.39121
-62.17933 -59.08933
-62.76367 -60.24164
-61.81591 -59.91846
-59.98106 -58.19007
-59.8773 -57.32892
-61.33404 -59.14521
-60.83768 -58.7642
-61.79216 -59.48831
-62.11236 -59.39211
-63.0227 -60.55892
-63.36481 -60.93054
-64.49164 -62.09077
-63.10792 -60.23869
-64.3236 -61.47297
-63.58781 -62.65595
-64.03363 -61.16728
-62.80543 -61.28567
-63.66958 -61.84011
-64.09383 -61.74127
-64.94267 -62.88867
-66.00191 -64.30263
-65.95468 -63.64746
-65.45938 -63.96915
-67.06529 -64.72537
-67.84273 -65.44887
-67.70471 -65.12253
-66.89381 -66.08458
-66.26388 -63.87272
-66.62412 -64.27934
-66.3396 -63.97395
-65.5216 -64.07065
-66.08258 -63.84869
-65.09556 -62.91416
-64.81802 -62.24428
-65.85647 -64.01099
-64.89771 -62.26234
-64.45465 -61.51498
-63.42396 -61.51765
-63.79544 -61.09041
-64.28537 -62.34077
-65.93146 -63.41883
-67.21656 -64.24838
-66.52591 -64.2923
-66.51215 -63.47307
-66.2045 -64.08278
-65.90359 -63.24608
-65.4108 -64.19296
-67.2743 -63.84448
-68.09041 -65.49857
-66.23493 -64.32937
-67.98765 -64.38665
-67.6052 -64.72323
-67.9922 -66.15535
-69.0374 -66.51419
-68.70049 -66.96573
-69.57575 -66.36519
-67.15093 -65.08891
-65.96264 -63.52547
-66.38965 -63.42274
-64.18254 -62.78369
-65.26686 -62.85595
-65.83393 -64.04903
-65.27924 -62.8695
-65.57438 -62.71657
-64.7297 -61.74534
-64.99788 -63.44345
-65.45389 -63.02428
-65.93575 -64.59397
-65.79231 -62.34312
-65.27783 -62.92004
-65.4187 -62.59854
-66.15553 -62.86095
-66.32466 -63.48904
-66.40983 -64.36264
-67.04572 -65.03339
-67.37578 -64.5986
-67.39559 -65.07913
-67.47157 -64.6014
-68.91573 -65.13565
-68.41408 -66.17964
-66.87181 -64.66048
-67.17551 -64.29094
-67.33291 -64.6861
-66.97487 -64.25991
-66.91934 -64.66059
-67.39677 -64.35336
-66.47486 -63.97828
-65.59494 -62.53791
-66.21192 -63.3444
-67.0915 -64.22531
-66.79459 -64.24986
-67.23801 -64.71504
-68.18248 -65.20499
-66.71554 -64.01105
-67.67402 -65.55503
-68.28032 -65.18926
-68.67721 -66.88894
-68.51526 -66.94643
-67.43607 -66.15013
-67.63973 -66.4687
-68.77524 -65.73496
-69.72583 -66.78167
-69.15131 -66.31854
-67.83589 -66.13126
-66.52847 -65.30714
-66.90369 -64.30892
-67.93524 -64.52071
-66.90827 -64.50306
-69.01507 -65.88456
-68.73839 -66.10726
-68.9214 -66.26102
-68.76223 -67.48282
-68.37954 -65.62438
-67.82883 -65.03326
-67.34101 -64.92337
-67.18527 -65.14301
-68.31671 -65.75045
-66.74093 -65.7205
-68.76264 -65.75034
-69.0763 -66.35723
-70.29139 -67.12102
-70.23965 -67.15288
-70.90161 -68.10586
-70.2281 -68.29886
-71.27452 -69.07619
-70.03185 -68.17817
-70.31914 -67.99752
-70.51016 -67.42678
-70.34277 -67.9588
-71.65256 -68.32598
-71.66412 -69.4809
-71.71476 -69.76243
-71.68372 -69.86391
-70.68405 -69.05704
-70.79162 -68.8561
-72.59257 -70.33156
-73.53064 -70.34597
-72.71139 -70.16665
-72.85445 -70.98865
-73.16514 -70.52206
-74.17998 -71.50314
-73.84392 -71.50367
-74.65857 -72.12653
-74.8944 -72.94931
-74.11672 -72.02268
-73.93441 -71.91492
-74.43035 -71.69867
-73.13697 -71.1939
-72.74933 -70.0925
-74.27274 -71.91841
-74.29376 -72.49272
-72.89757 -70.60752
-73.35296 -71.04934
-73.18973 -71.18302
-72.55163 -70.62773
-72.82527 -70.74567
-74.00564 -70.73994
-71.64695 -69.00487
-71.51519 -68.86141
-72.88435 -70.29885
-72.80956 -70.95625
-72.70755 -69.77241
-74.64305 -72.00289
-75.5986 -72.2359
-76.13049 -73.03125
-76.53554 -73.8342
-76.32894 -72.84846
-73.94204 -71.88011
-72.6078 -70.49925
-71.794 -69.6842
-71.683 -69.84136
-71.45648 -69.53158
-71.1005 -68.54839
-70.80837 -68.72076
-69.754 -68.00084
-68.29514 -65.20292
-66.6391 -65.07871
-66.4737 -63.931
-66.8293 -63.03888
-66.82951 -64.03522
-65.64651 -63.67885
-65.82796 -63.39363
-65.84407 -64.09561
-65.07771 -61.88573
-64.2773 -63.00485
-64.98829 -63.19278
-64.07414 -62.05628
-64.1474 -61.23904
-63.27208 -61.57019
-62.92342 -61.25117
-63.64505 -61.24013
-63.54597 -60.89894
-63.2307 -59.60359
-62.69554 -60.24731
-63.5424 -61.43623
-63.97368 -61.19547
-62.16218 -59.87766
-62.07859 -59.05002
-62.15056 -60.2184
-61.92907 -58.48581
-60.13705 -57.08189
-60.57735 -58.56803
-61.63838 -58.9829
-61.24706 -58.91701
-60.67436 -58.1825
-61.71902 -59.39911
-63.36329 -60.62991
-63.60566 -61.4694
-64.37321 -62.80219
-66.80712 -63.54461
-66.70553 -63.54167
-67.18875 -65.08265
-67.79926 -64.80886
-66.75713 -64.11945
-66.60233 -65.15299
-67.87255 -65.17305
-68.46855 -65.48848
-68.0149 -66.86893
-68.19831 -66.00865
-68.672 -65.94117
-70.35785 -66.34124
-71.38469 -69.1379
-71.65943 -69.40171
-71.25534 -68.68012
-69.59932 -67.69526
-69.3167 -66.66907
-69.27344 -67.56486
-69.00783 -65.97851
-67.24278 -65.03015
-66.27734 -63.84432
-67.01534 -64.3793
-66.20368 -63.4325
-65.3732 -63.94176
-64.43323 -62.50723
-64.85123 -62.50999
-64.70352 -61.90026
-64.91395 -62.32307
-65.85222 -63.51636
-66.43771 -63.82339
-64.70414 -63.0553
-63.93979 -61.56425
-62.62299 -60.10402
-60.62726 -58.33005
-60.85927 -58.51827
-60.81802 -58.69771
-58.98569 -55.04973
-58.45592 -56.03411
-57.83258 -55.32572
-57.41057 -55.36136
-58.44798 -55.21006
-56.48066 -53.95261
-54.71525 -52.82842
-53.73444 -51.54825
-53.47092 -51.6945
-55.37771 -51.57198
-53.47697 -51.92687
-54.42375 -51.79215
-54.90391 -53.22951
-54.18374 -52.78095
-54.59094 -52.45539
-53.39248 -51.33824
-52.23996 -50.66345
-53.56924 -51.51015
-53.66136 -51.11178
-53.16191 -51.01993
-52.712 -50.85272
-53.33912 -50.91114
-54.32049 -51.25917
-54.82575 -52.16802
-54.84285 -51.39209
-54.93094 -52.76605
-55.21311 -52.605
-56.74651 -54.58629
-57.13735 -55.8029
-58.39354 -55.40672
-59.25271 -57.35158
-60.15771 -57.80924
-61.31201 -58.66502
-59.82285 -58.05995
-59.34398 -57.48714
-61.39573 -58.80415
-62.26536 -60.02728
-61.36667 -59.04055
-61.2937 -59.0319
-62.47309 -60.12269
-62.66399 -60.41397
-62.80762 -60.46203
-64.48274 -61.67357
-64.60067 -63.09222
-65.82827 -62.80203
-65.26638 -63.05099
-63.64016 -61.37158
-64.55818 -62.88934
-64.61685 -62.12469
-63.91923 -61.23272
-63.94896 -61.07345
-63.65746 -62.30156
-63.41521 -60.92386
-64.41893 -61.39278
-63.63092 -61.00022
-62.10088 -59.52191
-62.0757 -59.85521
-59.60981 -57.53368
-60.45019 -57.20474
-60.24113 -58.11367
-60.58102 -58.55311
-61.46588 -59.34667
-63.124 -60.94376
-63.18276 -60.46878
-63.1393 -61.797
-64.42003 -61.81712
-64.48405 -61.94926
-63.22316 -61.36683
-63.87849 -61.70954
-64.98225 -63.14997
-64.60743 -62.11471
-64.85971 -62.17136
-65.06698 -62.25234
-63.50776 -60.96057
-63.66331 -60.34329
-63.22319 -61.65856
-65.42488 -63.29199
-66.14069 -64.09736
-65.74589 -63.79682
-65.48875 -61.89637
-63.3542 -61.13745
-64.25223 -62.1225
-63.20631 -61.50532
-62.51562 -60.01754
-62.66099 -59.92448
-62.23152 -59.10271
-62.34683 -59.8887
-65.67158 -62.53639
-66.31718 -64.66683
-65.63305 -63.68753
-66.24958 -63.72369
-65.70707 -62.71747
-66.00281 -62.18381
-64.08914 -61.72534
-63.47213 -61.41444
-63.83508 -62.70938
-63.72771 -60.70283
-64.84305 -62.46483
-65.70827 -63.43798
-63.9895 -61.95349
-64.69884 -61.52913
-62.98547 -60.60325
-62.79711 -60.11354
-64.92915 -62.31785
-65.16867 -62.43997
-65.17614 -62.72102
-64.54606 -62.62199
-65.70062 -64.19605
-67.47339 -63.80678
-66.36519 -64.04949
-67.07949 -64.98965
-66.92995 -64.68794
-67.68161 -65.57028
-67.63205 -64.56913
-68.51342 -66.34932
-68.41463 -65.80515
-68.272 -65.39328
-68.45624 -65.67694
-67.62906 -65.03738
-67.61272 -65.21637
-67.37207 -65.47052
-68.17268 -65.28358
-68.69019 -65.96222
-68.96657 -66.70945
-68.37419 -65.03912
-67.22158 -65.00446
-66.23609 -63.77398
-65.41831 -63.36579
-65.16846 -62.78214
-65.0622 -62.59638
-65.15326 -62.13695
-64.51875 -61.85709
-64.15493 -60.43131
-66.75451 -64.4646
-67.8396 -64.31933
-65.66862 -63.85038
-67.19514 -64.34831
-65.81232 -63.5485
-65.59471 -63.41962
-65.80497 -64.67446
-64.83292 -62.64994
-62.36326 -60.11178
-60.68444 -59.64694
-61.83353 -59.82295
-60.75326 -59.83777
-60.89729 -59.85993
-59.96334 -58.25291
-60.7208 -57.66782
-60.04066 -57.83595
-59.72573 -57.82555
-60.53847 -58.68823
-61.23689 -58.2926
-59.69895 -58.05642
-59.78493 -56.95189
-60.1682 -57.72509
-59.63549 -56.4979
-59.0709 -56.8369
-58.65853 -56.42509
-58.84251 -56.408
-58.63707 -56.15873
-58.88046 -55.55282
-58.41908 -56.40262
-58.58083 -55.76619
-59.50919 -55.75399
-58.29082 -55.9131
-58.56222 -55.54394
-57.25394 -55.13731
-56.31045 -54.72189
-58.14289 -55.20716
-58.72979 -56.5522
-59.48972 -55.29412
-57.86951 -55.28728
-58.77114 -55.63326
-58.47915 -55.67465
-59.10365 -57.08897
-59.88562 -56.16141
-58.46569 -55.97691
-59.9827 -57.44659
-59.66772 -56.54681
-59.17746 -56.43583
-60.85202 -57.68613
-59.78599 -57.21574
-59.88009 -58.29155
-59.45095 -57.0791
-60.29875 -58.56912
-60.72461 -59.06282
-60.95447 -58.36991
-59.96628 -58.11497
-59.141 -57.13183
-59.43698 -57.65919
-60.53105 -58.0733
-61.68909 -58.77549
-61.36715 -60.0182
-62.51027 -59.91235
-61.65001 -57.62515
-61.14027 -59.14611
-60.48925 -58.3263
-60.56524 -58.90295
-59.11808 -57.44082
-59.71283 -57.51116
-59.41786 -56.94782
-59.16625 -56.65244
-57.30421 -56.43397
-58.82083 -56.01247
-57.99595 -54.72549
-57.10884 -55.45946
-57.78647 -55.00655
-56.14269 -53.28832
-55.25779 -53.31741
-55.57663 -52.96213
-54.68137 -52.00001
-54.74293 -52.54935
-55.5489 -53.31849
-54.87876 -51.92716
-53.70956 -51.60734
-54.7484 -52.84604
-54.469 -52.37115
-54.26009 -51.97289
-54.62656 -51.90994
-53.52273 -51.89079
-54.92348 -52.06127
-54.68381 -52.03494
-56.25885 -53.3298
-55.42656 -54.01381
-56.85033 -53.70956
-56.18069 -53.38599
-56.13853 -53.9963
-57.69777 -55.32075
-58.82792 -55.87208
-58.63078 -57.16604
-59.5342 -56.84249
-59.20873 -56.79589
-58.55666 -56.23633
-58.3132 -56.50218
-57.52436 -55.51793
-58.33731 -55.83521
-57.90857 -54.28131
-56.08924 -53.8167
-56.51909 -54.20814
-57.33991 -55.02927
-57.72284 -54.62619
-58.65769 -56.38679
-58.5217 -56.12819
-57.46908 -55.19585
-58.70413 -55.06203
-59.04333 -55.65455
-58.11323 -55.10352
-59.69045 -57.78255
-59.23182 -57.01386
-58.34448 -55.40489
-58.66945 -56.30353
-58.09774 -55.95658
-59.00828 -57.2487
-59.33413 -56.44903
-57.91529 -55.78847
-57.70184 -55.05851
-58.12528 -56.3175
-57.29729 -54.75567
-56.85299 -53.74843
-55.97545 -53.57697
-56.10106 -53.12774
-56.82557 -54.08076
-56.5633 -52.93025
-54.82234 -52.60768
-56.02004 -53.60414
-56.42537 -54.31348
-58.60756 -55.97295
-57.77476 -56.21752
-58.49481 -56.89482
-59.46321 -56.19458
-59.76906 -56.26983
-58.80353 -57.03148
-58.61363 -56.4764
-56.83548 -54.45784
-56.65801 -53.46096
-55.24268 -53.28115
-55.98709 -53.26212
-56.10202 -54.6833
-56.12647 -54.27052
-56.60967 -54.41271
-56.59732 -54.21182
-55.42536 -54.0679
-56.82729 -53.11605
-56.9503 -54.3481
-58.44275 -56.15033
-58.96369 -56.50911
-59.31141 -56.76309
-59.83652 -57.92565
-60.81597 -57.60718
-61.54999 -59.43242
-61.07989 -58.43001
-61.79164 -59.27198
-62.33035 -60.06179
-62.96373 -60.31974
-62.21738 -60.57251
-63.02207 -61.44505
-63.81358 -61.75491
-63.1614 -61.30431
-65.75959 -64.62178
-65.73785 -65.15185
-67.39033 -65.28432
-65.72742 -63.976
-66.39773 -63.38929
-64.69337 -62.90476
-64.12576 -61.98409
-64.79844 -61.68098
-65.33913 -63.04563
-64.63177 -62.31964
-64.66757 -62.88541
-62.8551 -60.31104
-61.442 -60.39505
-60.82073 -57.49504
-59.56015 -56.51029
-60.0338 -58.13995
-61.48733 -59.80171
-61.32397 -58.94093
-62.08519 -59.14081
-60.58297 -58.72998
-60.64028 -57.71326
-60.73045 -57.37879
-60.88611 -58.62163
-60.76848 -58.4351
-60.19331 -57.00086
-58.97964 -56.78782
-59.48526 -56.49001
-58.64962 -56.16216
-59.69977 -56.76791
-58.94389 -57.67159
-59.17105 -57.02933
-58.81382 -57.02215
-61.6886 -59.48932
-61.28251 -57.59413
-61.63591 -58.57951
-61.31941 -59.75414
-61.95717 -58.90895
-62.30932 -59.26674
-61.74379 -58.81656
-61.07067 -58.01059
-60.64492 -58.03152
-60.77269 -58.17226
-61.05057 -58.95098
-63.10118 -60.35235
-63.16009 -60.52254
-61.62768 -60.25752
-62.24725 -59.9841
-61.47592 -59.21588
-60.67008 -57.3919
-58.99835 -56.72199
-60.47307 -57.92932
-59.50964 -57.97765
-58.14358 -55.91485
-56.9152 -54.78629
-56.77326 -54.25308
-57.49059 -54.79456
-57.76751 -55.20404
-57.33798 -55.86607
-56.93405 -55.3627
-57.39997 -54.41327
-59.01403 -55.79585
-58.182 -54.23279
-56.53425 -54.44933
-56.6442 -53.40312
-56.82834 -53.34041
-56.24427 -53.86403
-54.62035 -51.99974
-54.99838 -52.81943
-54.68832 -51.71684
-54.83818 -51.83143
-54.27658 -51.6919
-54.05748 -50.93535
-54.76286 -53.51462
-56.92179 -54.46273
-56.0939 -54.6091
-55.71769 -53.75987
-56.01107 -53.04247
-54.53626 -52.19453
-54.63468 -53.04022
-55.47939 -53.05652
-55.09512 -52.07586
-54.7534 -52.44952
-54.4531 -52.31788
-53.07688 -50.5294
-53.56283 -50.77465
-54.83998 -51.52755
-53.9941 -52.01517
-53.4689 -49.95274
-52.93187 -50.51646
-53.4679 -51.07868
-53.2783 -50.50755
-53.62914 -51.5477
-53.67707 -51.98448
-53.62047 -51.0406
-52.08828 -49.86706
-53.24521 -50.56289
-54.74506 -52.09448
-54.33164 -52.23863
-54.34017 -51.6227
-54.23505 -51.88193
-54.94211 -52.62124
-55.50032 -52.37899
-56.72181 -54.07276
-56.48528 -53.94386
-57.50957 -54.40731
-56.87903 -54.91157
-57.20157 -54.44764
-56.38075 -54.22866
-56.17565 -53.68332
-55.93908 -53.34615
-55.62191 -51.91348
-54.13592 -53.21843
-55.46215 -53.79911
-56.7151 -54.17425
-56.29163 -54.54731
-56.41729 -54.25481
-59.24439 -55.71213
-58.996 -56.60834
-60.39624 -58.48447
-59.68099 -57.9844
-59.1463 -57.62707
-60.39743 -58.62932
-62.18776 -58.99125
-62.09568 -59.41998
-62.44137 -59.93891
-61.82414 -59.51167
-63.13803 -59.34597
-61.95273 -59.28355
-61.738 -59.80843
-63.12332 -60.29726
-61.01234 -58.44872
-61.88234 -59.02914
-62.46985 -60.19107
-63.6403 -61.88293
-63.79392 -61.94215
-64.62737 -61.62814
-63.04008 -61.51365
-64.2106 -61.27301
-63.55151 -60.29457
-63.10676 -60.7219
-63.14558 -59.37255
-61.8929 -59.60313
-61.59264 -59.25311
-62.54701 -59.82539
-62.99787 -60.62481
-64.26569 -62.36506
-64.00403 -62.90255
-65.11344 -62.87594
-64.94985 -63.0841
-64.19002 -61.75535
-65.91912 -64.12608
-65.95715 -63.01703
-65.80758 -63.46419
-65.49963 -63.73695
-67.10603 -64.70818
-67.0624 -63.9285
-66.69329 -64.31883
-67.16634 -64.20405
-65.60249 -62.87636
-66.00978 -63.55424
-66.09968 -62.446
-65.1062 -62.78288
-63.67473 -62.35425
-65.77822 -63.98201
-66.3864 -63.86468
-67.79242 -64.93195
-67.13752 -65.0282
-65.56478 -63.16618
-64.25201 -61.65981
-64.24827 -63.22244
-63.57356 -61.93861
-62.90081 -60.20759
-62.48484 -59.89127
-62.61755 -60.49539
-63.73826 -61.0814
-63.49246 -61.36065
-63.5064 -60.74887
-63.24604 -60.44978
-64.05539 -62.20945
-63.73283 -60.90263
-63.2052 -60.10221
-63.42257 -62.36799
-63.35022 -61.45752
-65.09959 -61.47185
-62.99777 -61.22021
-62.81375 -60.4902
-63.05631 -61.08135
-61.67602 -59.77812
-63.25346 -59.57792
-63.11546 -60.53059
-63.85944 -62.00747
-63.69737 -62.29542
-64.53262 -62.4378
-64.44995 -61.56196
-63.13423 -61.56919
-65.31032 -62.31468
-65.52448 -63.40945
-64.12673 -61.91335
-64.93057 -61.6806
-65.13085 -62.2302
-65.39962 -63.46077
-66.07561 -63.67263
-66.02651 -63.43189
-65.20415 -62.67758
-65.39206 -62.81367
-67.06509 -64.90158
-67.68268 -65.57209
-69.75885 -67.5972
-71.07848 -68.70317
-71.22863 -68.69008
-71.3287 -69.11663
-72.56187 -70.57975
-72.1703 -69.69118
-71.66526 -69.0351
-70.33657 -66.79555
-69.82888 -67.47908
-70.22729 -67.58717
-69.93744 -68.29181
-70.79074 -68.51816
-70.0406 -68.17379
-71.03352 -68.03472
-69.86283 -67.41959
-69.87751 -67.36794
-70.18125 -66.9368
-71.00978 -67.94805
-70.08118 -68.3706
-70.63974 -68.59769
-69.10879 -67.16943
-68.98251 -65.46875
-69.93818 -66.59277
-68.9109 -65.82892
-66.88292 -63.88366
-66.72766 -64.69678
-67.41528 -64.22786
-67.10632 -64.5088
-68.80054 -65.81289
-70.18897 -68.1426
-70.80404 -68.44673
-69.81531 -67.70838
-69.57299 -67.23106
-68.98883 -67.20965
-69.40013 -67.00333
-70.64567 -67.51372
-70.19387 -67.27764
-70.62404 -67.995
-70.71223 -68.31723
-69.75604 -67.51477
-69.45987 -67.03649
-70.34467 -67.53974
-69.95062 -67.96208
-69.34662 -66.18722
-68.00126 -65.53443
-69.00979 -66.38851
-69.71822 -67.32696
-69.73276 -67.18581
-68.86145 -67.12589
-68.87105 -65.83665
-68.26495 -65.5079
-67.81934 -65.86587
-68.35427 -66.02068
-68.62242 -67.02329
-70.23648 -67.01798
-70.49776 -67.77988
-70.61021 -67.91519
-71.00874 -67.89699
-72.24682 -69.32302
-71.422 -68.24149
-69.43067 -66.52017
-68.78674 -65.56213
-66.64577 -64.56366
-66.69282 -64.28037
-68.75845 -66.04745
-69.1646 -66.15497
-69.85552 -66.85525
-69.74022 -67.0812
-70.04814 -67.83254
-70.67101 -67.84962
-70.64172 -66.92898
-70.86506 -68.01869
-70.96664 -69.3223
-72.46662 -69.62702
-72.47765 -70.41944
-72.67805 -70.68497
-73.76717 -71.03545
-74.66067 -72.62115
-73.28724 -70.78266
-73.49993 -71.11737
-72.57003 -70.24528
-72.49052 -70.59939
-75.47537 -72.12827
-74.58192 -72.85877
-75.09457 -72.7346
-75.53632 -73.21353
-76.72517 -73.1641
-75.07703 -73.80148
-76.84332 -73.16827
-75.11162 -72.87097
-76.35499 -73.3663
-75.98741 -74.49014
-76.38533 -73.62326
-75.28305 -73.84256
-77.00401 -73.72411
-76.72715 -74.15375
-77.18848 -74.18733
-76.4159 -74.00491
-76.54179 -73.39916
-75.9229 -74.01781
-76.82826 -75.22209
-77.52676 -74.42856
-77.70058 -75.22457
-77.4698 -74.20091
-76.90531 -74.49133
-77.53619 -74.9384
-77.52347 -74.93412
-76.85406 -74.65877
-78.43055 -74.73364
-77.58237 -74.83373
-76.76257 -74.25148
-76.13201 -74.11426
-74.85125 -73.35088
-73.82512 -72.35125
-74.43719 -72.72754
-75.68552 -73.63008
-74.82804 -72.89969
-74.53067 -71.39061
-74.2207 -71.35496
-73.97404 -71.70691
-74.06736 -71.41378
-74.31362 -70.72856
-73.27347 -70.91572
-74.45244 -71.95229
-74.6082 -72.76508
-75.63464 -73.42403
-76.30686 -74.70705
-77.27204 -74.3494
-78.64254 -76.38413
-77.60985 -74.28791
-76.60715 -73.8632
-76.58201 -74.29392
-75.52266 -74.20166
-75.81337 -73.17783
-75.90669 -73.62947
-75.54815 -73.85227
-74.95455 -72.39317
-75.94744 -74.01941
-75.86108 -74.24388
-76.36824 -73.45865
-77.03668 -74.2864
-79.02868 -75.97066
-77.53877 -75.88838
-78.42029 -75.90189
-79.33396 -75.76993
-78.193 -75.93292
-77.89123 -76.28487
-77.37386 -74.75695
-77.14702 -75.16074
-78.55589 -76.0624
-77.06363 -74.57517
-78.64471 -76.78042
-79.80916 -75.92214
-79.43648 -77.72454
-78.951 -77.65576
-79.1932 -76.39001
-78.36204 -75.60571
-78.60526 -76.09193
-77.84293 -75.25844
-78.47752 -75.78602
-79.61952 -77.1129
-78.88376 -77.26624
-80.56542 -76.87636
-78.61417 -76.12552
-77.52697 -74.6421
-77.57844 -74.55826
-77.36676 -75.64013
-78.39625 -76.11665
-78.09289 -76.33263
-78.60665 -75.97642
-78.56155 -76.7486
-79.17873 -76.52001
-78.12797 -76.14898
-78.56913 -76.23362
-80.38105 -77.36264
-80.03313 -77.47102
-78.52735 -76.86079
-78.90101 -77.13623
-79.15812 -75.96948
-79.16971 -76.63365
-80.79738 -78.44144
-80.8256 -78.59514
-81.83657 -80.04313
-82.07523 -79.35292
-81.5007 -79.89829
-81.8296 -79.24899
-82.20064 -80.03084
-82.37746 -80.60694
-82.52913 -79.16154
-82.5866 -80.93076
-83.03396 -80.97048
-84.60046 -81.88757
-85.60902 -82.03329
-84.65719 -82.51306
-85.40476 -83.64417
-85.3134 -82.86568
-85.28835 -82.97653
-86.72571 -83.87355
-86.01823 -83.72048
-86.98778 -84.50661
-87.41542 -84.87854
-88.17972 -85.63846
-87.30907 -85.42203
-88.15851 -85.74157
-87.65028 -84.74718
-86.48944 -82.83782
-85.25556 -82.2196
-85.69595 -83.8098
-85.74004 -83.78077
-87.2434 -84.17669
-86.60407 -83.70677
-87.32073 -85.27944
-87.11786 -85.24268
-86.56592 -85.37591
-87.86567 -84.69956
-85.65698 -83.59459
-86.04136 -83.20961
-86.38588 -85.71428
-86.41365 -85.71406
-88.56109 -85.90043
-88.89564 -86.14573
-87.49244 -85.64466
-89.11353 -86.8577
-88.86764 -85.96094
-89.77444 -86.95306
-88.66279 -87.00067
-89.33978 -86.30638
-89.97802 -86.22649
-87.79808 -86.28379
-87.32224 -85.10051
-88.27892 -86.3936
-89.91074 -86.42235
-87.3082 -85.32056
-85.76323 -83.37973
-86.55148 -83.7832
-86.83603 -84.18575
-86.94499 -84.07279
-88.03729 -85.051
-87.85674 -86.34498
-89.11925 -86.22961
-89.99211 -87.3807
-90.92574 -88.69327
-89.48247 -87.8608
-90.11321 -87.61076
-90.61113 -88.27756
-89.08943 -87.78688
-89.667 -86.15737
-87.96877 -85.32358
-87.84998 -85.42184
-88.20516 -86.33674
-88.6192 -86.3397
-89.13165 -86.70893
-87.831 -86.03942
-88.20707 -86.60805
-87.73374 -85.7269
-88.26123 -85.62732
-89.1451 -85.87926
-90.02483 -86.41934
-89.27568 -87.36199
-90.48784 -87.58223
-90.97637 -87.99884
-90.46694 -88.0549
-89.74901 -86.82093
-90.34927 -87.90357
-92.20243 -89.613
-91.78464 -89.75065
-90.41719 -88.67997
-90.68508 -88.83124
-91.47772 -88.08481
-91.58971 -88.17161
-92.30176 -90.45947
-93.34406 -91.09773
-92.77263 -90.08555
-93.27691 -89.77616
-92.78979 -91.11511
-93.24847 -91.17809
-92.78489 -89.1551
-93.27886 -91.01433
-93.22198 -91.49178
-94.9892 -92.74873
-96.95383 -95.10603
-98.13916 -95.65363
-99.11462 -96.50388
-99.30458 -95.91415
-98.75178 -96.2836
-98.16141 -96.20945
-99.06539 -97.04249
-100.5623 -97.86259
-100.2376 -97.60045
-99.40136 -97.30287
-100.0446 -97.68017
-99.81688 -97.2844
-100.6919 -98.95388
-100.6098 -98.16954
-100.2509 -98.56325
-100.9783 -98.01202
-100.7414 -97.65789
-102.1076 -99.56614
-101.4855 -99.99193
-101.3964 -98.63331
-101.5256 -99.64889
-101.5733 -99.26736
-101.2164 -98.92072
-102.4099 -99.51945
-102.6554 -100.1577
-102.3919 -99.53638
-103.4137 -100.679
-103.7813 -101.1919
-102.5589 -100.7237
-103.2624 -101.4137
-101.0859 -99.14961
-99.9282 -97.60902
-99.22409 -97.23788
-97.20621 -95.1866
-97.77707 -95.90388
-98.21977 -95.34467
-98.96749 -96.14595
-96.95424 -94.76724
-96.70131 -95.65754
-96.76434 -94.67271
-95.57278 -93.78718
-95.58765 -93.76467
-97.02247 -94.15901
-98.25188 -95.16716
-98.71133 -94.8466
-99.35435 -96.85376
-98.04193 -95.19597
-97.21849 -93.2995
-96.18867 -94.42984
-94.56295 -92.89553
-94.34886 -92.04227
-95.55831 -92.16278
-95.26776 -92.58701
-93.48173 -92.49081
-95.30118 -92.79641
-95.61533 -93.01927
-96.34902 -92.47259
-96.08894 -93.754
-96.57143 -94.347
-96.7068 -93.99724
-97.39068 -94.71797
-96.99038 -94.41064
-96.59234 -94.42928
-97.19375 -94.9634
-97.86444 -96.26196
-97.51078 -95.22003
-96.43615 -94.30471
-96.61446 -93.49233
-94.45788 -93.41578
-94.06523 -92.24039
-93.10103 -90.80322
-94.2424 -91.96164
-94.00571 -90.43918
-92.6886 -89.89827
-91.43954 -89.35342
-92.03259 -89.63542
-92.1961 -89.94683
-92.56421 -90.20355
-91.69916 -89.5466
-92.60943 -89.67872
-91.7475 -89.91358
-92.0162 -89.40035
-91.08572 -88.32077
-90.89737 -88.55356
-90.39337 -87.94037
-91.39676 -90.0205
-91.98606 -89.71037
-93.45435 -89.97708
-92.92497 -91.46358
-92.34047 -90.48736
-92.82079 -89.42732
-91.8103 -89.38026
-91.06903 -87.61732
-88.68046 -86.25754
-89.84684 -87.24811
-90.64667 -88.36021
-90.49611 -88.72014
-90.68434 -88.43911
-90.7751 -89.09609
-90.02556 -87.61355
-90.13866 -87.51359
-88.99684 -87.89075
-89.22217 -86.06256
-87.88282 -85.73245
-88.69352 -86.55098
-88.34259 -87.00184
-89.92656 -87.78819
-90.48134 -88.51457
-90.50446 -89.20074
-90.83701 -89.18767
-91.79877 -89.81921
-92.62219 -89.58596
-92.3413 -89.39175
-93.87833 -91.62408
-93.45378 -91.32748
-93.2927 -90.91657
-95.58231 -93.94089
-93.82489 -91.40795
-93.16683 -91.00591
-94.12055 -91.74597
-93.5477 -92.20683
-95.21915 -92.59412
-96.39381 -94.21002
-96.91358 -94.47869
-97.17993 -94.76296
-97.09456 -94.72444
-97.54677 -95.37289
-97.71416 -94.42777
-96.28447 -94.42301
-96.77554 -94.78071
-95.03853 -92.2368
-94.04883 -92.5437
-94.29882 -92.30154
-95.87445 -92.70959
-95.46881 -92.58962
-94.74657 -90.98444
-94.3013 -91.49113
-93.7451 -90.73703
-93.16117 -90.7931
-93.43184 -91.35533
-93.8562 -91.47712
-93.82836 -91.27536
-92.19827 -89.61542
-90.64931 -88.65645
-90.59325 -88.51652
-90.31402 -86.98733
-89.7232 -87.45281
-89.62911 -86.90054
-88.56325 -85.71812
-87.08777 -84.74187
-86.51565 -84.29249
-86.37326 -84.33149
-87.25593 -84.82729
-86.31141 -84.65325
-86.91654 -83.9969
-85.7086 -84.05263
-85.60669 -83.11628
-85.5621 -84.33593
-85.93799 -83.73479
-85.78608 -83.07005
-85.23515 -83.19772
-85.10547 -82.76747
-85.51688 -82.31566
-85.68283 -83.54619
-86.43246 -84.32771
-87.31797 -84.65621
-88.38545 -85.8138
-89.66726 -86.88229
-89.77109 -87.60339
-90.53268 -88.0343
-90.60381 -88.4442
-90.54917 -88.06662
-91.09522 -87.12659
-90.11332 -87.96925
-89.6526 -87.37637
-90.00004 -86.8294
-89.24436 -86.55681
-87.46631 -85.41714
-87.18249 -84.3012
-87.05439 -85.28034
-86.67626 -84.58915
-85.41984 -83.77985
-85.33442 -83.09277
-86.38751 -83.80705
-86.52815 -85.15786
-87.25713 -84.56961
-87.67859 -86.30413
-88.0106 -86.81458
-86.46059 -85.53259
-86.94392 -84.87401
-86.03143 -84.09129
-85.918 -84.78184
-86.92394 -83.90979
-85.37524 -82.63133
-86.36238 -83.82332
-85.30199 -84.03295
-85.76186 -83.18017
-86.98097 -84.3224
-85.88605 -82.63475
-84.75464 -83.07885
-85.82623 -82.44628
-86.4699 -83.40596
-86.37751 -84.3572
-85.4303 -83.51155
-86.04235 -82.40333
-84.90911 -82.60337
-83.15864 -81.01604
-83.27253 -81.08219
-83.61087 -81.10884
-82.80899 -80.13547
-82.26361 -80.29055
-82.58003 -80.15723
-81.51342 -79.30984
-83.82125 -82.02551
-83.69881 -81.6894
-85.23141 -82.1881
-83.95282 -81.35389
-82.40315 -79.463
-82.71227 -80.57172
-81.27514 -79.40179
-81.74542 -79.67988
-82.1315 -79.81424
-82.61219 -79.45023
-80.3883 -78.21307
-80.30442 -77.89682
-80.50806 -77.50244
-79.51146 -76.67227
-79.27542 -76.64114
-79.74006 -77.67134
-80.34901 -78.16735
-80.31338 -77.94419
-79.78161 -76.90425
-79.25016 -76.74934
-79.06177 -77.72926
-80.48824 -78.61473
-81.58863 -79.60871
-80.93707 -79.60695
-79.35343 -77.66984
-79.95988 -78.19417
-80.48732 -78.51009
-78.95084 -76.76257
-79.45682 -75.99935
-80.24063 -76.54985
-78.64808 -76.13724
-76.92222 -75.58996
-78.6917 -75.93168
-78.86023 -76.45431
-77.78838 -75.16861
-78.3577 -76.31431
-77.49685 -76.02779
-78.28735 -75.29859
-77.45333 -75.51721
-76.36642 -73.18794
-74.84073 -73.01958
-73.9701 -72.52914
-73.92834 -72.66491
-74.9392 -73.1699
-75.75702 -73.32163
-75.90692 -73.23241
-75.13623 -73.33856
-76.14116 -73.26059
-77.72119 -75.86142
-77.30497 -75.51026
-77.77492 -75.06863
-77.7082 -75.56318
-78.08346 -74.75643
-77.07063 -73.95939
-78.08037 -75.2672
-78.22128 -75.89183
-78.98159 -76.52613
-79.91877 -77.72165
-80.80831 -79.01031
-81.75865 -79.77606
-81.62504 -78.97564
-81.68938 -79.01266
-82.39692 -80.4663
-81.90811 -80.34022
-81.37959 -79.85032
-83.46404 -80.41403
-84.10001 -81.14052
-83.96475 -80.70103
-84.29779 -80.95445
-81.31882 -79.51105
-81.01467 -79.94466
-80.5947 -78.5232
-80.68868 -77.78826
-81.05418 -78.69994
-80.52628 -77.77936
-80.94353 -78.38781
-79.34293 -77.20843
-78.69947 -77.26761
-79.7507 -78.07149
-81.28149 -77.78822
-80.0111 -78.32561
-78.42313 -75.95349
-79.17085 -77.73766
-79.82172 -77.71971
-79.8444 -77.24996
-79.63026 -77.98341
-78.08025 -76.65649
-78.42533 -75.85187
-76.88454 -73.7544
-75.59344 -73.9397
-74.82326 -72.42622
-74.27331 -72.62446
-74.06111 -72.82521
-75.2585 -72.69127
-75.24778 -72.92855
-73.72975 -71.55468
-72.44159 -70.96507
-72.23163 -70.21936
-71.45935 -68.8969
-70.60071 -68.98079
-71.27669 -68.46291
-72.70953 -70.42147
-72.05344 -69.2819
-72.5444 -69.51885
-73.93306 -70.96003
-71.88812 -69.53128
-71.32125 -68.83389
-70.7987 -68.88789
-70.27095 -67.45409
-71.46119 -69.57376
-72.5058 -71.0024
-72.29023 -70.3583
-73.14444 -71.44977
-73.9448 -71.53219
-73.22861 -70.54705
-73.72683 -71.35089
-73.41131 -71.17053
-71.63664 -69.78567
-72.36311 -70.39402
-72.84307 -70.61529
-72.88364 -70.94525
-74.09868 -72.13899
-76.00378 -74.49744
-75.44475 -72.95476
-75.80949 -72.81827
-75.18805 -73.04992
-75.12811 -72.76364
-74.63077 -71.3037
-76.10626 -72.4818
-76.64072 -73.9691
-76.29504 -74.66679
-76.49366 -74.61881
-76.82304 -74.01694
-75.9737 -74.0526
-75.87099 -73.95588
-75.29873 -73.88089
-74.86328 -72.64437
-74.96011 -73.04153
-74.11214 -71.27074
-73.51039 -71.063
-73.2698 -71.55991
-73.90297 -71.08794
-74.509 -72.11982
-74.14846 -72.2956
-73.85362 -72.13917
-74.93008 -71.90609
-74.46652 -71.01503
-72.69783 -70.14853
-71.72326 -68.92635
-73.19653 -69.82077
-73.43714 -72.04305
-72.52765 -70.34547
-73.95932 -70.88813
-73.62283 -72.56798
-75.35604 -73.00495
-73.977 -71.23649
-72.87633 -70.02001
-72.18348 -70.20748
-71.27336 -68.96929
-71.64754 -69.99286
-71.47657 -68.66286
-71.08549 -68.35346
-70.84913 -68.64404
-70.86379 -69.41917
-70.80627 -68.18072
-71.96873 -69.33097
-73.28461 -69.80801
-72.00005 -70.25723
-74.17199 -71.84578
-75.1435 -71.70698
-74.33063 -72.93294
-75.33852 -73.0511
-75.59485 -72.95223
-77.35121 -74.55841
-75.95518 -72.86217
-75.73774 -73.03172
-74.60291 -71.90514
-73.93468 -72.27545
-74.61083 -73.18801
-74.88911 -72.45388
-72.54427 -70.68321
-72.28124 -70.86566
-71.17958 -68.7972
-72.01585 -69.93693
-73.5084 -70.76256
-73.33264 -71.17866
-72.66449 -70.30156
-74.34965 -71.3745
-74.72293 -72.25252
-75.20854 -72.92198
-76.06684 -72.64649
-76.2608 -73.73209
-76.6529 -73.80483
-77.86384 -75.83809
-79.53074 -76.55297
-78.59013 -77.0835
-79.31265 -77.85537
-80.82897 -78.44333
-80.61602 -79.15831
-79.20673 -77.23428
-81.10615 -78.44725
-81.67641 -79.9486
-81.0713 -79.57886
-79.0898 -76.97428
-79.5298 -77.17728
-78.40369 -76.96456
-79.38081 -76.48083
-77.37265 -76.21044
-76.75377 -75.09861
-78.31795 -75.96626
-79.62992 -76.71078
-79.08225 -76.15967
-79.47825 -76.4806
-78.17734 -76.31274
-78.89384 -76.78282
-76.44514 -74.09825
-76.80385 -74.23091
-76.8353 -74.5989
-77.29918 -75.50093
-78.30798 -75.20519
-77.99459 -75.79172
-76.35148 -74.36384
-76.95613 -74.7377
-75.82551 -74.10281
-77.20694 -72.72792
-76.0324 -72.88038
-75.382 -74.37684
-73.76913 -72.72149
-73.41591 -71.26295
-72.9895 -71.09894
-72.02671 -69.39466
-72.70328 -70.77204
-73.46985 -71.9249
-74.86102 -71.46833
-73.25337 -70.18603
-73.45417 -71.39898
-74.88141 -72.86213
-75.11174 -72.57655
-75.50082 -73.06584
-75.28969 -73.5471
-77.82907 -74.99938
-77.71182 -75.71851
-77.27544 -75.4828
-76.945 -74.81062
-75.57532 -72.01529
-74.50626 -73.02755
-74.58682 -73.19259
-75.52979 -72.99074
-74.58637 -71.89735
-73.15936 -70.77642
-73.30647 -70.40177
-74.86738 -71.87225
-74.93417 -72.68402
-75.31074 -72.53257
-74.45183 -71.46991
-74.90511 -72.46229
-75.62752 -74.90294
-77.75536 -76.01218
-78.00705 -74.15875
-77.14754 -74.11686
-77.5898 -75.77973
-78.45664 -75.44025
-75.56649 -73.77276
-76.37018 -73.69922
-75.39783 -72.61774
-72.88551 -70.81749
-72.98602 -70.85492
-73.00659 -71.15687
-72.64247 -70.34919
-72.35805 -70.25808
-70.88592 -68.37112
-71.08112 -68.18695
-69.78274 -68.11853
-70.49969 -68.04942
-71.00344 -68.33737
-71.03615 -68.43735
-72.32037 -69.89925
-72.33771 -69.05511
-71.99273 -68.26005
-72.26521 -70.03868
-72.09892 -69.47387
-70.0367 -69.00626
-70.26566 -67.18832
-70.36841 -67.99458
-70.54117 -68.09679
-71.25773 -67.77919
-69.12787 -66.51096
-70.23269 -67.09715
-69.55666 -67.41673
-70.77921 -67.32489
-71.53346 -67.94966
-72.93744 -70.08408
-70.48556 -67.99111
-71.22146 -67.76912
-71.17166 -68.90784
-70.76625 -68.33407
-71.97701 -68.42785
-70.33114 -67.87584
-70.42601 -67.95608
-71.09888 -68.0194
-71.09147 -68.24853
-70.60327 -67.77668
-70.13632 -67.25823
-68.38932 -66.61076
-69.17826 -67.38369
-68.77237 -67.15599
-68.69824 -66.58387
-69.07533 -65.51521
-69.71235 -67.61475
-66.94843 -65.50946
-67.62456 -64.47659
-67.99677 -65.86421
-70.63737 -67.57839
-70.49781 -67.76822
-68.68209 -66.28345
-69.41356 -66.79439
-69.359 -66.35291
-69.46899 -68.24351
-69.36922 -67.18696
-68.00646 -65.71516
-66.38754 -64.81103
-68.03614 -65.18034
-69.04242 -66.76009
-70.51939 -67.76279
-71.6282 -68.86775
-70.47894 -67.95439
-70.47778 -68.48276
-70.98516 -69.45788
-72.90578 -70.93636
-72.8083 -70.81934
-71.84663 -69.39509
-71.64608 -69.33175
-69.83184 -66.87986
-67.70669 -66.35193
-68.456 -67.1632
-68.93511 -67.13424
-69.21444 -66.46848
-68.29694 -66.00187
-66.90208 -65.38886
-66.64112 -65.4382
-67.04553 -64.77389
-68.56995 -65.7495
-70.34731 -68.26062
-68.92771 -66.37147
-68.38227 -66.01321
-68.24583 -65.99865
-67.15533 -65.77843
-68.1692 -65.32344
-68.14203 -65.88417
-67.04932 -64.7943
-68.31733 -64.8697
-68.15836 -65.20648
-68.25139 -65.58019
-67.50973 -66.44104
-67.85235 -64.43968
-66.68199 -64.4514
-66.59068 -64.66039
-66.16787 -63.07978
-66.84936 -63.42932
-66.25984 -63.45657
-67.09694 -63.76127
-67.30332 -65.05203
-66.68232 -64.20726
-67.82101 -66.77454
-68.58522 -65.83895
-69.08973 -66.56666
-69.81576 -67.26263
-69.06674 -66.98801
-69.23505 -67.12787
-68.43075 -67.21051
-67.61675 -65.89304
-66.70709 -65.12872
-65.70914 -64.04466
