46.20597
41.4503
36.07393
36.58306
35.39119
37.65513
37.60367
39.46387
34.84799
30.51146
31.00499
32.25228
34.20802
32.0948
34.21595
36.30262
28.56794
32.36944
29.30054
31.03279
32.52724
37.99086
37.13337
34.34916
36.45642
30.98606
34.09083
31.27305
32.38509
35.58856
29.17742
27.25592
30.1893
39.44849
32.74304
27.72555
35.39822
38.75919
36.54232
38.92313
32.82049
39.51285
32.1324
36.31539
31.11604
33.1836
33.50552
36.06418
34.95312
32.80223
31.60746
39.4341
34.84193
40.81823
37.48784
32.28238
35.5206
39.69598
34.41538
37.04867
33.92699
39.51978
35.46297
26.12222
35.51998
35.78702
33.17329
30.28891
33.20288
36.45501
34.0328
34.33977
40.23802
40.44853
37.57305
37.63953
33.94762
28.48807
38.75229
34.45456
30.90308
32.49629
37.264
30.88916
33.29568
34.13472
28.32736
32.0535
28.2463
30.85181
30.29106
38.136
38.23977
27.79254
36.65544
33.24699
36.09541
36.13807
35.87121
33.75531
28.99358
34.01778
32.28416
35.32144
40.08346
32.83079
38.51693
33.43497
35.82851
38.82629
33.02962
35.44501
31.18543
32.34069
35.07716
30.66123
35.5931
28.98885
34.77832
37.7261
36.0506
31.75646
38.88231
30.09027
32.19532
41.60403
38.28981
33.61761
32.03004
36.13781
34.15294
35.30023
35.22796
31.74434
33.27774
29.41138
29.02799
32.67806
33.8245
33.47114
36.45295
35.85033
29.53123
33.64728
34.57673
31.64847
34.00891
33.732
31.63197
32.04579
32.17649
33.84489
31.19272
32.14136
31.1457
39.40836
34.15795
32.89743
37.79603
39.71268
34.95934
37.21941
37.93023
39.42065
32.31725
36.05205
36.58505
35.90082
31.73704
32.04533
34.26169
32.53732
32.05332
31.10539
31.98496
32.03785
27.7888
34.7768
35.07749
36.80949
33.17973
34.97188
33.93368
33.96778
35.30435
37.6056
33.95846
40.13647
35.20232
33.06391
35.10798
34.25931
35.28594
42.02754
36.07541
41.82738
40.24334
32.92538
34.8674
30.51666
31.47626
31.18829
33.44692
34.52214
38.30307
30.55383
32.63135
33.62153
28.104
33.61794
36.37809
37.98847
31.55315
38.13408
37.19939
31.77123
32.10123
36.69825
34.38215
36.15244
39.59031
43.91081
40.73975
38.70862
33.85802
33.95647
35.47084
30.28234
32.60074
32.38571
33.79338
32.24619
36.30497
32.25564
32.41763
31.77354
36.73787
35.62326
35.74524
34.01311
33.78896
32.49061
30.92746
33.69793
31.19722
35.69455
35.74859
36.95628
36.58263
35.90941
35.84652
26.79635
28.22996
32.79928
33.67519
35.16122
36.35623
33.71033
32.89325
30.71922
34.07302
29.4087
32.58296
28.64123
33.24023
33.65152
29.5106
36.13181
34.05779
34.31119
36.85076
37.48838
38.71911
41.77637
37.79235
36.88747
42.0676
38.47316
41.21599
35.497
34.75042
32.86274
40.18668
28.26435
29.50808
33.99743
35.39857
33.62637
35.56207
38.85105
42.24953
41.07444
40.5839
34.23215
34.60157
33.81644
33.38299
39.52378
35.41502
41.75285
42.45568
34.57929
35.72745
36.02395
34.7409
32.97461
33.38816
37.30095
35.75446
36.51534
35.19307
30.57544
33.63601
36.76129
35.70894
32.45869
43.24481
37.82492
43.36638
37.97355
37.03908
36.7775
31.89911
31.70786
36.45822
27.58468
37.81506
28.74117
34.79859
35.78675
40.52604
40.59039
35.69835
39.70686
30.75197
32.4368
28.93347
34.36617
38.76776
34.23432
31.63625
42.36774
36.13991
35.7146
36.75863
40.9073
38.98373
34.24844
34.98407
36.57336
36.19972
36.36984
35.31612
31.32288
38.81988
37.17283
44.81365
36.93381
38.75307
39.11766
30.05836
36.43893
33.0491
36.75819
34.87387
32.66074
38.88708
42.22654
35.03458
34.6338
31.18764
33.94593
31.72005
38.38019
40.28353
40.88588
43.24971
34.88575
40.93632
39.09928
32.4253
37.06958
32.85924
32.78283
37.50534
39.22053
30.25957
32.23666
36.58255
30.48873
32.4518
35.82813
30.59486
34.30837
31.55379
36.45922
35.78647
36.52134
35.92275
37.78243
37.69014
36.82895
39.15398
34.35435
32.7807
32.37419
38.19397
37.36215
33.22286
34.13651
34.31319
33.60205
36.0334
36.9893
36.81272
34.37789
29.036
33.69539
33.58086
33.43362
30.37703
36.02523
29.99626
31.50678
36.84142
29.25879
30.521
34.62177
30.50943
30.94614
36.8666
29.63082
32.76738
39.08688
34.92177
34.96236
32.86588
32.97125
35.69073
37.43691
37.98414
33.33631
29.58946
32.86484
32.81638
34.94826
30.43056
31.94895
32.25641
33.00641
42.48266
36.16464
37.98592
31.9585
35.66906
31.39335
35.61614
33.42726
35.79868
28.23022
36.84357
34.36182
31.81798
31.99603
30.97023
30.98418
33.41376
32.51647
28.20325
27.01649
27.00018
31.27669
33.70511
34.30527
28.97347
31.08774
36.60369
37.42122
34.81525
41.13503
40.06243
32.14597
31.97005
39.22669
36.65674
37.75857
38.92485
38.48442
38.82182
35.85763
40.69148
27.8503
30.7691
37.91081
32.02726
30.29512
29.17998
30.64221
33.16295
28.89603
30.01865
28.09786
30.34196
33.18243
27.95932
37.45351
33.06285
30.93574
34.25095
33.74256
38.04419
38.34466
37.93133
36.74966
40.93675
34.29931
34.94241
37.26296
35.35785
42.54543
38.16185
39.16249
32.40996
34.8088
31.61549
31.82879
36.5565
36.10712
34.91545
32.87116
37.72561
31.10916
33.41159
34.90211
28.58632
27.57615
29.79693
28.68962
35.05627
30.53829
34.83142
29.6929
34.35167
30.70491
34.98666
35.2948
37.39558
32.82835
35.66405
30.80019
32.68755
34.2256
34.94142
32.73382
33.93907
40.45359
43.80673
42.68162
36.52425
38.6512
39.41324
35.53748
36.34784
30.98978
35.77497
38.81478
34.30382
35.80001
37.53068
32.85378
35.62245
33.07554
35.17166
38.56721
40.20025
31.28575
34.78278
36.04021
33.01325
33.14923
26.1697
30.60289
33.15024
34.94109
29.09325
36.16405
41.08426
35.81902
39.36543
34.37539
30.85061
34.17362
36.0492
34.2341
36.28399
35.49407
28.57527
35.27126
32.81388
34.33399
41.87368
32.30521
36.27555
31.79198
38.15934
35.62659
35.02032
32.06799
36.47673
35.08491
33.63898
31.96087
37.46808
32.52914
35.03191
30.9595
33.31927
34.19291
31.00881
27.98184
32.81044
30.77776
33.63776
32.47718
36.59681
36.06721
34.54289
35.26436
33.75799
35.92768
39.17393
33.73327
32.32453
35.48225
34.41734
35.74724
30.56836
33.78972
32.78962
33.65347
31.35671
28.28878
32.59536
37.47642
38.63059
41.40588
40.6411
36.97228
32.36604
39.01511
36.29561
40.98131
42.82823
37.12166
37.08178
39.94158
32.54005
33.13625
32.30629
29.35478
32.79331
30.58988
29.13917
33.62971
35.63008
33.47121
38.12266
33.24955
31.51898
42.87541
35.33751
34.96388
42.02047
29.60153
32.2569
33.396
34.86624
30.43093
30.95621
38.82253
43.13761
39.76307
35.34122
39.82559
36.31472
32.04034
41.84341
38.71479
42.8497
42.45761
40.96647
36.50198
37.17107
36.0148
40.88221
39.89338
43.32677
41.15332
39.67602
32.95138
38.50409
36.8912
36.95578
34.45613
31.02443
32.51975
31.99308
30.84994
31.72315
32.83462
38.37261
31.31387
34.55961
31.03883
31.73344
30.84948
32.74239
31.93663
35.14922
33.59274
33.95201
31.34163
29.74903
32.97541
35.9703
33.80267
30.28782
31.55306
33.10396
32.95643
32.41669
34.90267
37.65045
32.3791
32.79812
31.91172
37.41831
36.58865
41.34078
35.90483
33.17134
34.7901
32.34174
29.91663
31.10898
32.6586
29.42911
32.11006
33.7397
32.09011
33.4535
34.54004
31.78054
35.37403
33.61737
35.21583
37.33937
36.005
38.20214
36.88123
37.28543
41.18427
33.86611
35.43505
32.22873
30.76081
35.47204
30.23765
29.64564
29.22491
30.11059
37.28709
28.5186
34.87127
36.01296
37.24805
34.134
33.24078
34.89664
41.38484
37.72674
33.99886
33.30335
38.50066
31.42689
33.56335
28.89289
30.31229
31.50624
29.7886
36.90827
33.68803
34.67482
36.32748
36.84131
40.0433
40.33546
36.35457
34.09735
34.55917
28.75259
32.36697
34.54066
34.75209
32.45584
35.17246
30.68407
35.86982
38.83845
33.0576
35.94882
36.08486
38.56221
29.9954
33.07275
31.74206
34.9907
34.73662
30.19317
30.25345
28.43452
29.77979
31.63291
31.15705
26.06546
33.83644
41.20499
36.73806
32.6047
38.60493
32.79346
31.79639
36.30832
35.29409
29.859
33.65249
32.65175
35.87129
32.2874
37.6295
38.65943
34.08928
37.78642
37.68769
33.74707
30.84462
32.24507
28.99624
28.35203
30.38262
28.89694
28.26061
27.6587
25.00057
26.69388
27.14304
33.01915
30.59563
30.233
33.42929
38.20871
32.37375
33.46667
37.30313
31.81499
33.5338
28.07434
28.74682
27.60397
35.17102
30.18693
34.70905
30.55713
28.29583
31.8677
32.05528
31.25526
35.95547
30.29533
33.38709
37.05813
36.87162
40.12373
37.61996
32.92012
33.06735
42.52627
37.32211
35.06512
32.72298
36.7656
35.38667
31.17856
32.47941
36.15954
32.40997
26.89129
35.36975
27.38744
31.98137
28.12709
29.90081
37.52899
38.75298
36.76273
31.57726
33.46307
36.87196
30.93528
33.7095
30.48697
39.14437
31.98299
30.79779
34.63981
31.0207
32.31333
33.45098
36.88695
34.09362
37.05559
38.12471
35.52031
38.38529
34.76787
32.42289
32.66672
36.38392
36.32927
36.42102
30.95205
45.64648
34.01719
32.78945
35.4349
34.54941
35.33217
38.36135
41.53783
38.52093
36.69331
31.32441
35.1203
29.45456
32.49098
33.79055
31.26108
30.85781
30.57738
29.57086
34.58236
32.00708
31.212
33.77883
37.20616
31.77653
29.05291
31.12594
32.52765
32.56559
34.10854
35.62745
39.09141
26.93063
32.5328
30.30288
33.50342
30.8839
30.60387
35.25186
35.32279
37.56857
29.44471
32.09782
37.70483
35.98172
35.04986
35.84311
36.54272
31.92216
33.95551
33.18039
29.46198
30.89751
33.24725
33.54476
41.01839
38.29853
33.51814
32.00661
39.68658
33.46648
34.40224
33.82659
31.26448
41.21285
40.76403
40.29786
39.49057
36.64775
35.80113
32.70413
33.50459
30.05396
43.72649
33.87068
30.65654
37.3833
30.19796
37.81549
36.01311
34.46799
30.39952
34.1657
31.97098
34.62923
40.25283
35.48416
36.23382
33.782
32.95009
36.0146
34.09624
31.68423
32.59819
30.24175
34.81106
33.00866
32.31849
33.29604
43.46262
33.9945
30.98638
32.07486
34.07992
34.78262
30.8511
27.85951
28.16782
28.28002
35.87512
30.37173
27.11623
32.09148
29.4825
28.08777
34.59956
36.21219
30.64648
30.74374
31.89697
32.51803
31.06228
31.96918
27.97846
33.89746
31.42452
32.80622
31.19512
38.80098
35.5396
33.67371
32.86787
29.83099
29.68324
30.59892
35.56151
35.61751
36.16351
35.85208
33.09755
33.47108
28.63483
32.29791
30.38671
31.82166
28.41964
30.53221
33.12225
42.28265
40.2026
40.21521
43.59216
35.80364
39.1929
35.90164
41.23781
37.16051
35.85395
32.69714
36.16587
34.59743
36.7575
34.69076
33.27497
32.32663
36.73127
34.38954
33.91866
35.27276
32.6078
33.83324
36.48963
32.73561
31.85909
29.03402
31.86246
31.92722
35.25783
31.9188
32.78989
34.13564
30.30752
37.69445
31.16145
31.6516
32.32148
34.24329
30.55712
31.06518
32.49653
34.83551
33.94164
32.73057
33.03004
34.61152
31.64942
32.64034
43.17073
31.29276
33.89009
33.50431
30.33912
28.08801
28.64797
27.56656
31.07941
34.92367
32.5858
33.41511
38.28057
39.46412
38.20638
37.92583
37.33231
38.51591
34.15878
33.56632
33.56644
38.32909
34.94307
24.50867
30.64014
35.61958
31.31646
35.92539
35.16742
34.33046
36.85525
38.50142
35.1628
37.63326
40.62783
34.62556
32.3764
33.36178
35.61932
34.27742
29.83851
34.73326
32.45849
31.65933
35.82967
31.11953
35.94615
34.48838
42.4824
36.41916
32.56683
30.60536
34.83087
33.39898
33.72884
29.85796
30.93065
35.85775
33.9113
39.02282
37.2392
39.53456
41.33971
28.67512
33.59632
33.02242
35.09874
34.73198
36.97437
34.23381
32.47289
32.57381
35.49993
34.6633
27.42839
36.70062
35.80248
34.78558
35.26472
41.48973
37.02584
33.25422
37.6924
29.80268
26.16134
27.73079
31.991
35.50141
35.38342
33.80867
39.8192
40.53514
41.95833
36.47905
36.94742
34.29942
34.581
33.68246
33.40066
35.58498
32.2979
30.29462
32.80793
32.38081
36.33688
34.47847
28.55462
37.15406
29.14859
33.71157
33.30529
35.69282
28.13301
31.10404
31.45466
34.60134
32.57824
37.15951
31.17925
33.44126
38.67936
34.09352
34.57845
38.93913
40.94439
30.68025
28.78911
32.6493
32.06527
35.7648
33.60676
35.6446
31.84299
34.35285
37.4336
27.72884
36.28003
34.50549
36.01057
35.37555
37.47583
36.59863
33.34651
31.72609
33.35031
34.00298
34.12191
33.48242
36.07965
37.26235
39.58242
35.32647
37.48663
32.56555
36.92664
35.35555
37.2438
32.31306
36.02608
31.42048
28.3488
29.34424
32.09181
33.99417
34.08123
36.15303
36.56998
37.76087
37.27918
31.70437
32.44361
29.72611
36.06366
33.56251
34.17617
34.35199
35.66084
33.61132
33.77327
30.80079
35.44061
33.7381
37.84609
37.97344
38.425
34.94233
34.59847
31.76456
35.84271
34.86651
33.58316
29.07799
28.19666
32.07274
36.95846
34.8678
29.95402
32.80375
35.02908
39.35634
32.0273
28.63006
28.29404
31.77095
32.14555
27.43966
34.85618
32.9201
31.94715
36.62948
31.62575
35.32526
31.63069
33.20338
36.30938
32.81592
35.28217
36.33847
35.14461
31.21194
43.1016
35.50882
38.2509
42.06438
39.37722
35.78612
37.3856
33.19167
34.2678
34.60727
36.59745
37.90076
36.50422
38.54597
41.87297
39.46823
35.18587
34.90806
37.22972
38.19594
34.09087
33.34609
39.08379
34.6114
36.41229
42.36757
38.60271
34.21334
39.5629
39.40953
39.88732
35.04641
40.13015
35.32003
37.00052
33.445
37.45471
35.28006
30.03682
31.40826
35.3678
38.85368
29.56364
34.38538
31.69132
36.51035
43.42416
29.23716
35.8548
39.29861
35.96881
39.23458
37.30158
39.13228
35.29173
47.8764
39.56159
37.33136
38.36181
34.24424
39.83419
35.12112
35.92926
31.2307
31.40438
32.44795
33.45589
38.39101
34.81096
36.77273
32.73914
37.11283
31.76442
34.49267
34.65239
30.59773
31.68122
35.77354
33.67602
37.30552
31.23688
31.28214
30.96304
33.15959
34.76259
34.13212
33.50399
37.79751
34.36243
33.81668
35.4311
32.22857
37.74687
33.34824
33.77643
34.48307
33.39255
39.47581
31.3051
38.00084
34.62395
36.25093
32.62625
31.50066
33.72626
36.20071
29.64003
28.38819
33.48434
33.47586
31.94457
29.99454
31.0315
27.73807
34.53779
34.98854
30.22385
35.71908
36.3097
34.13065
36.14466
31.74863
34.77947
32.00352
32.52937
33.69175
29.59146
36.34961
39.97844
33.48664
35.24295
39.1404
35.85119
32.22899
33.49942
40.53523
35.71927
38.32442
39.46498
35.42839
35.13784
32.76044
29.75096
34.46337
36.8828
40.80738
33.18819
32.50707
33.39482
32.97174
31.11817
35.55105
39.34388
32.37151
32.61848
29.41874
31.80652
27.37785
33.90128
34.5214
36.06226
32.90374
35.40083
33.50744
37.61718
33.91633
32.8556
37.6204
29.01369
31.2277
33.35836
31.35872
32.45257
33.59858
36.21701
36.95716
37.44029
40.23772
36.02909
34.62043
35.36181
32.35326
36.34516
32.02351
38.70957
35.79963
33.3876
33.93934
37.97603
34.50448
37.82333
29.61478
35.10218
32.98126
29.00128
33.319
32.92297
34.07378
34.83647
41.16507
33.43104
29.21446
32.17422
35.61997
29.47326
35.00146
38.25504
34.04805
31.00852
38.1132
37.09218
41.38715
36.6783
34.07502
34.58188
40.93856
37.77625
38.97505
36.75509
36.19987
31.24199
35.62249
34.16416
33.36951
30.26636
36.97784
31.97993
35.06078
38.68275
42.80812
35.05294
40.24616
32.87517
37.65817
34.50864
31.77436
32.37945
35.20834
34.62192
32.41477
39.6464
39.66606
37.76536
33.87039
40.97211
40.46556
32.17075
31.01715
36.8937
31.62887
40.4227
33.88837
27.78374
29.09017
32.17612
31.32836
31.72528
32.08978
31.96465
30.98293
32.1843
30.38685
32.40044
35.2275
31.67647
38.3784
32.37938
31.75602
32.98875
34.91299
41.65108
39.19748
37.2728
35.3011
37.21634
37.57395
35.05657
36.86349
31.61637
35.36842
34.35977
34.60959
30.38164
24.95392
28.82965
27.40462
31.42896
30.05325
32.31268
34.36497
32.53395
32.88746
29.85741
29.78434
25.36531
32.12863
37.36773
35.96599
34.31883
33.97936
32.60737
30.33356
23.89627
24.17292
29.84709
28.26906
37.2429
36.62017
37.16102
35.57379
33.70044
33.45887
40.42467
39.11136
39.64376
34.16822
31.55582
36.32426
35.84783
33.5583
35.67612
31.65891
35.55266
35.36024
36.90014
33.7907
34.41956
39.66288
36.34013
34.88995
30.75879
31.18941
33.43576
34.78101
29.55848
39.47191
34.51764
33.49075
36.05196
31.71014
29.81606
31.16251
34.00116
36.77075
37.96746
26.10487
28.86294
31.96564
35.03317
29.15661
35.58349
31.93987
33.25352
36.79546
32.88901
33.23669
38.76167
33.37392
35.10234
38.62274
30.92941
33.21428
33.88487
30.17541
34.60797
33.64744
37.78207
34.98663
34.86231
34.99497
33.81879
35.45143
33.49324
39.41067
36.82279
33.71887
35.72156
31.36798
37.83534
39.72159
37.47331
38.23435
40.37617
34.90286
34.5308
34.50021
37.18801
33.59554
37.95942
35.75819
40.09725
38.09758
35.99201
35.08172
34.93842
31.39516
31.57751
33.34946
34.15775
29.82258
32.61307
31.16423
33.96684
32.03649
38.67521
28.11887
28.64844
34.04871
36.80004
34.68389
34.97996
32.54721
31.44554
34.62754
36.42571
36.95112
39.92146
36.1835
32.69245
32.7816
36.62781
34.03842
35.22435
39.00179
34.40694
34.42819
36.9955
40.25757
34.24568
41.48978
29.27767
32.13028
32.2748
32.71404
29.20074
27.14517
33.37585
32.95248
40.75519
37.6779
38.1633
34.25293
34.64854
34.42348
33.09461
34.96184
34.44308
29.99436
28.39891
30.42334
29.83071
35.18249
40.46715
26.01577
30.04575
31.78416
32.45927
32.30939
31.23365
34.22497
34.48075
34.00507
31.11479
37.4351
35.97175
28.80175
31.03657
28.84711
30.78434
35.73802
33.46596
31.90845
32.90791
32.2411
34.07108
34.00513
37.28979
32.5478
42.66789
41.48126
40.47371
34.90912
33.68513
34.0228
34.87699
33.50943
27.22361
29.30434
33.07226
32.54113
33.80324
33.21589
36.03471
40.73131
34.38274
39.1753
42.93248
38.76575
41.63549
37.4612
37.09584
36.87508
39.94985
37.08416
36.74462
38.21975
30.91884
32.70122
33.90374
33.10774
37.33356
27.39875
31.83412
33.61475
34.66374
34.13554
31.59533
35.66522
32.47095
30.75319
32.39568
34.04129
36.13912
30.90615
35.17056
35.10654
34.23422
32.08589
37.9815
36.72996
34.69695
33.45568
34.73049
31.12017
33.39415
30.18875
30.1358
30.8669
28.94176
34.73155
40.45503
33.48048
33.2927
31.31039
30.46585
29.21158
35.99401
33.69036
38.93741
38.99956
34.75913
29.17504
31.30584
29.65506
36.83306
33.27523
32.02862
33.23307
29.62678
31.36534
36.68804
37.27605
38.41804
37.16279
30.58337
39.41524
36.1051
39.36337
27.66943
35.91745
34.99071
31.61854
36.54126
35.44969
32.00489
36.92126
38.5979
35.75706
39.85822
36.91579
31.72297
31.08637
34.03857
32.77646
31.03314
36.93244
40.19228
40.2589
34.74514
31.82876
30.50355
34.15564
27.3731
31.20511
31.80883
33.44754
30.88062
35.91164
35.24881
38.56153
35.20811
41.34453
34.26438
34.91594
44.37046
38.5079
34.24486
30.52937
38.86481
32.32896
35.14433
32.05649
38.19368
37.28323
33.07262
35.17737
39.0743
38.35235
36.66577
39.60265
35.62092
33.25607
35.83873
33.25875
37.62429
34.73478
36.99488
31.77617
32.09954
32.27242
28.23187
34.5012
35.32015
37.71803
33.24701
35.44728
32.24596
32.24854
35.11069
33.63839
37.27031
42.78389
35.56796
35.77852
36.32177
33.58926
34.05852
34.12754
34.61581
36.35058
32.99073
30.65333
36.72801
34.34077
33.04622
40.29101
37.82709
34.1247
32.72232
30.66733
29.61702
39.28041
34.25148
35.84125
32.35246
36.26783
33.80441
39.99605
32.10065
35.53492
37.54065
37.69976
44.90093
31.67256
32.93368
33.46301
33.94626
34.74939
34.0486
35.27772
30.41433
33.2552
35.04475
32.60918
32.71985
30.41655
31.97622
32.07799
34.03658
30.7189
29.38558
32.03211
35.25947
28.757
34.22793
32.35037
33.67045
32.3518
34.2233
35.91219
39.5306
34.46316
33.70287
37.32629
36.5041
44.6746
36.72667
34.30352
28.65761
29.94593
35.6478
35.2397
29.43807
30.20742
32.79042
33.27345
27.98517
35.32118
32.06342
33.9872
32.42225
35.3014
30.89681
32.07473
36.0622
32.99334
36.28989
39.65827
36.99462
34.00075
42.05813
39.84338
32.72324
38.91769
36.57843
34.67278
35.90637
32.04617
30.74719
35.86832
34.92528
27.38306
29.95981
27.75753
31.95346
35.98087
33.38901
34.75441
30.12784
30.62303
29.01848
30.21651
33.05058
30.46879
33.9839
33.08213
31.75547
32.71759
29.63889
34.58433
32.36293
35.8037
33.75922
36.51
31.57678
26.03417
32.34552
31.60179
31.89937
30.74797
31.87699
31.23217
36.9806
29.9588
36.3694
34.27172
32.53351
33.92431
35.82016
36.76472
40.33889
37.63131
42.17658
38.95304
36.21491
35.09515
36.07134
31.03557
39.23226
36.78475
30.5741
28.92255
38.55135
34.54245
34.33254
34.2164
32.44573
33.1177
33.00804
36.23401
30.26394
33.40103
33.74825
35.30677
35.42808
34.27544
38.4835
36.67838
31.39227
33.58051
31.09004
34.40269
28.02285
31.17048
31.33471
36.71898
31.58541
29.90286
36.5147
34.4372
32.31882
33.53087
28.39198
38.20973
31.63318
32.62767
28.01717
30.82182
31.08032
32.71495
35.90913
28.33574
33.66957
29.37056
24.82634
30.51184
32.08701
41.74903
37.20581
38.28534
38.99007
36.47093
37.39813
30.7903
35.26056
33.84479
33.07399
31.22476
32.13379
33.3451
38.09429
32.70913
28.6071
34.2463
39.92867
34.56659
32.85836
32.60434
38.78474
36.6071
37.25328
30.88736
39.16647
33.71274
36.39415
37.20414
36.21282
36.37271
34.92041
32.56559
35.2241
41.23345
38.16298
33.50407
34.59177
39.4834
31.12742
35.31119
30.65337
30.51939
30.44937
33.77007
30.95607
37.15762
31.54644
29.5448
28.84299
32.08874
31.15759
28.86227
30.42017
31.63657
32.48363
34.22423
32.67628
35.41816
30.23092
29.87858
31.85828
32.9905
37.3904
35.16591
25.32184
38.04392
26.57933
29.45871
27.42916
36.6272
29.84763
32.35175
39.03102
32.65023
26.38349
30.77261
32.15336
30.40114
32.62432
32.03893
29.85337
33.41036
31.16343
28.08592
34.09072
32.04085
33.43724
34.54689
30.26766
33.58082
35.9999
36.58489
40.85846
36.94395
32.54076
35.38041
38.97044
39.45798
34.95984
35.69564
37.57815
30.07618
35.24848
31.35368
37.49656
33.17181
33.28091
33.56435
32.13765
35.31992
37.93529
33.97625
32.24181
31.41578
34.7062
36.21462
32.6168
39.83203
34.57128
33.61001
36.92496
29.0179
32.73548
30.56549
33.57049
30.75346
33.32004
35.88704
36.12292
33.99952
33.28805
29.47813
32.78966
30.79923
36.97332
36.16268
32.89886
36.30752
34.30584
38.13663
41.79137
34.973
30.39743
31.07481
35.31421
34.07307
32.07615
37.03089
40.37581
37.46
37.38852
33.83326
36.77368
31.54276
31.22525
36.92626
32.62823
30.33837
30.70128
39.08311
33.0468
36.55889
39.20078
36.35796
27.81285
33.06332
30.49083
28.40702
28.36137
30.55069
28.93742
31.10142
34.42236
32.84599
30.10944
35.77416
33.23337
35.72094
37.04587
33.39112
35.68724
36.09242
32.78822
31.29012
33.97533
30.00317
30.65828
33.43923
30.72004
28.4716
30.12785
28.48164
36.49189
34.34575
29.77685
34.13489
36.88578
41.59197
34.27592
34.92589
35.20233
35.21315
32.4312
36.01105
29.22028
35.31875
35.21008
30.86926
37.73282
41.35197
34.92411
33.25242
38.33816
40.20506
