28.24768
28.04418
27.35817
28.23654
27.41243
26.53427
25.8036
23.98855
25.29331
24.89133
25.7411
24.89926
24.04713
23.53611
24.82341
24.01547
23.49373
24.28077
24.60912
25.1787
25.81914
25.72219
26.54179
26.14269
25.55751
27.24418
26.04705
26.04751
24.83129
22.94071
22.22238
21.25088
21.78083
22.54721
21.55112
21.58437
20.73615
19.98139
19.72418
20.85433
22.57431
23.35593
24.10393
24.3047
24.02446
23.29164
23.9832
23.97598
23.25978
22.93873
23.34428
22.83743
21.59863
20.81952
21.54119
20.08529
21.10986
20.58799
21.18875
21.96342
21.72453
22.39901
23.07957
22.06381
23.26057
24.77345
24.90209
23.23664
23.75409
23.60479
21.45274
20.57444
20.3664
22.82852
22.41037
21.69094
22.15593
21.44908
19.70008
19.9191
19.37515
18.75597
18.42206
18.1635
18.00874
17.90806
17.49141
15.91232
15.04162
15.80345
16.36329
16.47846
15.78282
16.29419
15.8112
15.22967
15.0601
15.76161
13.93054
14.30283
14.59423
14.52829
16.16627
17.77537
16.54812
15.70819
13.92847
14.38039
15.61733
15.5715
14.44593
12.8535
12.49296
14.03795
14.3063
14.79988
14.82044
14.74258
15.37245
16.46264
17.19284
17.22619
17.34557
17.55125
17.38528
17.41
17.8441
16.89537
17.80334
19.58079
19.68015
19.65321
18.9812
20.04228
18.70432
17.56857
17.73813
17.20268
16.98528
15.75409
16.42973
15.52112
16.06799
14.6602
14.54012
15.79683
15.62668
15.38652
13.68805
12.61698
13.34084
14.12224
12.48608
11.89869
12.33446
12.37575
11.62527
12.52905
12.05844
12.28527
12.33109
12.14502
12.95698
13.2092
13.53176
13.60536
13.64612
14.73614
14.78286
14.20984
15.19262
14.12028
14.1785
14.31839
14.97902
15.56689
14.78919
13.77705
13.8962
14.26561
14.04702
15.12173
15.09835
14.10454
14.15089
15.79441
15.35688
14.84433
14.17559
15.27251
15.10687
14.70706
14.39008
14.73866
14.96458
16.49742
17.23914
17.58409
17.48604
17.64182
18.47522
20.00613
18.93395
20.31463
21.4115
20.66306
20.00416
20.28185
20.5663
20.42077
20.47032
20.9178
21.08798
20.75571
21.36749
22.34671
22.31967
22.4212
22.53838
23.72668
23.85637
24.34316
24.73367
25.90338
25.99077
27.43862
27.376
27.15948
27.06183
26.136
25.37323
25.96682
25.59044
25.79839
24.68937
24.26133
23.49223
22.79922
22.514
23.87599
23.53426
23.76532
23.30201
21.23579
21.99456
21.15321
21.7377
21.35187
20.63598
20.47369
20.38349
19.2525
18.36372
17.23783
17.23971
18.06604
18.45021
18.39588
19.13229
19.89282
19.70887
19.28626
18.31364
18.65264
17.21094
17.52161
16.92543
17.4653
16.91684
16.14978
15.22577
14.57658
14.5118
14.82859
15.50502
16.77008
16.79173
16.98113
18.42403
17.87731
17.6919
16.34867
15.26182
15.91238
16.04362
15.37489
16.46224
15.57055
16.50106
15.85666
15.49367
15.18378
14.08659
14.59176
16.08208
16.64063
16.38294
16.79175
18.34938
19.2464
20.44468
20.97847
20.6869
21.3848
19.77077
19.30284
18.70986
18.97645
19.40276
19.22074
19.56443
19.37439
19.42912
19.43074
19.13824
20.27729
19.84949
19.80488
19.80538
19.73455
19.09316
18.44644
18.56985
19.24872
17.86546
17.60601
17.70588
17.83842
16.88346
17.15393
17.69778
17.80473
18.03017
18.39627
18.27462
16.73852
16.79678
17.50618
16.64768
16.82477
17.46521
18.05506
18.37037
18.67219
18.87221
20.18724
19.02043
19.90752
20.76751
20.18301
20.5326
19.99562
21.18937
21.07951
20.82326
21.16169
21.55827
22.02549
22.78289
21.42656
22.20272
22.33535
21.0337
20.90019
21.2284
22.69363
23.89797
23.10625
24.10328
22.86451
23.65476
23.69131
23.50646
23.80293
23.2441
23.23861
24.51365
24.3187
25.09542
25.78253
25.13632
24.72152
24.01793
23.64271
23.67279
23.02801
23.69523
24.90529
23.47645
23.88598
23.73677
23.97211
23.82809
24.94887
23.60184
23.31269
23.07096
23.05166
23.42256
21.97873
21.84883
22.27043
22.15595
21.38425
21.39033
20.9904
20.91823
20.56263
20.45511
20.06469
19.74081
19.21909
22.07891
21.20592
22.3606
22.29792
22.10907
22.47217
23.30254
23.96839
23.65706
23.25992
23.83825
22.71332
22.21571
20.85684
20.21136
19.84281
20.18453
19.71819
19.68518
18.95778
17.9788
17.9652
18.83198
19.01477
20.03666
21.32153
20.72159
20.80272
21.23531
21.97975
23.44897
25.27802
25.05723
25.62413
26.39724
27.97202
27.34564
26.82393
26.98435
26.02062
26.89711
25.74068
25.82039
25.53642
24.51487
25.92399
25.6812
25.33577
25.74877
25.03791
25.64877
25.48158
24.3498
25.09583
25.49474
26.53675
26.1357
26.5255
26.73055
26.64693
25.38495
26.20495
24.92267
24.35122
23.86159
23.60738
23.72701
23.91116
23.7978
23.98369
24.66068
22.24806
22.06774
22.54401
22.30738
21.24824
20.88884
21.99979
19.92594
20.43705
20.28234
20.38661
19.27142
19.39718
19.09672
21.25898
22.47984
23.40316
25.31123
24.56279
23.75031
22.78553
24.19825
24.84234
26.27257
26.15568
24.71025
25.90677
26.91777
25.80763
26.34805
27.23565
27.18162
26.36412
26.281
26.47914
27.21996
27.39602
26.79563
28.13398
27.6305
25.60927
24.69651
23.93573
24.06468
24.13463
24.92364
23.53769
23.60175
24.70584
24.92064
26.47007
27.802
27.65602
29.48921
28.99895
29.68616
29.90953
29.21686
28.51208
30.43856
31.7104
29.77257
29.32804
29.48319
32.43809
33.14554
33.71428
33.1898
32.58291
32.35091
32.17226
31.87794
31.66849
30.64807
29.84964
29.43088
29.63638
29.40041
29.75191
29.11684
29.27478
29.57625
29.58156
30.64947
30.59421
29.70157
29.44953
31.22697
31.22017
31.66725
31.96384
31.96014
32.18455
32.40385
31.96614
32.37767
32.0257
31.35257
30.40914
29.64994
28.67617
28.08739
28.45047
28.99379
28.77139
28.68851
28.26743
28.64485
28.35721
27.8583
26.88738
28.53327
28.20552
27.27748
27.68802
27.13009
26.76753
26.60588
24.79424
25.70133
26.38219
26.21169
27.30359
27.43099
27.64602
29.33842
29.71307
29.50532
29.93309
29.41546
31.03975
30.56118
31.87182
32.23809
31.75834
31.98183
31.04571
31.03961
31.17196
31.97812
31.50267
31.15924
30.87981
29.91941
30.32326
30.68797
30.16739
30.31266
31.28042
31.29109
30.89435
31.65702
30.82651
30.48962
30.03103
28.34646
28.05366
26.99844
27.27169
27.23686
26.90473
26.89645
27.64534
27.29881
27.66608
28.028
28.11955
28.7573
29.03398
30.23727
28.79985
28.46592
28.22192
29.54006
30.14432
29.2688
29.39415
28.24486
26.97139
26.62622
26.8078
26.24898
26.94258
27.90638
27.55782
25.86112
25.98253
25.9399
23.82131
22.21979
21.98492
21.69664
22.17218
22.58563
23.64857
23.30913
23.33282
22.44421
22.52796
22.4332
21.4251
20.54809
20.40361
21.40953
20.84332
20.84176
20.79665
20.0029
19.61796
17.98246
18.07931
18.21711
16.76963
18.75809
18.47141
18.70162
17.73619
16.78584
17.46562
17.1691
19.11139
19.57457
19.77089
19.54268
18.84075
17.76672
17.20546
17.76286
18.50079
17.12559
15.36011
15.08
16.98446
17.5176
17.46117
17.72256
18.68914
18.31749
18.56061
19.22627
19.35897
19.20578
20.49408
21.40358
21.97714
21.92571
22.57172
23.78782
24.54387
23.65485
25.35306
23.95457
24.65607
24.2771
24.48315
24.99427
25.51543
24.77425
24.58244
24.3772
24.58613
23.73786
23.90869
24.8726
25.00663
25.39775
26.30182
27.2514
27.86818
27.2764
26.65914
26.3711
27.18362
26.7835
28.04634
27.75517
28.42317
28.567
29.08492
28.92493
29.92903
29.74061
28.79424
29.87049
29.25639
30.90048
31.65894
31.4453
31.02146
31.84386
33.18761
34.01533
34.18257
33.26011
32.09895
33.20805
33.3893
34.284
34.47288
35.8897
36.44365
36.49699
36.74958
37.31085
37.70568
36.74963
37.6808
38.02153
38.29265
38.35597
37.99435
37.35845
37.49467
37.42082
38.80737
39.09629
39.05039
38.64647
38.62012
38.49437
38.51919
37.85885
38.22769
38.88288
38.71617
38.45384
38.50823
37.64538
36.37493
35.71855
35.19691
33.93665
33.63792
33.40157
34.00683
32.73307
31.87083
31.37993
31.54781
31.52869
32.52198
31.57375
32.4736
33.64343
32.40451
32.95213
31.86438
32.11938
32.23628
32.50515
32.44698
30.9844
29.48878
30.06217
32.9857
33.3075
33.79424
33.30555
32.14827
32.00717
33.01768
31.84684
31.07747
31.21967
30.96342
30.3702
29.51426
28.54306
28.45531
28.9652
29.9579
30.01382
30.2618
30.4515
30.63518
32.47287
32.65288
31.43004
31.55692
31.55865
32.72565
32.09434
31.84893
32.75406
32.6808
32.41267
32.29571
31.03864
31.87672
30.90521
30.57843
31.30787
31.62131
32.49382
31.99933
32.96356
32.69453
32.17026
32.32677
32.42564
31.36706
29.78287
29.91768
30.24915
30.48291
29.70541
28.88752
29.26699
30.44565
31.32977
31.24976
31.78048
32.12073
32.74652
32.12112
32.98594
31.664
29.58069
30.37396
30.01264
30.83696
30.57839
30.83774
30.79348
31.62111
33.28181
33.17374
33.77761
32.94992
32.86939
34.48149
34.5757
35.53915
36.00069
36.23311
36.5345
36.01657
36.41662
37.49215
37.12141
38.58101
39.28555
38.27836
39.08493
38.85807
39.32179
38.00496
38.92344
38.56393
38.24003
37.74106
39.57704
39.74879
39.3904
39.61761
39.35566
40.68696
41.3304
41.25431
40.93459
40.36189
40.35844
40.27506
41.04877
41.31916
41.56723
41.22012
40.23207
39.583
40.59409
41.70669
41.83501
41.96203
41.7485
41.60818
41.81009
42.45709
43.24391
42.97685
42.73202
42.92285
41.31754
42.28853
41.51919
41.3569
42.14368
40.90187
40.53474
39.31099
38.48355
38.11212
37.12237
38.60287
38.91576
37.13744
38.20882
38.13233
37.80458
37.70738
37.54076
38.77038
38.98602
38.78537
38.1885
39.23567
39.29291
38.59333
37.51402
37.79339
37.146
36.75156
36.61181
36.02032
36.04489
36.34534
36.70383
37.06218
38.0888
38.23113
38.93887
39.38111
40.14263
39.99841
40.31133
39.9711
39.92196
40.54663
40.94739
40.97408
40.29048
40.32514
40.46696
39.7061
39.13064
38.45172
37.08125
36.80529
35.15693
35.79239
36.00301
36.09233
36.35492
36.23178
36.51185
36.43573
35.12687
33.66109
33.69827
33.14754
32.52916
31.80237
30.82229
30.17789
30.84648
29.20205
28.42434
28.26286
27.83662
27.65952
26.52641
26.12924
26.27033
26.72509
25.41162
26.32062
26.20972
25.48573
25.5736
25.88978
26.37156
26.94536
27.37933
27.37958
26.22367
25.68174
26.20594
25.72662
24.07139
23.79481
21.94756
20.88546
20.74896
21.39675
21.20776
20.44552
20.25907
19.8458
19.27607
18.71887
20.21754
20.47722
20.85542
21.43537
21.90288
20.95245
19.84192
21.02465
21.84933
22.37273
22.16711
22.40155
22.42777
22.17786
22.17916
22.62434
21.25798
20.93646
21.4139
21.56315
20.69026
21.22879
20.91624
20.09525
20.55906
21.13795
21.13326
21.44552
21.80117
22.15914
21.73645
21.5685
20.51617
22.06793
21.02681
21.15206
21.03305
19.74215
19.96324
19.58109
22.16486
21.03146
20.97883
21.90454
22.2487
23.86203
23.94498
23.28879
23.45776
22.80954
23.06385
23.09179
22.03493
22.71428
23.90506
24.55002
23.1477
23.18846
22.53599
22.44664
23.29513
22.98911
23.62355
23.05527
23.14593
23.20475
21.67411
21.03476
21.79535
22.1037
21.849
21.85071
21.73796
20.97369
21.83578
21.20019
21.19589
21.05745
20.58904
20.89006
21.56504
22.06503
21.20309
22.11622
20.70238
20.62208
19.45286
18.3904
18.68902
17.77419
17.38879
18.01726
18.40101
19.04183
20.0948
19.96862
20.88858
20.13305
18.64715
18.25276
18.2371
17.60194
17.75709
19.47005
19.42203
16.40875
16.68922
16.40603
16.87009
17.24258
17.30616
19.48735
20.53135
21.50576
23.03163
23.35735
23.03658
24.03851
23.54484
25.178
26.07783
26.89231
27.45176
29.73121
29.92174
29.89859
28.78718
29.03867
28.69094
28.27357
27.57706
28.82984
29.09976
29.6198
29.17498
30.26174
30.3842
30.72084
30.00943
28.9305
29.50282
29.65233
28.77809
28.24182
28.0566
27.56441
26.93851
25.48307
25.14692
25.39321
25.24432
25.38077
25.15969
25.52908
26.02666
27.35242
26.71511
26.51803
29.03909
29.30079
29.61635
28.77304
27.77277
28.49128
28.62675
28.98812
28.319
29.17136
31.34157
30.11583
31.02444
31.26182
30.64996
31.21511
31.52401
30.11504
30.02937
29.3773
27.72337
27.64045
27.79983
27.3197
27.26281
28.42582
29.85661
29.57042
29.80607
29.19449
28.63785
26.81432
25.95153
25.60433
26.27602
26.62579
26.38548
26.3529
27.4509
27.16998
27.95997
27.387
27.706
26.01692
25.97937
25.95572
25.64445
25.71722
26.73151
26.23914
25.96509
25.24452
25.46771
25.98494
25.93439
26.24902
26.02636
27.31336
27.02928
26.1084
27.2439
27.57384
28.10433
28.486
28.15402
30.04137
29.8116
28.96753
28.29615
28.27731
26.88855
26.53406
26.61552
26.51698
26.74554
26.15864
25.89329
26.93086
27.33173
27.3747
28.72596
28.13213
26.98528
26.03931
26.11362
25.26074
25.15267
24.83396
25.17444
24.42136
23.60523
22.16894
22.84291
22.4584
21.87865
22.49569
23.24327
22.64624
22.09037
21.10978
20.34524
21.09054
20.49423
22.68226
21.71664
22.32619
22.18216
21.46607
20.34989
19.94807
19.71856
20.69061
19.86637
19.99993
19.06922
18.36062
18.04725
19.20769
20.95769
21.25411
21.93389
22.8841
21.90014
22.10793
22.70161
23.52464
22.66654
24.12881
25.67268
25.86439
22.91614
22.69132
22.7838
22.96089
23.57973
24.36525
25.58563
25.28976
25.67375
27.79231
27.52842
25.46472
27.24109
26.11629
27.09091
26.61888
26.73026
26.11846
27.09405
25.62953
27.0439
26.77054
26.46983
26.89336
27.03651
24.97904
24.63746
25.39385
26.07854
26.13362
26.16597
26.97443
27.09992
26.34857
25.42387
25.2258
23.51613
24.07788
24.24852
23.95078
24.90509
24.48746
23.77413
23.56599
23.51182
24.68587
24.61105
25.19048
25.73148
26.95828
27.39015
27.73868
27.22949
26.20368
24.9171
23.89547
24.56719
24.80018
25.14088
25.50667
24.87189
25.23643
24.44206
25.45496
24.83473
23.2697
23.37157
23.82865
23.24507
22.8529
21.38305
21.07828
19.32302
19.2871
18.22717
18.62599
19.18036
20.73957
20.98229
19.67912
21.08272
20.06788
19.94664
20.75756
19.80117
20.27642
19.68385
20.83271
22.23716
23.90458
23.34082
22.45202
22.99389
21.7959
20.76817
19.54652
19.03175
18.52221
18.09418
16.97349
16.95112
17.36636
18.13024
19.00822
18.0206
17.79541
16.96843
18.29523
18.60834
19.07595
18.80254
17.56264
18.16749
17.56223
17.64138
17.73247
17.32971
17.82679
16.94694
17.60138
18.09978
18.74791
17.61417
17.96461
18.69499
18.74486
19.1993
18.38435
18.75212
17.3424
17.52948
17.76622
18.56325
17.70215
16.68643
17.28174
18.59185
18.60197
18.19328
18.8821
18.61206
17.62456
17.91554
18.5733
17.84879
19.09035
19.72354
19.90688
20.53977
22.52216
24.02413
24.12501
25.04765
23.62416
22.6564
21.84121
22.19235
22.77491
23.45951
24.1251
25.50278
26.2958
25.61356
26.79712
26.44416
26.30078
26.07447
25.75709
25.7665
23.57139
23.4755
23.41374
23.15898
22.32824
21.58492
23.35213
25.83887
24.81021
24.59334
25.18955
25.97854
25.37379
25.86303
26.55743
27.25754
25.77688
24.00304
23.83169
22.95302
22.51678
22.51093
22.41053
23.23914
24.41857
25.6375
25.13048
25.56547
26.70641
26.3186
26.77881
25.89346
25.30071
25.54101
26.20227
25.76113
25.27397
25.89641
25.76485
26.17259
24.24766
24.31727
24.4318
25.24525
23.99319
24.21695
23.3115
23.89218
24.1241
24.28965
23.75036
23.84202
23.40623
24.10463
22.96983
23.84936
22.83463
22.0192
22.47578
22.38471
21.41132
21.54184
20.9333
22.47746
23.93196
24.72889
24.33819
24.41028
24.81787
24.06675
23.9824
24.18419
24.84562
24.86848
24.97215
25.88735
27.16498
28.50652
28.78518
29.10559
28.70975
27.33983
27.90658
28.44217
29.67303
31.69673
31.74634
31.28406
30.77361
28.83835
29.45607
29.34538
29.93965
28.82122
27.33972
27.52087
27.60234
26.94357
27.62855
26.83694
26.07325
26.27306
26.17166
25.68451
25.89614
25.74435
25.41909
25.62892
25.95149
25.44334
24.83167
23.1499
23.70197
22.74112
23.38734
22.18675
22.47944
23.48448
22.65412
22.60336
22.95973
21.46219
21.60151
23.89219
26.00719
26.42856
26.72737
26.44088
26.39875
26.64037
27.59868
26.47222
26.09087
27.00923
25.09216
25.48961
25.28174
25.85963
25.57935
24.48937
24.04855
23.72735
24.07704
23.21514
24.77875
24.2786
23.60719
25.09182
25.68205
25.11107
23.82124
24.83731
26.60124
25.74341
24.9824
24.4821
23.85594
24.00779
23.30328
23.99694
24.46315
23.24712
22.63598
22.58453
22.64519
23.6168
23.2379
23.76809
21.66055
22.2027
21.45146
20.9431
20.33577
18.30297
16.97367
18.0974
17.56576
17.88003
19.49387
21.67062
21.55685
21.07082
20.98014
21.10341
21.30377
21.71788
22.70239
23.73026
22.652
21.63293
21.7993
21.99557
21.77943
21.59173
21.42346
20.23249
20.20427
21.38318
22.07567
21.63176
20.28701
21.3425
22.09028
23.24444
22.14437
24.15031
23.31319
23.49237
24.39341
24.40065
24.64426
24.42871
22.36181
21.14449
20.64146
22.4008
22.65364
22.79163
23.32991
23.42893
23.7243
23.08125
23.78637
23.89369
24.81696
24.52504
24.62525
24.81029
23.41263
22.02433
21.051
20.40346
20.71529
22.52139
23.3223
23.56622
24.37175
24.31949
25.23349
24.66622
24.75885
24.09926
24.97822
23.62344
24.14226
25.4744
26.11239
25.33842
24.71881
25.44905
26.79066
27.18229
26.94064
28.46707
30.9153
30.96316
32.21259
30.11902
31.45104
32.16444
32.17417
31.45301
31.45914
31.0045
31.79461
31.38746
31.46949
30.17409
30.99558
31.42574
30.86492
30.31353
30.54647
30.63567
31.10554
31.43587
31.20999
31.39311
30.69541
30.33024
29.63241
29.9085
28.80473
29.41356
30.87181
29.69813
29.93013
30.27221
30.46702
29.82899
30.161
30.21354
29.04806
29.62312
29.70847
28.84455
27.95962
28.3436
28.40427
29.28301
30.70808
31.26871
32.53615
31.89513
32.85138
34.06252
34.23193
34.08868
34.98972
35.63552
35.88161
36.05824
34.76041
34.46005
33.87666
34.47124
34.67629
35.83529
35.487
34.98099
34.25637
34.83175
35.88364
37.17137
36.89063
36.51276
36.38589
35.6555
36.18754
35.18751
36.77307
36.14712
35.93172
35.63808
35.98462
35.89282
36.27808
37.5445
37.37542
37.00923
36.9112
36.90359
36.9914
36.88222
36.22795
37.85706
38.40244
37.92392
38.90769
37.64335
37.45659
37.88477
38.87414
39.08003
38.89569
39.30082
40.4247
42.14469
42.97597
43.85209
43.66334
44.39404
45.31835
46.10153
44.48937
44.53208
44.4834
44.99554
44.54581
44.32188
42.56443
43.00027
42.60565
43.40391
42.25163
42.6419
42.96079
43.30749
44.31341
44.67813
45.39455
44.23024
44.50162
44.30195
45.06719
46.21768
46.46868
46.57198
47.79589
46.75508
46.43195
47.37171
47.42733
47.07437
47.13933
48.4136
47.98533
47.04649
48.21458
48.99265
48.41998
48.29687
49.38175
50.14382
49.14713
49.35872
48.07012
48.37869
49.271
50.50134
50.60456
49.63612
49.56075
48.88658
48.43131
49.04324
48.72846
49.66665
50.01083
49.16695
50.39587
50.82233
49.64053
50.07773
49.86879
48.31545
47.1092
45.16323
45.11152
45.28727
46.01989
46.93095
47.81817
47.21525
48.03385
48.2932
48.10127
48.75754
48.58227
47.77671
47.71135
48.84074
49.41799
49.07207
48.88109
49.7697
48.91042
48.29355
48.56508
47.42989
48.59385
47.78081
49.44513
50.29014
49.9159
50.84923
50.22894
50.60745
49.84787
50.27625
48.8445
49.3209
49.99404
50.43825
50.20019
49.26038
48.05432
46.85263
46.97476
46.66318
46.54797
47.3042
48.06984
47.83338
45.24534
46.20758
46.54521
46.01169
45.92579
44.38947
44.66661
43.94722
43.34513
45.81204
44.78969
43.95339
42.45357
42.05927
41.31935
41.31611
42.28454
42.66054
41.92694
42.18118
42.34434
42.42259
43.28379
44.6682
44.4545
44.62742
45.28117
46.14861
47.2661
47.03931
48.77387
49.17749
49.13914
46.80494
48.53106
49.66875
49.26429
49.75705
47.79219
48.44726
47.7204
49.38118
49.98444
49.2913
49.30651
50.87379
51.34201
51.89162
52.57498
52.31072
53.28057
53.57764
54.20875
55.38836
54.57252
54.0145
54.03775
53.44656
52.87354
51.9067
52.55015
52.34666
52.4096
51.39667
52.40849
52.87264
52.6202
51.12818
50.77586
51.35387
53.0607
53.7228
53.45371
53.57734
53.16032
53.28624
52.74005
52.66948
51.00763
51.19037
50.85911
51.98666
53.19061
52.14606
52.53309
52.91592
53.564
53.07779
52.14791
50.48561
49.85132
49.68347
49.34322
48.78797
49.77226
48.76474
48.24573
48.00837
48.27209
49.05351
49.96091
48.71073
49.03805
49.01179
47.80774
47.72275
47.18671
45.6437
45.49583
43.397
44.71415
43.79079
43.71497
45.02258
45.55576
44.83432
45.53238
44.97112
45.19105
46.45371
47.09592
47.80284
49.39826
49.08603
47.2429
47.51403
47.62598
47.74115
47.98462
48.3954
48.09485
49.60829
49.14502
51.07414
50.61918
51.75557
53.18334
53.03881
53.15239
54.28862
54.23128
53.24807
51.79238
51.71222
51.56315
51.87111
52.21988
52.59291
52.73815
53.02831
52.53129
53.02494
53.07205
53.39147
52.64551
52.7835
52.52344
53.54516
54.18652
54.29572
54.01261
54.42548
53.50021
54.11881
54.30506
55.30647
55.75694
56.19485
55.46421
54.80835
54.29722
54.53549
54.78164
54.69449
55.18908
55.17273
55.73894
55.77958
56.11044
56.73336
56.63648
56.40336
56.6856
56.13316
56.3921
56.25588
56.13745
55.99082
56.22823
56.57741
56.298
56.89009
54.31895
53.89458
54.73158
54.78423
54.90537
53.19262
52.28559
51.6411
51.89291
53.37463
54.35919
53.87843
52.68712
50.89453
51.63312
50.14563
49.22481
50.66002
50.91141
51.1203
50.94279
49.99855
49.65993
50.89768
49.7696
50.77307
51.08429
50.48277
50.87358
51.34012
50.99905
51.38439
50.30557
49.657
49.95876
50.45181
49.6467
49.11907
49.3722
49.38358
49.49122
49.8434
49.21344
49.76751
49.4792
47.83546
48.41351
49.58322
50.44787
50.61651
50.70144
51.3057
51.60142
51.35333
51.15031
51.03627
49.74691
50.27423
50.59042
50.43827
50.59589
50.97401
51.19291
50.50335
49.80916
50.30725
49.49161
49.63835
50.65289
49.71804
49.67809
48.73552
48.57316
48.03438
49.03022
50.11668
50.29336
50.4128
50.81463
50.42626
50.58912
50.56306
50.95912
50.63105
50.49794
50.1429
48.95318
48.99328
50.05167
50.54347
51.05355
51.66789
52.24631
52.89714
54.06404
53.78747
53.05584
51.86944
51.73216
52.33833
52.80041
53.06508
52.65417
53.262
52.50729
51.89927
52.66967
52.89846
52.83054
54.64448
54.83988
54.56021
55.30122
55.94158
56.22391
56.58579
56.2368
56.5068
57.35925
56.55867
55.79615
56.24374
56.34262
54.77335
53.42616
53.25523
53.26788
52.78974
53.7258
52.55075
52.47182
51.5335
51.59381
49.61245
49.95631
50.10208
49.3402
49.10273
48.47911
48.83851
49.40684
49.49766
49.2811
49.0955
50.372
50.09303
51.19153
51.64793
52.70622
51.58521
50.97636
51.23861
51.47722
53.50434
53.48334
52.98762
52.2243
51.3489
51.79741
50.13359
48.07396
48.36428
48.20602
48.63751
48.81091
48.78079
48.96864
49.68364
48.72314
47.05116
46.67798
46.43159
46.54213
44.56644
46.27328
45.47603
45.38948
45.62818
45.44029
46.67357
46.80284
45.20255
46.27441
45.48816
44.35379
44.81715
44.22187
43.91233
44.27575
44.93788
45.31634
46.26191
44.99694
44.17606
44.79681
43.96365
45.3916
47.11798
48.43376
47.05695
47.05658
47.10219
48.02665
48.37389
48.00502
