4.571423
5.684666
8.21312
11.56983
10.23681
8.639697
11.53378
9.750514
10.49604
12.26699
11.08844
14.26675
14.37741
11.75244
12.61838
11.86696
9.73538
10.34877
9.641614
7.285609
10.45271
6.429427
7.273982
7.432782
9.723182
9.51241
7.7261
7.748864
6.763789
6.213056
5.8164
8.094
10.16736
10.27399
10.12005
9.155651
8.901355
8.633484
10.71031
9.328519
7.533774
7.692091
9.466904
5.841967
9.515284
11.43113
9.196713
8.83188
5.356063
4.816681
4.631082
3.859919
3.800733
2.426357
3.153685
3.452655
4.477924
3.226427
3.175215
2.273352
1.392238
2.010971
2.059642
1.767569
1.520512
1.787077
2.241674
2.328254
2.512665
3.325413
3.356852
3.462549
2.952482
4.515129
5.515486
5.827907
5.89432
4.822867
4.300981
3.469847
3.453066
3.056281
6.191332
6.168881
7.538467
10.3354
15.72226
14.17668
14.61292
10.50152
19.75458
18.18056
13.45196
11.62483
14.25481
21.12058
15.52927
16.82112
13.66448
9.649321
10.34159
10.48474
6.667732
6.634503
7.515977
7.673302
8.445885
6.478262
7.198138
7.581502
8.394761
8.36826
6.708083
6.495705
8.263986
7.854505
9.637933
9.860137
10.22717
6.727212
5.530322
5.976476
5.808257
9.756443
8.237848
10.59127
7.185586
7.052957
6.354576
6.954631
9.072544
5.137421
8.36535
10.63538
7.706075
12.28309
13.02745
8.298926
6.398658
4.055347
3.683069
3.482703
5.256783
5.670287
10.13979
11.49858
10.08185
11.20059
9.355365
6.724118
4.902705
3.621025
5.442437
2.912209
2.694033
3.066083
4.075461
4.474411
4.388528
3.495302
3.763425
3.791177
2.854871
4.213587
5.239589
4.67788
6.111667
5.665846
6.136517
5.319244
5.824474
6.328272
6.874015
7.858781
8.3402
12.90182
12.62724
12.41153
10.87709
10.70277
10.27035
13.16753
11.59654
9.781301
8.003122
9.519586
7.147932
6.289433
5.83221
7.100096
10.75391
9.342149
10.27768
6.919074
6.111091
5.777817
5.637686
5.961118
5.78539
5.261101
6.650484
9.15459
7.613559
8.329111
6.705153
7.555666
11.36193
12.00459
9.860054
9.694044
6.379219
5.729874
7.386793
7.861177
9.195015
8.942272
7.441479
6.988056
7.077295
10.50912
9.826156
7.737222
13.38637
13.24469
13.0874
15.04873
14.46341
20.68922
15.5436
14.20495
13.70586
16.71805
21.59596
13.7505
10.93755
13.38276
12.98503
13.29677
9.582168
12.90768
9.482094
6.600633
6.589816
8.224483
12.28617
6.58537
4.18833
4.743862
7.134821
6.492069
7.737204
7.241377
9.382898
9.149457
11.07771
14.00768
11.76215
14.5592
13.62753
10.20138
6.833238
5.086575
4.088813
3.964232
5.30819
5.330062
5.729925
4.944712
6.029186
5.355688
7.13908
7.179442
8.740361
8.233159
5.543946
9.085237
6.863221
6.156292
4.930983
4.271602
4.31088
4.476559
3.751726
3.776854
3.881262
5.010299
3.779797
3.493857
2.877419
3.291523
3.257412
4.380245
3.011248
3.704454
4.576224
5.19545
10.86828
11.32473
11.51216
8.972061
11.17717
8.710068
10.38578
9.888382
7.808408
7.974118
6.16369
5.665087
9.920214
7.161739
6.433084
6.087204
5.255576
4.619414
5.854419
8.263312
10.42085
10.20753
12.23039
8.404985
8.230405
6.748654
7.335816
7.782729
7.970491
7.25664
4.86037
4.386619
3.579019
4.87142
4.701673
3.621874
3.667976
5.563942
5.945717
6.382999
7.84272
8.862184
8.648763
12.8263
15.63882
14.45597
14.43578
14.55713
14.24684
11.57296
10.56391
14.09861
10.44348
8.716849
8.079595
6.454949
7.494866
5.731758
6.442419
7.284306
7.408382
9.079077
6.572592
8.423997
9.225243
10.13289
8.090291
5.917479
6.36767
7.556275
8.581218
12.76052
10.90509
12.64847
11.45418
12.27377
7.688589
7.09633
5.757361
5.746978
5.736825
5.136808
6.445345
6.475534
5.671041
8.851371
10.76054
11.1658
7.498863
7.465544
5.150444
4.738455
5.796087
8.193989
7.239202
5.294266
5.65775
5.272759
8.578901
7.608687
8.685197
8.769931
8.811232
11.52052
9.637364
9.450384
5.725478
6.289118
7.489567
9.396862
12.50751
15.42911
16.01691
11.70406
9.576875
12.4184
10.47799
11.0997
12.00212
10.1368
10.70584
8.295386
10.46041
7.374696
6.778418
5.466413
6.030576
6.213762
7.309595
6.506074
5.417834
4.690501
5.032248
7.515795
7.502139
7.37995
7.131651
8.029519
8.283755
7.574402
7.907271
8.087702
7.99364
6.165206
6.948792
5.451675
4.649206
3.658167
2.99201
3.287262
3.543122
4.220673
4.41078
4.074004
5.189757
6.426111
5.614659
4.494557
4.021102
4.982794
5.739439
4.548686
6.298226
6.883498
4.642291
3.959586
4.760915
6.69603
7.912159
7.528312
6.156647
6.901776
8.086168
8.252869
10.74019
12.07294
8.451178
13.68526
12.47087
14.00311
10.63317
8.561948
8.951127
11.48847
6.472546
8.257655
8.465772
5.088403
4.211397
4.091757
2.926317
2.564814
2.612839
1.959523
1.572484
1.701928
1.834004
1.417759
2.700637
2.951673
2.72024
5.017467
4.924236
4.257921
5.755098
4.850754
5.259445
4.212159
5.152714
4.479224
4.158298
5.185804
3.698307
5.27792
5.128329
4.929659
7.005511
7.179799
4.28316
4.600739
3.270377
3.699139
3.72773
5.73157
5.103813
5.8214
6.735997
4.946601
4.717664
6.506655
7.94008
6.028986
8.658507
6.744348
6.531446
6.082457
6.35344
6.84835
7.191295
6.164966
5.211264
7.7975
4.757724
5.034757
5.923814
8.230551
7.644264
7.738712
7.876755
6.390752
5.005483
4.872152
4.946162
6.892447
8.31517
9.784263
5.011227
7.296699
4.201418
6.906037
6.026069
5.337066
5.013606
4.147768
4.186557
5.82116
4.40287
7.097603
6.686959
7.520802
8.113974
7.641498
7.720065
8.35962
5.871307
5.935107
6.625329
4.547822
7.048522
6.137512
6.447189
5.658711
7.98923
7.376333
5.817963
3.681454
5.130126
5.195203
5.893023
3.881525
4.130652
4.480858
4.102614
3.874585
3.085716
3.947802
4.198907
4.893053
5.815368
7.180012
5.284264
6.771141
7.848162
11.05009
10.61332
15.52828
11.18549
12.23539
11.1689
11.24621
12.64608
12.7825
18.64478
15.11598
9.661343
8.30849
10.63821
10.84954
10.37943
14.52697
10.21652
13.35538
10.7312
9.926428
11.34197
8.257127
7.13248
8.072998
6.401702
6.944404
6.820664
7.303498
8.076242
6.66776
6.021136
5.531086
5.940663
5.651464
6.720087
8.288583
9.116163
8.049677
11.9194
9.228455
9.051556
13.11199
10.93542
10.41744
10.92307
10.30317
10.92062
8.4231
10.21159
12.46638
12.86819
11.77939
9.195715
16.29782
13.15235
11.22486
8.354841
5.407178
6.390937
6.616153
8.539582
10.85438
6.464624
9.310796
9.153523
8.555363
7.588551
7.896729
9.373611
9.784779
8.322831
7.627802
8.819014
9.000393
5.824057
5.775635
6.207944
8.165573
8.570212
10.5619
9.879157
6.304362
6.237387
5.848179
5.554084
4.846633
7.601919
9.789787
7.833597
7.580491
6.061676
7.099198
5.945855
6.399294
8.369043
9.987178
12.24555
10.966
13.16191
7.947011
8.687238
8.210598
11.43647
7.706251
8.265969
8.30148
10.70293
8.363723
7.829586
8.872715
6.471961
5.59839
4.38691
5.729437
3.745628
4.803678
5.276245
6.023427
4.361854
5.672771
4.640857
4.441607
4.711169
3.944838
3.936399
4.579084
6.048513
6.941118
6.005728
5.979266
4.826327
4.846814
5.852433
4.856558
4.0327
5.834093
4.271111
5.889024
5.180776
5.665129
5.612438
4.153854
3.758406
3.836825
3.73563
2.881131
1.731124
1.597939
1.63926
1.816774
2.051057
3.533407
4.626357
3.846446
3.454332
3.842644
4.487711
3.568031
2.805467
3.694526
5.032022
3.887318
3.695326
2.137762
2.821317
3.569217
2.669845
3.870305
3.70488
3.372944
2.555488
4.18706
3.858295
4.14704
5.651753
3.76423
3.492154
2.460784
2.841548
2.868765
3.283991
2.897877
3.180288
4.090081
4.003795
6.38147
4.499394
5.700913
5.427249
6.521984
7.091478
7.712551
6.230525
5.000651
5.312341
4.55711
4.559235
2.939359
3.452855
4.460082
3.589503
7.054946
5.712298
6.657475
8.535949
6.103552
9.573677
12.12644
11.14313
12.15789
15.44786
11.2523
10.97041
10.48193
7.202439
4.909656
5.97897
6.969874
5.717633
5.76853
5.434675
6.465814
3.956685
4.65896
4.349587
4.572724
4.59948
7.098099
5.939724
3.922705
3.562492
2.840877
3.36285
4.648544
5.889576
6.962593
7.598692
7.409507
5.900239
5.330121
5.726767
5.739718
6.461424
6.445546
7.800308
13.71691
13.45969
16.2544
11.53245
11.20325
7.814204
11.66336
6.627281
8.830366
7.896205
11.05921
9.179531
7.310633
4.511574
5.481638
5.701324
5.0569
4.364175
5.163318
5.319227
7.263028
4.810388
4.213448
3.627354
7.141252
6.424449
5.903951
6.03726
7.249988
7.28935
6.592504
7.294914
6.18038
8.07943
8.008105
9.259966
4.6636
9.614315
7.153362
11.68922
7.297615
8.850736
8.927913
7.444636
8.216218
7.594695
4.662685
4.080722
3.282401
3.337503
3.64399
3.231891
2.890203
3.096898
3.385898
2.197269
2.087254
3.188213
3.048022
3.00098
3.196822
5.100865
5.188794
5.714726
5.329894
4.426998
4.814508
7.057048
7.7405
7.48429
5.545345
6.112729
4.80194
5.114152
4.791639
5.707404
8.126564
7.725128
10.87469
8.538843
7.579233
8.754416
7.401553
6.824857
7.183502
3.228186
3.039458
3.444655
2.549808
2.852633
2.87404
3.415487
3.660629
4.57376
3.201687
4.257206
4.288187
3.108005
2.659035
1.943455
1.907093
1.949776
2.297033
2.40274
2.980789
3.516568
3.690315
4.476524
4.104775
3.92761
4.006173
2.850129
3.406554
2.765662
4.327455
4.87672
4.119661
4.626495
6.33673
8.960677
7.161356
5.921319
7.594803
8.822329
10.38213
11.94575
11.37052
10.19661
10.49579
11.98826
11.74514
9.784754
10.93797
11.68653
8.140803
5.890611
7.67616
8.017081
8.384781
6.791415
7.452765
4.902562
4.713739
4.133097
3.607345
3.386833
2.965588
2.448021
3.145004
3.38692
6.033026
4.251721
4.888095
4.055363
4.610104
4.076064
4.916234
3.838863
3.566399
3.6485
2.83979
3.762915
3.47726
3.352625
2.013319
2.292898
2.961514
3.232004
3.359175
3.02745
3.289116
5.124683
5.635002
5.267219
3.147668
3.764277
4.694923
5.44483
6.105413
7.590378
5.759865
5.621204
6.17129
7.741418
10.81716
6.184014
8.544838
6.251502
5.453426
3.370005
3.708405
3.94365
4.862585
5.480164
4.978311
4.010757
4.230725
4.55166
4.407078
5.067005
5.541459
5.725797
4.627745
3.637255
3.875785
4.526286
6.151375
7.933159
7.362024
10.25009
7.431152
5.524177
5.249812
4.986241
4.59674
4.538521
3.955578
3.521204
5.46781
5.927611
7.450656
8.841176
7.150237
8.892866
9.004567
7.197859
7.490002
9.517061
8.479024
10.5412
10.11351
8.324311
14.36389
11.86436
10.92975
13.70907
11.36892
15.53364
11.49602
13.11157
19.11298
16.28894
13.73744
10.84493
12.58556
12.32035
10.8732
8.306411
8.165059
7.820232
7.794109
8.167577
7.708141
8.029104
9.768181
5.682109
3.96037
2.727987
3.118451
3.912075
5.090338
4.395064
4.019547
6.10308
4.817725
3.19037
2.589813
2.779403
3.806206
4.342986
4.030814
4.844095
4.81228
6.334882
5.392847
5.688453
6.936811
7.378493
6.891423
5.43214
2.904293
2.656674
1.457531
1.697573
1.989844
2.22226
1.865827
2.530872
2.930895
4.429308
5.021062
5.293849
3.59992
3.490068
5.266238
4.422914
7.979972
8.842142
7.139093
9.948203
10.21646
8.234859
6.167099
4.733997
6.994585
8.641206
12.5415
9.495822
7.817635
7.037918
6.958622
8.137978
10.44447
13.56652
10.7024
10.58405
6.96207
7.108324
6.896171
7.471103
6.521661
7.654421
7.110056
6.152497
5.911617
5.342755
6.330206
7.806363
8.904577
8.610891
7.713639
8.188603
11.94006
10.01698
10.21422
13.18865
11.96423
14.88397
8.996226
12.53126
11.17907
10.15867
13.17226
19.08518
15.661
11.85043
13.67469
9.411075
10.64204
10.79119
8.402211
10.96628
12.41892
9.296664
13.35995
8.745812
5.441912
6.200676
6.872341
6.460504
6.105502
5.932681
7.026981
6.085172
6.374138
7.463434
8.607245
8.960033
7.188555
9.226303
8.674681
7.076492
6.770249
5.113875
6.362529
5.146839
4.169461
4.046772
4.142506
4.258912
4.218153
3.766723
5.076128
7.819054
8.171446
6.767683
5.480882
4.112585
3.52016
3.948644
6.215622
7.622201
9.117402
8.244303
4.963655
5.775067
5.497244
5.605069
8.564118
5.668827
3.782663
3.529982
1.956239
1.925593
1.836663
2.490642
2.699025
4.44276
5.98418
4.793561
5.364582
4.203948
4.559684
3.809261
5.096671
3.104447
3.154528
3.209804
4.728385
5.960449
5.928476
7.034867
6.576575
5.511817
4.420992
5.134952
4.657938
5.951962
5.948627
8.619294
9.096863
7.236558
9.561053
5.757169
3.462573
2.837888
2.968867
3.094035
2.875256
3.581737
3.872003
3.919211
6.1725
6.338586
4.155199
3.401185
4.136629
3.98194
5.812511
6.382745
7.486623
12.6694
13.73556
10.26219
13.13403
10.36499
8.16164
8.5824
10.30641
9.205038
6.791172
6.886291
7.475554
8.275747
10.01035
8.345284
4.802324
6.33656
5.477119
5.002825
3.289024
3.281259
2.821629
4.140045
6.008466
5.017293
7.353357
8.277569
8.221818
7.190108
8.014678
9.242761
6.980221
8.04448
8.042663
10.65141
9.777435
6.828793
6.295855
10.01448
11.438
10.08914
9.015636
7.307654
7.986304
6.650073
6.905983
10.24175
9.030164
8.446597
10.32177
8.172738
8.631843
10.35472
13.42715
8.844351
11.99323
8.324283
6.022569
3.807373
4.78388
4.394529
4.031044
3.240071
3.872764
5.816454
8.929072
8.935463
8.796191
9.865972
8.11542
5.140238
4.070321
5.305116
4.567082
3.519712
4.803301
5.548383
4.611609
3.692927
3.58313
3.377704
3.447567
5.000961
7.365727
5.454753
4.082228
4.089424
6.872985
4.799742
6.235408
5.889438
7.778481
6.362953
6.35334
7.634641
6.815437
4.4883
4.58596
4.836474
4.431695
6.400738
8.196531
9.076417
7.213936
5.435827
5.448249
6.673348
6.921517
3.717671
3.451699
2.985372
3.364058
3.622473
3.688087
5.718009
4.730537
4.668571
4.492015
3.586417
3.476843
2.911584
3.760994
3.192746
3.582317
4.197411
4.11611
3.67598
3.228266
4.093678
4.377604
4.111086
5.598726
4.765211
4.075113
3.838272
3.725828
4.002715
4.474863
5.660471
4.88984
4.593205
3.585823
5.757741
8.08437
6.722925
7.947138
8.801232
12.15276
7.926743
8.512557
7.862168
6.734257
10.40444
9.875263
11.5488
9.32944
9.682213
7.39365
6.142257
5.650696
4.96805
3.663559
4.412662
5.678567
3.920042
3.656693
5.238319
5.292887
3.659964
3.67804
4.923056
3.190666
3.544605
3.539304
3.072989
4.390895
6.743879
6.13991
4.666225
7.238803
7.969269
9.05515
5.765547
4.457266
5.418514
5.130234
5.872216
7.87713
7.715112
9.362982
7.373137
8.200399
11.9482
8.817839
8.370675
10.52648
8.428566
7.254595
5.733395
3.41812
3.887438
3.283208
4.213593
3.639759
4.543574
6.379506
4.640494
3.759723
2.298802
2.120908
2.332453
2.241183
2.260958
2.913344
3.685556
3.137254
2.891824
2.779731
2.896185
1.585629
1.99508
2.174226
2.460614
1.829128
1.60306
1.948683
2.012183
2.788718
2.908485
4.230283
4.596213
9.521001
11.73982
8.945438
4.037246
3.104446
2.886585
2.339159
2.235203
2.163022
2.770097
2.684237
2.919406
1.776868
1.456933
1.962277
1.882736
2.524406
3.476999
2.860735
2.784285
3.999236
4.690817
4.767228
5.646316
5.255522
4.145672
6.168773
5.424591
4.247872
4.091924
3.191112
3.671173
4.036889
4.051924
4.87811
4.50604
6.205199
4.579624
5.404199
6.19742
5.168798
7.607631
7.467705
7.494392
7.578735
9.827958
9.182377
9.71935
8.831749
4.904216
4.580598
3.749879
3.425418
3.121764
3.404405
5.210223
6.764801
9.03287
10.61571
8.786455
7.632246
8.694174
13.72146
9.230965
9.778335
9.612182
10.86969
12.7574
12.69889
10.71257
11.0336
7.55295
5.320924
6.356016
5.007944
5.125649
4.206522
3.349437
3.671594
3.235542
3.730642
4.121131
2.039599
2.766906
2.711144
2.778344
2.504997
2.672837
2.169957
3.337963
2.056754
2.589653
3.170533
2.787784
3.904004
4.535786
5.219355
5.397413
5.821504
5.229973
6.382692
6.268901
8.64442
6.842903
6.871288
7.465948
6.909311
6.278714
8.791905
8.932516
7.16773
4.054928
5.153201
6.372635
5.50629
6.529313
5.375144
7.941053
9.098953
9.779815
12.12926
8.671783
9.95239
6.847491
5.456528
5.728099
8.942638
9.724584
9.997583
7.012664
8.80481
9.401331
7.371654
5.158363
4.426579
5.665835
6.355528
7.508545
7.175753
7.429514
6.669279
5.638495
7.59957
4.628894
5.076602
4.697311
7.073012
6.272514
5.231675
5.371292
5.75064
7.565472
9.036354
9.578336
7.769837
6.22772
7.595653
9.760369
8.060285
7.32797
4.931688
7.550354
10.48816
7.516781
7.721531
5.347637
3.524186
3.546037
3.288896
1.731743
1.659335
1.015768
1.11177
1.38454
1.444626
1.762135
2.538824
2.83048
3.563436
4.173166
3.740015
3.417541
4.64235
2.996386
3.685427
3.605868
4.711736
4.49398
4.761584
3.623937
3.596202
2.865743
2.731914
2.069962
2.349117
3.12046
1.73539
1.636173
2.260582
2.361524
2.748682
2.732426
2.417547
3.416423
3.18318
6.232421
6.531323
5.730667
5.385994
3.473174
5.758171
4.978735
4.155174
3.472336
5.529655
5.858664
5.858831
5.004832
6.560535
6.122712
6.222187
5.109058
6.473255
6.672204
9.283892
9.52381
8.220066
5.34056
4.69666
4.266687
3.304497
4.551045
3.102324
3.050271
2.441752
2.460552
3.510552
5.229663
4.322552
6.241067
5.18203
5.354007
4.089388
4.54017
3.706821
2.350714
2.796774
3.409822
4.939718
4.800964
4.645442
6.074588
9.254119
11.99492
12.84709
11.78862
17.55246
18.11061
14.07744
12.78156
13.5989
9.588339
9.693445
7.632019
7.246552
5.594343
4.538344
3.657572
4.92806
5.299784
7.887051
10.42346
10.93956
10.10835
11.02863
5.180882
4.116246
3.118803
3.44063
3.738957
4.410117
4.826368
5.014834
4.984884
6.343717
5.97966
7.466655
7.522691
9.247211
10.02137
8.148316
4.244572
4.219409
4.278398
3.562463
3.673505
5.453161
6.337359
5.54679
5.244973
5.246403
6.811368
7.028597
7.430389
6.276105
4.208913
3.625024
3.930189
6.938677
7.89654
9.03473
13.32786
14.65059
10.63312
11.92417
9.657307
9.302107
9.671984
7.757515
7.389598
6.472814
6.638794
8.663317
9.988641
11.2522
8.47309
8.255481
9.429314
9.648705
14.29648
14.90112
10.79937
11.25811
11.14815
8.807826
7.470226
5.575533
6.607184
8.26395
5.304458
4.85221
7.390638
7.114734
6.115445
8.907967
8.573873
7.564539
5.310838
4.224877
3.676661
2.547096
1.608047
1.811594
2.651792
4.598223
3.585409
2.939852
3.405172
4.446343
3.897627
5.474183
5.603184
10.71614
13.22306
8.815195
7.551074
5.526469
4.640041
5.673141
5.907813
6.432401
6.242392
4.964639
5.262756
7.569328
11.75598
8.203876
7.75326
6.114005
6.71015
6.846985
7.481269
8.541316
9.175167
8.269259
6.528427
6.38261
6.006847
6.230156
6.224661
6.338602
5.780724
7.998121
4.962252
8.793899
6.751419
5.303063
5.069576
5.056037
5.187051
8.650806
9.803349
9.785195
5.915531
3.903281
4.812358
5.805603
6.678264
5.380204
5.552268
4.375865
5.094727
4.382018
4.376941
4.968243
4.491273
4.072719
4.748241
4.365209
4.662119
4.572506
5.524902
7.960031
8.916041
10.67196
8.742986
9.711078
5.74626
4.290509
5.983626
6.801892
8.625775
9.058624
7.364606
8.278645
10.49287
10.65955
7.887504
7.990369
5.860228
5.823219
8.504808
10.90861
8.562312
8.392313
6.626333
8.783029
5.799001
7.072772
5.651887
6.872152
5.349004
6.593828
6.910258
5.670663
4.520223
5.753228
6.006745
4.442923
4.961585
3.54996
4.554161
2.668443
2.048416
2.246184
2.727566
3.390672
2.609511
3.260678
2.666924
2.116532
2.568765
3.402854
3.721356
4.044588
5.025489
6.352065
9.091153
8.347395
11.87418
12.1198
12.61859
12.88955
17.74986
13.97195
13.28686
14.67534
19.74608
18.17518
13.86876
18.44385
14.42138
10.69352
15.78322
16.23039
14.95112
17.21293
11.53358
15.4625
16.57498
13.53369
8.425363
6.60868
5.576701
7.246514
5.01455
5.044606
6.197217
7.164777
6.962135
7.782145
8.296854
8.470686
7.059451
10.41388
11.46491
12.01384
9.355859
6.782106
8.042493
7.908397
6.657763
5.653329
5.723357
8.409312
6.082061
5.919864
8.606782
10.93745
6.974223
6.944061
6.897749
9.121926
7.431741
7.541927
8.112954
7.701019
5.640867
5.907829
5.274217
4.989062
5.492578
8.318571
7.874
9.393612
12.6729
8.105201
7.103121
5.9813
7.075335
4.577531
4.887406
5.178348
5.754137
4.935514
7.478622
7.705114
5.043123
8.511405
14.22089
18.06415
14.97395
13.83726
12.69543
14.81008
15.66418
16.44771
16.98024
11.79675
9.792926
12.19012
9.371439
6.354513
8.664274
6.160736
8.791934
11.82301
14.2718
20.87756
18.18782
13.3101
13.80738
11.92432
12.9422
11.6106
8.337235
7.705262
9.387803
8.026504
4.913478
3.199392
3.982276
4.066915
5.102641
5.757415
6.646277
4.883521
4.493034
4.9095
3.88748
4.08793
7.995846
9.365999
7.93972
7.423286
8.242658
7.566177
7.658477
7.404523
6.762237
4.909399
4.429803
3.239976
3.287495
3.508571
3.646691
4.138068
4.3443
5.721796
4.624147
5.267602
4.085913
3.687428
3.361926
4.874275
6.224927
6.999903
8.663543
5.688242
5.012834
5.860026
4.720795
4.585565
5.905377
5.522242
5.194161
7.242545
9.674535
6.489876
6.774519
5.968006
7.437835
7.531449
8.522888
5.794775
5.187216
4.758964
5.729835
5.990335
9.541581
8.845453
8.377725
7.946328
7.970041
9.934321
8.58492
9.983668
10.99677
9.514732
9.263979
6.386936
5.278181
8.47353
8.652726
9.050525
9.873117
8.517219
10.28802
13.40931
7.643649
7.255538
7.815776
4.832928
5.780124
5.653305
6.924189
7.572431
7.653723
9.085256
9.318488
10.12455
8.214725
8.100314
6.090448
6.171852
7.232594
8.544673
7.863445
5.542803
4.912486
6.092969
7.393394
6.756592
10.59233
13.27477
13.11465
11.36941
11.46313
9.546356
12.67186
11.14716
9.677585
9.827086
7.527328
6.761407
4.19552
3.28899
3.534235
3.927562
4.132922
3.353432
3.142453
4.322755
3.654184
5.318295
5.702618
6.650424
4.881623
3.851466
4.865714
4.362467
5.340429
5.043873
4.562971
4.784638
4.93909
7.261193
7.887976
7.183789
6.488598
9.805799
10.34829
11.90997
10.20288
8.785246
7.858852
8.341483
8.774886
8.000222
11.21146
9.149836
13.66827
17.2114
13.9821
14.39446
10.29264
9.495668
10.28225
10.60767
8.601896
7.815708
7.273861
5.612351
6.390832
4.476222
3.190813
2.34836
3.290072
2.804929
4.394763
5.000434
5.71059
4.875926
5.167869
4.120179
4.17296
3.126247
2.66533
1.809416
2.513064
3.106651
4.58242
4.591274
4.620518
5.137414
6.608052
3.378063
3.758863
3.609038
5.581898
3.387584
3.609789
5.21816
6.057487
9.41496
8.033734
8.650764
7.142586
6.789514
7.467541
8.799882
5.823538
6.817316
8.763921
8.366724
8.320111
7.164911
3.957463
3.992235
3.879202
4.958364
5.21026
4.695186
3.291387
4.465587
2.114023
1.895965
2.86121
2.555496
3.101195
4.178969
4.937677
5.745931
8.024423
7.557153
6.612201
5.837426
5.968601
4.010893
6.527506
6.830607
6.807941
5.797531
6.075981
8.123379
8.922297
7.470056
8.59581
11.05706
12.99012
8.508104
10.52001
8.279909
7.317002
8.893303
7.114701
6.357713
8.785796
8.131086
6.731167
5.072363
6.698535
5.21174
6.877962
8.106941
12.03212
15.34774
9.526984
9.305956
12.01327
15.14975
15.24954
13.86708
15.58309
14.09671
13.73396
8.393219
7.340264
8.13707
6.193861
8.663694
8.960097
8.081638
6.931381
6.586826
6.460215
6.55081
6.436
6.757217
7.085501
7.382436
9.411827
10.91892
