26.14092
27.13314
27.73772
27.21394
25.71216
25.12934
25.16296
25.56927
26.6786
27.50385
26.48581
25.34594
26.27617
27.4749
27.51146
28.49542
28.10865
29.50182
29.83359
30.88001
33.15394
33.68864
33.91779
33.87386
35.38708
34.79839
35.03565
36.76062
36.66682
35.95295
36.7757
36.29401
36.02284
37.22656
37.63487
37.5243
36.25081
36.85989
35.47468
34.12006
35.26475
36.18701
36.87042
39.49419
39.43684
40.05286
39.72687
39.65699
39.6277
38.46051
37.29887
36.69714
36.021
36.2826
35.50077
35.20242
35.92751
36.13574
37.2431
38.42955
38.6744
37.07819
37.22715
36.51933
37.37283
36.24293
35.04531
35.67259
35.81541
36.95291
37.04009
36.8071
35.50955
36.60717
37.3346
37.23253
37.32446
36.91792
36.90587
37.10996
38.3054
39.25313
39.24276
39.93508
38.12357
40.0103
40.33889
40.4155
40.24631
40.49383
40.58499
40.58516
41.33752
42.14917
41.02259
41.59901
42.08319
43.03636
44.73298
45.73957
44.15047
43.23892
42.42244
43.98202
44.56409
45.72796
46.98267
46.96418
47.70955
49.37816
48.55865
49.73281
49.36771
49.56213
49.71748
50.83465
51.35005
51.02164
53.30117
53.28301
53.69093
54.54476
52.46566
51.54497
48.57504
49.9219
48.70174
50.42488
50.72194
50.2348
49.98891
50.09838
50.96428
51.63003
50.52022
50.91074
50.95098
52.69259
53.21268
52.76888
52.34799
52.69347
54.29676
54.77981
55.01745
54.74224
53.28153
53.69382
53.12491
52.5936
51.58141
51.29444
49.80189
49.70031
49.17273
48.62571
48.49599
49.4722
49.79673
50.25548
50.99757
50.9597
50.5579
49.14574
49.64084
49.67731
49.8633
49.912
51.5956
51.81525
51.48162
50.33994
50.47387
51.97033
52.33867
52.58303
53.63711
53.58066
53.01916
53.60101
52.37355
51.30535
50.47322
49.60049
49.87133
50.11031
49.02121
49.78156
49.34928
49.15728
50.38512
49.79168
50.44732
51.3765
50.65443
52.26855
51.95466
52.2082
52.93324
52.8386
53.8891
54.1848
55.82946
55.89486
56.34697
56.51794
56.03767
56.51601
56.69016
57.67533
56.15914
56.77376
53.96209
55.28533
55.6644
54.95521
54.49263
55.37519
55.79889
56.50526
56.44805
56.56377
57.49023
57.82998
58.50918
58.22176
59.41151
59.92038
58.63534
58.29909
57.18229
58.21213
58.42424
57.86785
57.02937
54.56257
53.41146
53.45478
51.617
52.65268
53.64747
56.30146
56.35911
55.94182
56.23151
58.09862
57.71008
58.98969
58.41933
59.63447
57.95393
58.25416
59.13037
61.62964
61.61849
60.44092
60.39519
60.67221
63.07379
62.29044
62.67354
63.43607
63.19053
62.32578
61.26445
61.84842
62.6522
62.29825
62.64306
63.10409
63.05032
64.26742
64.92369
63.70871
64.04212
65.43859
65.89859
65.18286
65.96947
64.47936
65.23876
64.46968
63.52273
64.07415
64.4974
64.10802
64.70591
64.40583
64.66342
64.27046
64.61399
64.74709
65.14516
64.33131
65.03942
65.48777
65.83474
65.77873
66.23273
66.45552
65.99173
66.16841
65.49799
66.65509
66.06695
64.97099
64.98221
65.22813
64.66708
65.07018
64.79507
65.34291
65.0048
64.71972
63.88601
63.06822
62.92533
63.66467
63.47139
63.37977
61.96202
62.20115
63.40229
64.19527
64.1401
64.1833
65.07605
65.21397
64.47311
64.47172
63.86165
63.57118
62.57757
64.16564
62.95493
62.61607
62.01045
60.87907
59.13419
60.01752
60.13367
61.09672
61.36594
61.22281
60.12873
60.36443
61.51133
60.90832
60.60824
59.33716
58.47652
59.51355
60.59616
63.29801
63.11057
63.33103
64.89186
66.35074
67.01556
66.63215
66.89139
67.22479
69.16062
71.1584
72.40986
72.63173
73.84859
75.75743
75.6347
75.93513
75.02389
73.99089
74.78375
75.28567
74.56315
73.52742
74.79547
74.34656
75.73445
75.798
75.98499
75.05833
73.97267
73.94661
72.78348
72.92177
72.84304
72.57061
73.0881
72.32349
73.54474
73.47974
73.90468
73.42268
72.64072
71.50312
72.19876
72.95821
71.57787
70.23094
70.0474
70.97827
70.45929
70.31902
70.53843
69.56893
69.11814
68.57128
69.35044
69.45454
67.4642
65.33678
66.19724
66.43339
68.76708
69.16163
69.07453
68.38081
68.60535
68.05042
66.14322
65.66973
66.0464
67.67866
69.33077
69.5181
69.8887
70.65537
70.38859
71.05327
70.07273
69.19174
68.17588
68.13894
67.76721
66.61199
66.1195
68.52143
68.03816
66.6933
67.76032
66.84174
66.12342
66.7965
67.50371
67.72177
67.19871
67.15138
67.58257
67.70521
68.15225
65.62881
65.39663
65.31416
65.38395
68.39823
68.20052
68.53066
69.44127
71.32348
70.77298
70.18906
71.33897
71.99782
72.25421
70.73102
71.30172
71.55613
71.55658
71.41492
69.76989
70.08572
70.29755
68.83739
68.61831
69.18712
69.87244
70.50577
68.60349
68.39537
69.05849
68.82559
68.11578
67.79304
68.38035
69.6851
68.9218
68.82786
68.20555
67.53667
68.64671
69.54423
70.36442
70.72583
68.96414
70.29387
69.24733
69.46505
70.43627
70.77653
70.32153
72.2667
71.92276
71.33545
69.81125
70.63722
71.30887
70.04811
69.03475
69.52584
70.04011
71.43796
71.05915
71.00741
69.90883
68.8286
67.85956
68.60216
68.48757
70.32769
70.12135
69.16926
69.00685
70.04179
69.48732
70.07454
71.14239
71.75136
70.51141
69.99328
70.14218
70.49075
72.24002
71.14086
70.8236
71.46836
71.65239
72.24623
73.67683
74.62588
75.73814
76.67578
77.08012
78.0812
78.74297
78.56539
78.73496
79.57548
77.50762
77.14307
77.72846
77.75888
78.92762
78.78083
78.81376
77.34019
77.18313
77.35499
77.47352
77.99557
77.14382
76.74108
76.60452
76.80685
76.64706
75.24033
75.24968
76.79687
76.05336
76.68189
76.77811
77.46276
76.58852
76.71829
77.23565
76.96902
76.44905
75.90938
76.87995
76.76802
76.06181
75.90723
75.98323
75.05724
75.50326
76.3774
76.93639
77.39319
78.16804
77.19773
77.05842
77.24713
77.83655
78.95681
80.48682
79.30453
79.54279
78.85772
79.9873
80.94182
79.95711
80.07025
79.17763
79.20997
76.97954
77.37555
77.63693
77.77774
77.25575
77.61027
77.37786
76.84306
77.18473
77.03692
76.83004
76.33427
77.66115
77.02427
76.58555
76.5122
76.90906
77.31024
77.72111
76.11328
78.14482
78.11488
77.52553
76.94314
74.73906
73.67317
72.84926
73.17661
72.408
72.14739
71.67988
71.63663
72.39139
73.11705
71.92466
72.22814
72.93746
71.67491
71.53767
71.58618
70.33197
70.81989
71.41154
72.16387
73.33611
74.03706
75.16472
75.86986
76.51457
76.22851
75.36872
74.37623
73.23158
72.79923
74.29312
74.89688
74.52548
73.96704
74.81001
73.67193
74.94146
75.3221
76.46724
77.69207
78.95746
79.56332
79.38844
80.47329
79.49118
79.21729
79.60347
77.07895
78.26598
77.7728
76.84756
78.39148
80.53328
81.56763
80.89097
80.75263
81.31515
81.24801
83.60151
82.87568
82.44335
84.9401
84.31435
83.70927
84.08787
84.87995
85.64922
84.69409
85.27978
85.47926
84.77475
83.77571
84.00786
84.56355
83.95155
82.85838
83.86316
82.82799
83.88258
83.88252
83.89135
83.4484
83.70069
84.7671
86.38978
87.47816
87.83168
86.90015
86.82428
86.26911
84.35742
84.74661
84.60506
83.28933
83.35677
82.45697
81.873
81.40751
82.36844
82.1126
82.7933
82.87498
83.49089
83.50076
82.03734
83.0739
82.93195
83.3273
82.40688
82.70929
82.37844
81.14121
82.32178
82.10031
82.4912
83.50703
83.1833
82.81195
83.71635
83.96316
83.38493
82.6538
82.17865
81.41293
81.01962
80.79691
79.26597
78.93551
78.92543
79.69866
79.13327
79.56297
79.48879
79.88013
80.19501
80.90292
82.4367
82.06362
82.14404
81.80758
82.87452
82.48205
81.91398
82.03758
81.39133
82.17531
81.93837
82.72831
82.56852
83.54682
83.42893
84.07335
84.78842
86.74793
85.79008
86.38377
87.34635
88.77115
88.39201
86.69946
85.57237
87.92431
87.03763
87.79552
88.07622
89.39932
89.32733
90.63613
89.5947
89.77024
90.0194
90.68093
89.6712
90.09514
90.66029
91.80651
92.84781
91.67384
92.21006
93.01934
93.72326
93.82371
93.64095
92.40385
93.11783
92.70265
92.66937
91.62179
91.53787
91.01175
92.11118
91.37149
90.191
90.13139
90.08745
91.12004
92.47389
93.08551
92.85849
92.78263
92.66968
91.82193
92.08567
93.1331
94.22678
92.5414
93.42324
94.02715
94.54658
95.76865
95.67237
95.73855
93.15801
92.61449
92.61175
90.27797
91.60942
92.36989
91.44658
91.38958
90.64927
91.82199
91.95267
92.66021
91.42878
91.73476
91.26114
91.84738
92.65758
92.78709
93.54098
93.33514
93.65271
93.64418
93.89851
94.62169
93.51223
92.98052
93.54331
92.87742
93.0468
93.34404
92.96732
91.2573
92.15719
93.1764
92.94673
93.84048
94.63346
93.00869
93.06908
93.86035
95.40198
94.72903
94.57196
94.74396
94.53908
96.1319
95.56232
94.48468
93.34607
92.7748
94.03135
93.02786
94.5469
95.33045
95.12539
95.82189
94.88769
94.30599
93.67978
93.73307
94.26131
94.38574
94.72053
94.507
95.58675
95.80809
96.68036
96.35414
97.67828
96.76508
96.57232
96.41076
96.59925
97.6637
98.09584
98.0328
97.94069
97.76227
97.88604
98.18096
98.95491
98.55487
99.03717
99.33324
99.65521
99.48455
100.8754
100.8674
100.8171
100.4392
100.5957
99.46333
98.54017
100.2042
100.3716
99.12918
99.5753
100.0237
99.30797
99.42549
99.61448
98.39239
97.56948
98.59768
99.24177
98.45448
101.0122
101.2609
101.9319
102.7088
102.0567
100.6527
99.38826
98.41189
98.23612
97.68425
97.1803
97.32983
96.45152
94.13305
92.63698
92.07004
92.41174
92.99961
91.51289
91.63576
92.16714
90.95242
90.98612
91.29784
90.53976
90.67911
90.00601
89.6572
89.67377
89.44123
88.80858
88.81412
89.43992
89.86861
88.50454
88.41532
88.603
87.56363
86.15932
87.01286
87.75779
87.82624
87.048
87.69845
88.54135
90.12161
91.16055
92.32314
92.50515
93.66536
93.61808
93.03384
93.18424
93.93078
93.85536
94.72041
94.78417
95.08862
95.40764
97.33243
98.59763
98.15673
96.39958
95.27159
95.94345
94.65797
93.80516
93.03505
93.41868
92.15164
92.14786
90.54909
90.61297
90.4286
90.9214
92.07405
92.68167
92.00803
90.47502
88.84672
86.81982
86.89428
87.26729
84.952
84.85403
84.30975
84.3275
84.81653
82.51294
81.2443
80.73587
80.00704
80.72595
80.03818
80.46936
81.42741
80.92549
80.68084
79.97588
78.82559
79.85197
79.11701
79.46273
79.14511
79.5446
79.868
80.38603
80.56823
81.30022
81.53184
82.65881
83.98318
84.6017
86.29573
86.99175
87.61605
86.2907
86.30781
87.19744
88.52057
86.93775
87.28576
88.64619
89.10404
89.00431
89.88101
91.38227
91.53932
91.58643
89.97079
91.3945
90.89512
90.36073
89.36352
90.07903
89.74709
90.08721
89.9208
88.39983
88.43778
86.32572
86.2807
86.75135
87.16986
87.67297
89.70766
89.28512
89.87956
90.36506
90.35289
90.15961
89.93185
91.49308
90.35396
90.77271
90.59295
89.97154
89.25339
89.5623
91.44491
92.6865
92.41715
91.12029
89.60998
90.68215
89.64441
88.56543
88.36729
87.87633
88.44144
90.87447
93.3052
92.07316
92.3132
91.47783
91.56624
90.16547
89.83067
90.23521
89.81082
90.5306
91.67363
90.35202
90.02954
89.56041
88.84222
90.86078
91.42184
91.20602
91.53758
91.94916
92.77138
91.97874
92.93571
92.89561
93.65081
93.17584
94.08655
94.48432
94.3362
94.24225
93.70001
93.74706
93.55696
94.43
94.60731
94.96754
94.21603
93.69297
92.47743
92.04074
91.55724
91.90282
91.30847
91.26013
90.0367
92.15146
93.14905
91.80679
93.02351
92.11811
91.82942
92.57368
91.21745
88.91317
87.79285
88.26887
87.78354
87.29033
86.27092
86.37087
86.83955
85.84978
86.95471
87.27724
86.7368
85.76549
85.86647
85.83169
85.32749
84.82853
85.14264
85.10922
84.54156
84.91771
84.37015
84.81867
84.3896
84.41514
84.07099
83.00442
84.57281
84.24401
84.79087
84.69597
84.21794
84.82494
85.43378
85.4478
85.01965
86.47526
85.63733
85.44601
86.23611
86.04537
85.85721
85.41355
86.97736
87.58348
86.94729
86.32985
85.17267
85.93259
86.85505
87.03991
88.26105
88.33436
87.49914
87.59379
86.71861
87.06606
85.69152
85.7537
85.00294
85.07208
83.95705
84.66957
83.9498
83.95083
84.02446
82.42533
82.00722
81.59784
81.5194
80.88646
81.59474
80.71659
80.25563
81.20947
81.2433
80.0417
81.24942
80.73149
81.15525
80.64832
82.12362
82.56521
82.90526
82.60089
82.54179
83.59155
84.29928
85.17188
85.7364
85.34293
84.74947
84.81669
84.14655
84.50909
83.80301
82.47096
83.09425
83.77726
83.85391
84.33397
85.01985
84.30267
84.16382
84.71236
84.72373
85.72314
85.25669
84.64313
84.66972
84.56384
85.84167
85.23971
84.40646
84.55039
84.73492
82.88133
83.43965
82.51703
82.48371
82.85109
82.02987
81.35484
82.16084
82.85782
84.00771
84.69771
84.72279
85.4253
85.36203
85.64995
85.07836
83.2959
82.15584
81.68164
81.12781
83.5433
82.19118
82.66543
82.86024
82.33829
82.02025
82.61029
84.86763
85.34842
85.98594
86.65335
86.02697
87.94283
87.19138
88.76215
88.63426
89.35908
88.91736
89.41608
90.37177
89.76404
92.02227
92.85889
93.60857
92.49596
92.21047
91.24676
90.63846
91.25856
91.73676
91.87532
91.04126
89.37757
88.03198
86.6271
86.16843
85.65712
88.04541
87.86239
88.01998
87.43793
86.47819
86.34985
86.79473
87.36421
86.17024
85.7452
85.39743
85.16889
85.92766
86.00187
86.36937
85.00589
87.7798
87.23627
87.5928
87.85416
87.55731
88.22878
87.73486
86.42745
86.852
87.11034
87.38839
88.70525
89.49965
88.15814
88.52647
87.35121
86.31652
85.44851
86.80152
86.27328
85.45869
83.21599
83.10734
83.26382
83.46963
84.14249
83.89252
83.49043
84.9709
83.90064
83.1893
82.65304
82.5557
81.64686
80.78866
81.60537
81.26831
80.51258
80.82851
80.73742
81.20204
82.64445
82.59804
82.07211
81.54112
80.98306
80.75779
81.86742
81.35945
80.74524
81.12536
79.05841
79.20725
80.4912
80.6231
79.09205
79.16525
79.67383
79.39578
80.38413
79.66905
80.06216
78.92909
79.15265
80.60344
81.06033
80.34229
80.56242
80.98283
81.65891
82.7766
82.55638
83.25359
83.02403
82.75294
82.69122
82.49811
82.6196
80.52015
80.78596
82.31737
82.94418
82.79458
82.84397
84.68794
85.04784
86.81893
86.03816
85.81114
87.2158
88.09196
88.41629
88.56481
88.34965
88.97847
88.26968
87.96599
89.12274
87.3928
87.84347
88.97982
89.6904
90.30253
90.71283
89.26985
89.65952
89.63858
89.34465
88.59246
88.15446
87.74333
88.99968
88.63631
90.35263
89.94408
90.99301
91.69975
90.25892
91.58821
92.09389
92.1272
92.39183
92.61684
92.49288
92.91128
93.11287
91.41651
92.28346
91.96069
91.56322
90.55572
92.10771
92.84863
93.62419
93.69382
92.01917
90.44943
90.76612
89.84339
88.8982
88.40786
89.1693
89.64067
89.47945
89.27702
89.69467
90.74905
89.30625
89.28586
90.16799
90.04107
90.6368
90.14187
89.91198
88.98707
88.11572
88.49322
88.80623
90.52411
89.90588
91.33412
91.05329
89.98316
91.03912
91.98819
90.56507
90.67309
91.0491
91.54751
92.55321
92.42034
91.1492
91.33355
93.16345
93.92592
95.32785
97.08193
97.01379
97.87829
98.50395
98.24371
98.06397
95.82918
96.33758
96.36395
97.02556
96.40005
96.50343
96.71702
95.97115
95.75814
96.02237
96.82205
96.85024
96.80933
96.37948
95.1211
95.57235
95.16942
93.19423
93.65032
93.2007
93.20107
94.11383
95.94868
97.07771
96.12436
95.95971
95.62398
95.27627
97.02811
96.16622
96.19245
96.91069
96.54609
95.86298
96.32686
96.89321
95.48545
94.53459
95.20834
96.21191
95.54256
94.82532
94.44376
94.45222
94.35631
94.28207
94.94144
95.77554
96.88596
97.08254
96.67736
97.47965
96.70145
96.10306
94.80377
93.26077
93.06101
94.33388
94.81644
95.14302
95.86447
96.37547
97.01435
96.02757
96.88703
97.58206
98.60435
98.33645
99.16139
99.55131
100.6322
100.0977
99.78917
99.00777
98.69143
100.8419
101.695
101.3511
101.3561
101.7783
102.4611
102.1405
101.9377
101.9228
102.3233
102.843
101.9017
102.7879
102.7656
103.4929
102.8339
102.3894
102.8459
103.3852
102.7519
103.7222
103.4033
103.3458
103.4362
103.3004
103.5858
104.2511
103.4847
102.8971
102.8647
101.8581
100.267
100.5361
102.2757
100.947
100.5191
99.84805
100.2526
99.88788
100.2668
99.90409
99.74956
101.1689
102.0597
102.6363
102.5563
105.0848
103.3347
102.5428
103.3001
102.5006
101.8345
102.1812
102.241
101.347
102.1664
102.2872
102.3651
102.7042
104.6526
103.8495
104.2169
104.9469
104.7779
104.5102
103.8035
103.7175
104.8145
103.3948
104.9071
105.6967
105.7853
106.0087
105.6488
104.6385
104.7123
104.3995
104.7264
105.7217
105.5916
105.9351
104.881
103.6463
103.7255
103.9535
104.364
104.8753
104.4972
105.6723
105.3834
104.765
104.7387
106.4949
106.1018
105.1146
105.4336
105.2465
105.8255
107.1065
106.9657
107.9559
108.635
108.0299
107.9775
108.1373
108.8113
108.2444
109.2083
109.483
110.252
111.5967
110.9891
112.3347
111.509
111.5587
112.0774
112.1918
113.4038
113.6256
114.2021
113.9301
114.5467
113.1524
112.3636
111.0137
111.9551
112.408
112.919
112.7818
113.3894
113.5958
113.4297
113.5073
112.4107
111.969
113.1036
113.5251
114.3338
114.5357
114.1953
115.4489
114.7095
115.4673
115.3861
115.235
115.8932
114.9691
113.8077
114.4422
115.7564
113.2935
112.146
112.7357
112.4828
112.8339
114.0686
114.6556
115.191
116.5016
116.9748
116.8829
116.5152
117.2987
116.3819
115.5102
114.295
114.1425
115.1369
114.5902
115.1955
114.4055
114.9582
114.1653
113.926
115.0277
115.8406
116.2097
116.0719
116.3673
115.9651
116.1688
116.2965
117.9492
118.1707
117.4084
116.8865
116.8041
117.1271
118.425
119.7158
119.1732
118.8109
119.3418
119.4259
118.9482
119.4918
119.2963
121.194
122.9469
124.2438
125.2838
125.4271
124.8011
124.5119
125.6709
126.4172
126.4087
125.8495
126.6792
126.4728
127.1861
127.3006
126.9692
127.032
126.762
127.9819
128.3496
127.3091
127.7889
127.3568
127.5827
128.0123
128.7292
128.0897
129.5361
129.9429
129.1624
129.6438
127.2518
126.2979
125.5889
123.9701
124.1299
124.294
124.3667
123.1875
123.2768
123.295
122.5815
121.9303
122.8664
123.6436
124.457
125.1533
124.1386
122.2938
123.1894
121.0922
120.873
121.3521
120.858
120.8372
121.2283
121.9213
121.9751
122.1623
122.3088
122.8197
123.3139
122.6624
123.0619
123.0551
124.2587
123.6971
122.9677
122.7274
121.4483
120.7425
119.7293
120.5033
119.6153
118.8902
118.0056
117.8477
118.3747
118.9591
117.6095
118.5429
117.8695
118.0162
117.408
117.245
117.0411
118.0916
118.3327
118.6761
119.979
118.7747
119.0167
118.1872
116.8088
115.2838
115.7519
116.5122
116.9259
116.994
117.5343
116.256
116.5912
115.413
115.6973
114.5074
114.6753
115.347
116.0076
117.205
117.4585
117.1008
118.4065
118.6431
118.7177
119.8089
120.2594
119.708
121.959
120.2647
119.6212
119.9653
120.0064
120.8417
122.0981
123.5349
123.0819
123.2195
123.2692
123.2939
123.0437
123.5323
121.3192
120.452
121.3924
121.4024
121.4217
120.3196
120.1197
119.393
119.5583
119.8363
120.2374
120.113
117.8605
117.2252
117.1924
116.5599
116.0019
116.0935
114.7924
113.1584
113.4702
113.0049
113.6837
113.2837
112.4612
112.4032
111.8635
112.857
112.2303
112.1443
111.8022
111.343
111.2365
111.8126
112.8382
113.5137
114.1277
115.5038
116.1233
117.038
116.722
116.3944
116.3127
116.6114
115.9673
116.4396
115.2467
113.7399
113.4056
114.1166
113.0844
112.5669
111.1862
112.347
113.098
113.5848
113.993
115.1671
114.164
113.174
112.2176
112.7817
113.0873
111.2547
112.6029
111.8501
111.8158
113.0676
112.2817
111.4744
111.6104
112.5421
112.706
111.7531
111.4565
110.9977
109.4282
109.2279
109.3312
108.7594
108.5232
108.3857
107.2948
110.151
110.5056
111.0217
109.9131
108.4687
109.5044
108.1435
107.8468
108.1418
108.8626
107.3897
106.5208
106.0584
105.7486
105.8429
106.6988
106.6772
106.7981
105.5885
104.7792
105.7879
106.6145
108.2854
108.2546
106.1646
106.489
106.9386
105.5565
104.9911
105.9038
104.8205
103.9161
104.4204
104.7659
104.4081
104.7408
104.3629
104.162
103.724
102.5888
101.8496
100.5091
100.7299
102.1886
102.5104
101.661
101.6926
101.9136
104.1486
103.8165
103.9274
103.7919
104.1944
103.2981
104.1694
104.7859
104.9746
105.9907
107.0457
108.0411
107.5255
107.6638
108.8753
108.2363
107.9421
109.3391
110.3025
110.0861
109.8294
108.1694
108.2534
107.2099
106.8065
107.5329
106.7976
107.3613
105.8254
105.3956
106.4564
106.9059
106.0763
104.3574
105.6721
106.6592
105.8309
105.3596
104.5636
105.0345
103.4668
102.1077
101.2076
101.0949
100.4097
101.655
101.6315
100.4137
99.41878
98.48735
97.96184
97.19524
97.47582
99.0184
97.98743
97.84985
99.14427
98.17286
97.90613
97.41999
96.96999
97.95823
99.22848
99.2231
99.7829
100.4473
99.4495
99.58147
99.63366
98.07969
98.65231
99.28896
99.37891
100.8306
102.1664
101.7674
101.5144
102.1447
101.7707
100.3799
101.8403
102.6797
102.9476
103.3878
102.2451
101.9954
103.1775
102.0558
101.5194
101.2971
100.5407
99.32378
99.51138
99.72488
100.3216
100.6383
100.4323
100.7187
99.56932
98.63737
97.83129
99.03676
100.3261
98.96089
99.63919
100.7478
100.8642
99.99736
98.0443
98.51708
97.54221
97.93136
97.4297
97.61924
97.39288
97.00805
97.17997
97.67473
98.44568
98.47723
100.1661
100.2426
100.9584
101.7666
102.2617
103.0483
101.8007
101.454
100.7167
100.3498
101.2117
101.662
99.1751
99.11616
98.02416
98.44183
99.3558
99.06345
98.82277
100.4467
100.6769
101.5823
101.4434
102.1033
103.1775
104.4695
105.2803
105.2804
105.802
107.3377
107.7352
105.5943
107.29
108.4532
107.9379
105.9464
105.5183
105.2219
105.2911
104.6227
103.3661
104.1404
105.8557
105.2625
105.0314
104.7881
105.4408
102.9278
103.447
102.9964
103.3715
103.9389
104.4328
102.6673
103.0932
102.7226
102.4434
101.4914
102.1136
100.5583
100.2521
99.68466
98.14282
99.52712
99.89693
100.1058
99.13124
99.98505
101.3084
101.1656
102.0527
102.4249
103.5177
103.8909
103.5212
103.2841
101.2181
101.375
101.7326
101.901
101.1379
99.39183
98.90439
100.5401
100.6071
101.5112
100.5654
101.0075
102.0059
104.5
103.5768
102.9353
103.7279
104.5153
102.6312
102.8617
101.7588
99.28152
98.88075
98.98047
99.29666
98.75052
97.78171
96.76242
96.30578
96.33013
96.48055
97.44069
98.21682
98.56247
97.71447
98.9234
98.43344
97.48617
96.41796
96.42061
96.98764
97.03921
95.29513
96.41405
95.91074
96.91636
96.38781
98.86173
97.08626
97.4249
97.23519
97.07701
97.38463
96.43401
96.5286
97.2163
97.31245
96.67701
96.09993
95.07284
96.45153
95.51472
95.1301
95.11404
96.00392
94.22249
93.96599
94.32738
96.61899
96.38399
94.84029
95.11451
95.08085
95.88793
95.83745
94.35106
93.59494
93.83758
95.65363
96.43222
97.15206
97.12201
97.43309
97.15272
98.94208
98.85822
98.57406
97.87196
95.99173
94.67922
95.28233
94.97816
95.19005
95.01684
93.7128
93.46497
93.70908
94.86048
96.18589
95.00403
94.58531
94.27891
94.21229
94.18198
94.27715
93.60932
93.88757
93.75499
94.11819
94.42645
93.20801
93.20888
93.06331
92.46422
92.92638
92.2559
92.94354
93.47151
93.2218
94.38916
94.87573
95.18126
96.33963
95.02264
95.36535
95.06677
94.36599
93.35164
92.55545
