9.58683
20.56015
27.48507
34.85295
46.63533
64.33518
70.05941
68.65482
95.63302
111.8193
103.5346
92.38985
92.67323
100.9687
103.0245
84.81331
88.57954
90.45557
85.24482
85.00806
92.83837
110.7284
89.41864
106.2062
91.15473
89.78399
82.23916
89.2044
84.36555
95.69748
100.0954
111.0635
101.1311
94.78506
89.61193
115.0714
98.67559
83.52361
107.2173
96.98433
86.52887
80.68841
94.45515
96.48194
110.8291
99.4356
112.8238
86.05396
98.37429
95.17883
89.1306
110.5258
103.8509
123.7196
122.2874
116.9686
90.67192
101.8184
100.7823
88.65575
82.75146
82.9625
77.16116
113.3547
90.1263
125.7791
108.4605
81.77732
92.3413
81.80426
87.96575
89.11673
89.19504
104.7293
107.2019
91.99863
102.9439
94.14455
96.9633
91.84237
115.5307
89.6385
97.4496
113.061
96.81693
113.2762
96.63421
107.1696
112.9669
115.7519
107.121
95.57163
108.0414
96.26804
97.25157
96.01778
99.49949
124.6521
96.52806
98.98882
84.1472
108.1358
103.1119
76.04226
97.61993
95.66587
95.45317
95.23438
89.02784
78.72282
95.60701
100.5068
80.05402
88.2574
97.75382
77.04954
87.43216
76.07043
92.72181
91.87541
76.04483
99.61505
93.61806
94.61472
92.662
102.005
73.29944
90.8767
95.91608
89.27058
100.182
98.08863
107.3786
86.347
97.04384
91.40039
123.9973
96.01503
100.8126
92.50835
119.5885
105.3773
95.64785
99.91806
98.61412
88.38321
88.64963
84.07995
80.77846
95.30677
80.46492
109.7125
102.169
84.13382
90.61326
81.53061
87.62962
78.13755
90.68283
100.8403
84.42853
94.86418
100.6432
91.53683
89.83623
88.72793
99.78688
96.61712
83.23617
85.03589
95.31194
97.67594
94.54875
112.3538
104.9966
78.89536
85.70712
119.6292
109.1901
101.2236
91.64129
102.7327
107.8112
112.2214
108.7275
89.60272
86.92846
72.63046
88.51836
89.72449
87.65832
103.6417
86.94197
111.2544
106.1347
101.193
97.59029
85.71989
102.524
102.3704
132.2978
102.0037
108.8378
99.90577
99.75763
100.0378
72.06337
83.47258
82.77429
91.20458
108.0124
111.7789
89.28437
99.04863
85.23894
91.36289
96.15762
93.13087
95.69099
89.48289
85.90333
105.4893
85.03696
114.6295
87.01249
102.0583
100.2862
103.3481
91.86614
93.74013
110.2863
79.20162
105.0244
97.87261
107.1188
84.7394
98.97582
92.97263
92.82525
88.66561
88.29752
91.17105
108.5898
86.34074
83.44971
83.43287
86.96024
105.7697
78.04364
91.63236
87.49532
96.87763
98.21328
69.19342
66.00335
80.60161
101.2034
79.45833
86.62326
93.78101
90.00708
105.2227
105.3566
111.4783
105.9132
103.9522
105.6901
116.8211
104.7567
96.5634
95.1396
105.1236
107.6527
100.5709
92.09082
85.435
96.34985
110.6652
82.87599
98.62037
91.59766
87.05849
87.21465
80.8232
95.54992
96.32907
92.61387
75.65748
83.33674
95.51437
95.67502
96.15073
88.79582
104.5199
114.0412
97.36123
76.61081
82.09505
100.9996
101.4134
96.51508
83.35421
93.49044
96.96274
95.82572
97.25959
78.56618
90.04171
100.3461
94.2196
102.0063
81.76651
101.429
94.69913
87.90937
78.80802
73.11736
85.29025
86.35271
85.73286
94.74188
89.27972
86.01077
97.35164
106.1399
104.7591
95.05611
96.88794
92.26522
103.1934
109.4524
88.94388
84.54082
84.20095
102.5833
93.28955
89.55556
95.24075
98.5381
92.23394
111.1636
88.24917
99.20194
92.81587
101.2747
90.88841
112.9255
101.5233
83.34483
94.10753
125.9409
115.3272
118.2997
94.53572
95.80996
91.18826
94.70954
82.69766
104.8706
90.86419
85.66276
105.0952
94.93637
72.61337
88.59472
100.5089
91.1505
79.93875
96.53979
93.97259
93.45504
95.51574
91.57588
101.1736
97.68445
118.3099
116.2589
100.8055
110.3568
101.4938
101.9531
104.0198
98.45597
106.5882
105.679
87.29889
122.7781
103.894
96.5846
94.2536
119.8189
109.791
85.22469
76.40034
65.66989
75.4298
79.4828
99.59411
91.66572
89.51426
114.1682
92.66471
105.5765
100.4089
101.3627
85.3943
88.65305
106.8483
110.5211
119.6805
107.4869
100.3337
91.48428
101.3926
110.001
96.33725
81.48521
105.4121
115.8866
81.45037
95.87973
89.9659
100.5308
111.3869
89.79172
95.62711
84.15368
80.75163
94.34127
89.18815
101.624
89.00686
85.87517
96.52086
101.8744
112.2636
86.80124
109.4581
108.8656
99.88224
100.3737
84.88766
94.01375
142.7004
100.746
108.1501
93.93941
90.01435
98.03382
103.0112
92.35349
105.616
87.89041
75.28766
75.45691
85.02599
94.77842
96.62467
95.2236
91.85314
103.7096
95.9557
90.10232
93.50877
89.4491
81.07879
94.22596
94.9704
78.57443
108.2134
120.0182
109.9438
112.523
77.61013
103.7541
81.65185
85.63516
96.27999
86.89613
102.4547
97.89046
120.6143
107.5109
110.1053
97.76763
85.45452
80.58869
77.9046
84.42224
105.474
87.21501
75.81996
82.79944
88.14664
95.37255
86.07847
86.9813
80.35652
82.00188
91.52572
88.90018
95.19942
89.29484
95.21661
88.80844
104.1464
86.40622
86.69164
99.09053
78.82856
96.74189
91.07771
96.68647
121.8413
95.33853
125.4055
106.9847
100.7142
78.40834
91.66793
84.86014
90.86724
79.1858
81.13018
100.0539
87.31689
105.1701
91.20328
109.8822
100.6304
93.34687
108.1312
101.7409
89.02688
107.286
80.79007
85.21076
77.05412
101.8673
75.3708
76.5398
81.63567
91.11005
114.0101
102.047
101.0663
93.89121
103.7518
117.8048
83.49767
91.08351
83.53459
83.47125
95.28487
81.5507
80.48514
79.44998
100.7952
113.9643
102.5962
92.81171
90.67968
115.7292
122.6715
101.0883
113.5951
108.8134
93.38494
103.4654
111.3839
116.3841
97.04417
98.76182
92.9884
113.2121
127.5579
95.26563
90.6287
100.9571
88.2327
109.7675
103.834
104.0895
85.43624
97.32129
96.0222
91.95617
108.9972
87.49562
94.42776
94.62943
124.2148
94.6324
86.28237
77.78181
93.9224
97.39882
103.0389
114.1187
78.7337
98.49497
88.68479
104.5771
87.63005
104.2406
72.54409
107.8344
81.03042
91.36267
84.56808
77.25083
103.3581
107.8494
110.7259
88.09249
81.97698
88.73711
93.16669
112.3567
97.37247
83.87002
84.04945
90.73858
104.6812
98.25645
86.44329
102.7217
111.2697
114.5436
100.5179
115.8252
107.8777
109.5002
105.0204
99.06468
95.21064
107.9409
95.09867
112.1437
96.64132
108.1482
79.12171
93.00938
92.34031
105.2145
107.2005
105.5626
114.5697
111.8701
96.83605
90.00545
100.6624
98.16121
104.856
94.70015
120.6079
99.21595
87.08279
75.6048
88.03376
76.74037
82.28063
78.89074
82.74346
90.70167
96.40613
84.49057
94.17463
80.71588
110.0395
86.1221
82.9475
103.493
90.39464
92.68453
90.46631
115.9313
109.4276
118.9691
96.97665
87.53951
88.96478
112.8725
86.41
95.75347
122.863
103.6774
79.52285
82.96489
79.48736
79.53694
94.98079
87.41069
102.5837
99.86
97.63916
102.8467
115.303
80.75363
103.8561
107.7492
103.7975
87.18022
88.07686
83.40804
107.2007
102.9864
79.83382
84.29854
86.10786
70.06125
78.53291
75.77767
76.65722
97.87747
105.6741
80.70403
84.23205
101.6682
93.14436
85.5089
60.96193
58.61824
78.80728
91.35501
64.21372
90.29525
83.89675
94.71518
99.79256
86.2478
90.12183
89.63929
89.82904
92.46054
96.17804
125.4799
89.48332
81.57941
87.05805
93.47004
115.4189
100.8593
92.92368
99.18217
77.67406
102.5218
100.3222
92.50175
86.58511
88.22498
102.2792
107.9418
119.916
113.7439
106.5158
100.0488
85.89762
86.76693
85.79005
91.95173
100.3604
112.0861
94.04549
101.96
116.8443
111.8002
137.4859
92.01065
93.52425
103.4243
73.28616
114.1657
113.585
82.56212
83.31997
109.932
104.1684
98.61713
96.56858
98.01793
90.8491
116.4297
116.8812
115.7917
98.17761
101.2141
89.41826
100.3229
88.43465
83.27116
87.19368
108.8789
93.33573
102.9624
85.09078
87.7201
99.99686
99.42594
107.5439
115.895
107.8498
100.4992
101.8408
100.4433
113.8555
108.2499
98.3376
94.51934
85.02471
104.6287
105.3492
108.5496
96.64155
79.94127
87.62194
105.0124
93.79324
110.4705
102.1041
93.23953
128.1388
82.89687
82.86995
91.76163
102.9986
99.85696
102.4223
81.61243
90.56839
111.9342
80.29997
89.71052
88.24941
87.25811
92.94083
82.73004
74.65926
109.6899
100.6569
91.57433
104.8852
82.58942
77.3113
102.5887
96.87333
88.87585
100.4759
100.1421
94.35466
118.5813
127.24
113.0826
99.88778
101.6552
111.3455
115.5922
136.238
119.3699
117.4857
105.3934
102.0522
107.9732
103.8097
81.67697
113.7012
79.3746
78.84681
96.14777
94.98821
83.5522
96.26447
118.9187
82.49676
114.0957
110.4317
99.36352
85.1253
86.18598
92.20227
103.1338
107.3956
88.90585
80.1451
107.4239
92.58766
86.2415
79.70598
96.14388
74.87122
80.76788
81.46734
91.78858
98.16334
91.10387
100.469
94.03246
84.39762
104.0567
85.63743
89.53287
93.5149
95.2871
92.8878
84.63949
85.98126
114.0536
89.04752
96.469
102.5122
103.9564
92.21445
89.02428
114.7658
98.01239
86.72167
91.1864
91.12677
88.81597
111.9112
110.4572
95.95168
86.81219
82.26449
77.50286
102.5854
93.34032
106.4535
106.0561
96.04486
88.24508
90.45001
95.19306
103.6769
85.85515
93.76612
96.72721
98.32086
120.6739
76.98482
99.73433
99.60797
121.7161
104.2399
111.1904
109.891
107.3828
117.5229
119.0217
97.278
90.34104
94.87203
87.25215
87.2472
94.34374
90.49838
105.1788
111.3581
113.1547
103.2465
98.02544
108.7764
82.64149
83.98332
80.45622
105.3456
88.64157
87.78442
92.8778
87.99702
82.11171
106.6168
96.66833
95.5327
85.84431
107.0735
111.2976
105.5299
112.4049
102.6351
90.62771
116.5075
107.526
92.89624
104.2525
106.4585
120.599
99.7878
96.60296
105.4404
107.2398
84.98547
106.7403
94.75945
95.69758
92.58305
100.5502
91.1995
91.831
98.86826
118.3341
103.983
96.08709
97.19411
104.4788
106.4888
115.7919
100.9717
73.22247
79.00854
91.93998
88.26016
104.2539
107.1398
100.2535
76.41297
94.6255
98.24457
102.2113
81.97487
92.92342
103.983
101.8249
87.82108
94.09644
95.03473
86.84389
106.7932
106.284
108.4788
107.9996
93.57402
95.41155
85.91504
92.73959
98.95854
101.9044
103.6471
117.4634
106.6363
103.3334
96.37596
96.57716
101.462
99.48376
106.5814
96.37576
93.52596
100.9656
92.70738
90.77978
69.57696
84.80941
100.2558
85.25082
135.1193
101.07
100.9774
103.3307
117.7466
101.9276
103.7823
105.2219
93.47364
76.4461
81.08408
87.13041
90.39725
102.9951
95.43599
72.29902
79.21389
99.851
107.9675
96.67328
90.30257
103.423
113.7838
95.66302
84.24038
99.20162
96.57527
82.51149
99.13855
103.2822
104.8468
107.3777
101.2461
86.38536
69.10517
78.45826
83.25
100.361
100.466
99.68859
97.84128
97.72395
90.61508
78.85278
100.2304
93.30993
108.2481
90.96974
80.98381
95.17474
92.80458
99.2451
106.174
104.1829
88.63107
92.435
89.2064
111.9408
87.08795
94.62305
100.086
85.9411
99.82131
113.3302
107.432
96.22932
102.7524
112.5157
87.7866
93.0479
92.96161
95.1175
97.48666
101.857
102.3697
81.63188
77.2978
79.22718
95.07763
106.3877
96.23283
104.9588
92.50608
93.99416
107.6689
92.87483
78.39382
107.4514
84.1537
95.26063
90.96704
106.8317
90.51957
95.35846
85.09686
111.2826
108.9156
106.9405
100.1063
86.6258
80.33431
98.59599
94.78573
98.55531
103.9285
95.27025
104.2454
106.6594
100.449
76.57652
112.0166
102.7423
100.6091
91.51172
91.29206
74.18367
103.1245
87.09667
87.19125
107.351
100.5583
96.82318
92.08229
105.3676
93.47319
110.5408
96.39733
141.6514
104.3658
100.6506
109.114
113.2937
115.22
110.4106
111.057
113.6708
88.45262
99.34335
103.4451
103.8155
78.04075
96.78759
90.82272
94.52885
106.5423
90.63469
113.8171
91.33594
80.41056
82.96888
94.88349
87.09548
90.9362
97.77759
84.49283
83.70722
94.98601
81.44931
99.60735
99.13871
89.13892
81.4897
96.56504
99.42501
98.17999
86.24411
73.33346
93.4321
109.1064
84.3424
82.11241
102.007
83.51389
84.54395
88.58003
90.75119
81.28389
85.75955
95.8383
104.3283
88.3574
95.2948
92.52547
92.24202
105.2391
109.1313
93.64754
90.06279
84.04527
84.2585
111.3526
94.75658
94.15728
91.86812
95.67186
81.57817
91.79098
97.86721
100.1312
116.5121
104.2718
101.7318
116.5664
88.56195
98.12048
94.49489
88.42496
88.79828
97.53921
124.7892
109.7514
104.492
100.9083
113.3071
71.86785
100.4698
105.2608
103.107
104.4856
120.5264
103.7699
99.48054
84.22326
92.92842
89.44789
101.8199
109.756
90.61496
98.54226
112.186
108.8253
125.2652
100.3258
107.5826
106.8537
93.08561
85.66693
97.22936
106.0231
86.91797
87.95987
100.3799
121.662
97.40397
98.25365
91.37767
102.7941
108.4675
84.42816
88.78126
83.42952
90.71215
89.03948
101.6901
99.10809
97.08849
90.80895
104.2889
97.59271
100.3906
120.7489
98.71276
97.93315
109.5209
93.90877
93.86238
98.81732
100.2103
91.61794
107.7783
101.464
80.96085
100.9938
106.8151
91.08745
103.0451
97.19294
97.05258
88.73586
85.96257
93.12413
92.41257
79.88205
96.34701
94.92746
91.43369
83.74435
112.3296
94.89112
106.6082
96.68846
90.96675
72.69158
95.23258
84.28487
79.65434
111.1151
75.90794
77.10732
80.43445
107.0478
120.4249
98.05049
120.4667
89.09237
102.6681
93.43605
82.0788
97.45312
97.94398
107.2882
99.8115
96.15478
82.84503
81.14301
92.23691
95.67876
104.6908
86.20616
104.4216
87.8076
119.1791
87.35548
78.8526
83.01744
108.0998
75.04132
91.95734
78.77581
102.2694
95.91481
90.96473
91.57522
88.0132
104.4834
86.38183
86.02279
104.5477
89.31837
100.3215
98.78416
97.77548
97.15427
76.29639
88.96953
86.9081
79.61158
78.66612
87.41369
96.96266
71.06174
69.32792
103.9913
90.48738
87.16497
93.0256
109.5568
82.04991
87.01387
94.17024
88.20933
80.3971
94.65153
91.75164
85.10677
98.44937
101.7227
107.4639
115.2581
95.91077
89.94053
95.14061
98.68142
83.11847
94.51306
99.37193
84.23634
91.32075
122.5706
103.5316
114.3162
105.1271
110.5903
95.24088
92.90481
101.4418
107.8493
105.3886
127.3728
102.8164
116.9677
100.3954
83.56319
91.24095
113.7564
97.36686
113.5921
83.96076
92.75821
92.15463
105.465
101.4127
95.63772
90.22984
94.382
113.2325
124.0551
108.0612
94.70888
110.8031
89.00983
92.29511
97.04708
106.8461
114.3358
72.26002
109.2985
105.149
93.7043
110.9789
84.93295
83.60999
84.78169
95.3426
96.4626
101.2964
95.97946
93.23667
88.13636
79.13707
99.74853
90.78945
96.74567
96.28044
110.0035
97.25069
100.1638
104.5688
85.67529
108.2603
103.9666
93.8672
100.9353
97.07625
108.9673
109.6525
89.91246
102.4317
101.3702
93.53069
92.4083
106.3248
99.68066
89.81833
82.67009
85.87764
101.7312
99.58652
104.016
74.25556
75.86173
127.2847
92.12692
82.40338
99.43135
93.09704
80.20924
86.86866
100.0244
85.05711
100.4762
95.7285
105.0459
94.82558
101.409
99.93753
97.47414
91.33455
88.10261
78.92532
102.5
85.57363
87.50953
97.70273
98.32061
80.73035
98.89535
92.64239
95.95174
104.1931
97.65145
91.57241
106.5906
92.56184
106.7599
105.5256
95.95302
114.19
89.24294
94.87273
74.2444
88.51299
94.58615
99.47238
95.58683
93.56609
95.8633
107.7993
106.1929
113.4833
80.96217
70.71498
83.66679
91.93087
80.69667
85.81633
82.50482
103.5078
83.94405
92.84331
81.3193
76.37161
82.60041
80.83426
95.04744
91.61013
81.84909
89.23838
94.6384
100.9125
108.2538
90.31883
91.23796
100.3581
92.38099
82.98432
121.4342
97.92535
99.41479
97.83582
90.8738
103.4828
118.1612
109.0395
96.67864
85.42391
101.333
94.90142
86.78237
100.3059
87.17102
77.94283
116.9849
106.8877
91.85684
89.61061
89.04291
97.54319
84.77247
96.05871
100.3734
82.55236
103.1102
103.6573
100.5399
104.1356
82.52577
91.37003
108.398
95.41864
96.34387
107.6498
105.6696
102.7536
104.3715
96.32906
85.48515
91.33298
91.9732
102.7853
104.5129
101.1072
93.69114
87.10278
84.76749
73.44107
85.26895
81.99183
87.29159
93.61908
96.90009
95.75215
97.66445
80.38026
103.5152
101.1132
109.6426
100.4383
97.04253
118.7846
95.76922
96.79485
96.09153
93.29933
90.94541
103.0437
84.34649
104.1817
105.8598
109.2942
96.76098
98.75828
99.10741
81.37038
108.3485
93.12113
83.98003
96.85648
83.44556
102.6993
83.96796
85.61361
84.00195
88.4237
69.7349
62.85196
76.16611
57.07533
92.99518
79.5589
93.80862
85.81204
101.7655
97.32251
96.55912
77.62454
95.94621
100.1614
79.6196
111.921
94.64974
101.9459
87.46842
99.25715
95.66102
122.9429
117.1546
104.2757
84.65001
93.81612
93.74489
103.8627
99.01578
88.58694
89.8055
87.95552
98.46693
80.25975
89.55764
88.85497
107.568
113.643
82.25101
92.88486
77.4433
87.6665
91.87628
96.86226
93.55777
90.82294
101.6182
124.8817
76.95226
98.57983
94.98927
94.21766
98.36175
93.24587
106.0121
76.20865
76.58797
111.4503
98.11292
100.1024
108.2315
102.1981
89.48914
94.60679
90.37896
103.9143
101.3537
99.36215
85.51062
85.04482
109.0311
101.6447
101.1018
89.44755
100.1663
95.51209
118.1174
105.1857
110.7272
116.8686
97.15387
116.654
101.6405
104.5033
106.8456
102.5929
105.0606
116.2555
101.2256
125.7895
100.2251
88.49711
100.8155
95.83788
104.835
112.0766
111.4419
107.7578
96.76387
103.6131
94.14338
108.4383
103.7199
89.30422
111.4193
114.6535
82.29276
117.0544
85.16217
91.23439
86.40776
100.4959
113.1229
119.6777
113.8922
103.5617
126.9831
97.86459
125.8714
110.9771
98.40903
92.44448
95.52566
123.4422
108.1774
119.4204
93.88457
99.60538
99.43717
96.96731
96.61054
93.20692
112.887
104.4726
111.8225
99.53557
87.92985
90.66097
131.0256
115.3755
104.5921
106.1738
105.78
103.5067
80.27116
98.87736
91.27254
88.40729
93.09433
88.49587
97.78044
79.50378
97.177
97.87257
95.20798
83.77419
94.68374
97.99583
104.1246
114.5473
97.50081
104.3986
120.0711
101.376
105.2998
91.88354
110.6955
99.40133
94.79345
105.0814
114.3333
110.4559
109.5953
114.1247
102.6292
107.0902
102.367
86.96974
100.484
89.31536
92.67254
82.81649
89.64333
104.3564
105.7893
92.01484
104.7787
87.85091
112.4596
93.0479
91.7408
87.34281
82.26819
107.6102
97.56406
118.073
109.9144
88.48867
104.4611
103.0398
83.97332
87.3266
95.65127
118.5117
99.73412
102.9176
98.33608
109.1295
85.70595
102.3373
106.6471
99.16291
86.39354
99.99871
86.10321
101.0603
89.48689
105.1699
81.90808
90.43468
92.33615
82.58056
83.40286
80.50977
76.58507
70.61363
93.97272
76.06125
64.68066
96.87297
75.1305
79.20976
93.62261
96.25619
86.93545
91.3222
90.9432
117.5362
94.33224
98.63435
113.5441
85.28454
105.2889
88.41953
115.5434
122.5508
100.1055
107.5509
98.31213
85.45984
81.36382
106.133
89.55051
115.7176
92.06936
78.54104
67.68065
94.15376
87.75012
65.34342
83.77617
87.38365
88.46113
107.0558
96.76625
100.7885
114.5895
90.04015
114.0301
75.55987
74.78631
87.53593
89.33107
103.4718
101.8328
83.37897
78.78885
83.09931
81.03817
118.7719
109.7578
98.27274
102.8526
97.17346
88.68932
114.8089
109.4914
100.3884
109.3201
96.38873
101.0022
108.0827
100.4772
87.66342
92.3375
79.45385
83.13651
110.3141
96.24107
102.1858
99.98846
104.3967
102.4541
104.8997
137.2518
108.2079
93.59118
84.5714
99.22742
105.8414
115.9784
115.8931
94.24996
97.04936
90.71797
89.73463
106.2759
95.57174
86.96515
102.0076
103.1202
106.4912
98.72117
110.6458
92.61028
93.84252
79.71018
117.5673
96.30429
99.11745
81.26173
95.92938
124.894
94.53526
101.5374
107.1976
105.2998
94.1488
84.30303
94.58281
85.95348
91.46486
93.37424
94.12224
88.10181
89.32401
95.30171
94.00578
97.35117
89.52356
78.7484
91.28879
97.39472
98.78173
93.75558
105.6593
108.7544
99.14903
97.0994
86.82228
89.29235
92.48333
92.46311
109.8953
113.3624
88.8017
102.8315
82.55029
78.55787
87.92681
109.2177
95.37608
98.93962
89.33882
86.69756
79.90574
66.57313
88.39363
90.29749
80.56854
87.82385
95.34946
90.70983
95.78555
89.55286
103.8984
107.4286
91.19656
93.31464
106.7398
112.8495
115.0151
107.7558
99.31019
90.83929
95.20297
94.91003
93.24481
92.96319
87.86297
84.25888
90.48859
105.5665
97.57094
100.7941
94.88188
114.0204
98.56611
102.3049
103.0959
85.81547
103.6745
88.10827
87.88289
81.38671
108.6383
92.58853
87.01407
100.7242
96.24848
113.967
96.3458
76.95255
81.48325
88.12415
93.6934
94.92996
89.11691
113.5872
94.78696
91.39225
94.85066
86.49571
94.40588
90.77399
82.75591
98.42671
95.57779
87.8311
94.71998
96.60075
99.79302
92.93753
81.84255
95.62336
104.0559
99.08296
87.33621
105.7632
96.56677
92.16898
107.7061
95.285
95.45454
86.95538
103.7511
94.74315
90.59983
87.48329
100.0912
100.0809
104.9735
105.6487
95.93173
111.7653
82.68487
89.74032
81.14166
92.80875
85.18878
99.19748
118.5144
93.06211
100.7329
114.0755
91.72846
114.1218
101.6508
86.68615
93.94075
90.92644
101.8644
81.25327
100.4673
86.14935
72.13087
92.28626
93.59541
97.52405
95.58394
109.5192
76.71661
92.79368
76.92817
68.64623
92.18767
90.70341
83.76743
91.81343
89.48669
92.79946
97.84696
90.32013
86.50129
73.44983
98.72121
101.2361
86.00279
94.03207
97.1878
104.275
101.472
94.85442
86.12656
89.83778
110.1031
97.14074
89.57855
107.978
107.0253
112.9205
111.715
95.97302
93.94285
90.7078
97.05711
102.8561
78.58574
84.56243
71.14991
81.69059
72.22165
76.35548
88.34171
101.831
89.88286
81.08773
107.1347
112.7315
104.4276
106.2728
97.21091
98.05235
93.95032
89.25187
96.49388
102.848
117.3564
81.14868
82.26204
106.8396
96.35503
85.25036
99.56001
105.5956
97.92054
100.388
111.4417
98.71206
109.9854
118.1571
87.48498
104.436
89.24271
93.61833
92.68428
90.38798
94.5089
108.5805
112.406
92.64423
120.2032
110.9764
97.79097
121.1392
94.49361
90.28752
80.01784
86.22627
100.2952
108.9766
104.048
88.20811
88.26149
107.6888
107.1373
67.8827
81.96623
88.61145
96.83447
74.30531
74.25048
92.84386
98.03367
89.36682
119.657
123.0806
91.66508
111.0375
100.202
110.8023
103.3503
101.9972
75.02501
103.28
92.16745
115.5405
87.52311
95.29613
101.1984
103.659
109.483
111.0935
97.59548
114.7469
93.72672
97.99656
85.25591
86.85608
96.3977
98.86983
99.53053
97.70507
98.4863
81.58643
96.42828
80.41225
85.66231
98.8742
133.2039
97.05881
102.0293
90.19702
93.75013
99.212
98.04772
95.82747
98.30396
120.9965
106.5275
102.7867
115.7568
98.83393
97.7908
112.9907
119.7721
106.2639
103.3207
95.63736
107.6609
106.4814
97.05245
93.27471
98.13333
91.85685
101.2322
98.43217
99.02809
116.8296
99.00036
97.46076
85.10851
83.16729
76.85873
72.90928
65.87571
105.8545
89.46837
97.94766
96.94244
106.3102
109.2284
108.7797
104.5823
107.5617
114.0242
108.3032
92.47981
84.26605
88.1845
89.29688
97.08587
87.80379
102.3066
106.384
90.23831
110.0037
102.3348
76.12329
93.74111
71.33768
76.99758
83.77424
99.97994
90.01992
107.1544
105.4827
110.4377
99.89017
91.72684
100.5134
91.96248
89.89223
107.0675
96.29812
106.3569
96.87784
112.8797
88.49826
104.9975
82.38022
94.50862
88.40728
92.15156
89.40513
99.41444
91.09631
88.58907
89.26136
90.13337
94.11168
