72.40429
58.79767
61.74128
55.66775
46.11766
52.0746
41.43514
52.57901
48.14625
52.13447
49.394
53.07868
50.1846
54.12975
45.72163
48.36395
41.74005
40.73168
52.37128
43.98974
39.43995
45.99211
46.03333
41.41938
43.57919
39.07649
40.57018
40.47848
47.41899
40.15349
45.23471
49.66995
49.20233
44.66215
42.38428
51.55043
45.56959
39.69854
40.72555
42.18176
40.54966
40.48006
39.35575
41.44061
39.34663
37.70851
41.97958
40.41133
50.21957
40.32708
50.24385
48.0992
49.99684
57.54514
51.65645
49.58445
48.30237
48.3748
45.9615
46.21924
57.44183
50.38206
46.46714
41.41497
44.95843
37.03509
41.1116
41.40714
46.27848
43.23168
46.32523
43.04335
51.19623
51.44303
48.72431
48.95772
46.07971
41.74309
36.33332
40.35247
48.23907
43.06143
42.03526
48.28567
51.16861
47.92876
51.80028
51.60664
49.0765
54.72267
41.92774
44.50282
47.49285
46.86821
46.31319
43.75049
42.6681
42.03817
42.06678
34.0101
49.03407
51.39322
55.82521
54.726
55.75226
50.61018
56.24467
48.93625
50.34645
48.96019
49.49698
51.15744
49.01243
43.38333
47.18359
44.96958
43.1239
57.27783
50.49626
43.86688
46.28233
48.86757
50.05117
48.6885
46.12401
41.15805
48.19387
41.88893
39.34438
41.96436
45.10118
42.13487
43.20169
42.5841
39.52769
41.91274
36.79088
45.85278
42.70699
43.08913
50.87529
58.37793
47.45389
53.45007
50.60281
46.76403
49.2437
43.53466
51.94054
52.95683
56.69459
50.46518
44.68153
45.18399
42.12143
44.85567
46.67419
42.87977
46.34068
48.40952
45.78797
44.67756
51.37919
52.14491
46.11773
47.97741
42.87793
38.7204
42.20022
47.15322
43.73214
42.6453
48.91706
42.32396
42.97926
46.42819
38.39054
40.61515
42.76028
51.2929
42.50041
38.5176
40.68411
49.40845
48.22166
50.79141
43.33885
41.67227
40.85334
41.83804
42.44799
43.33526
43.05127
51.29168
48.10521
52.25906
49.56701
41.39861
49.32526
48.46598
41.83673
56.05544
49.58381
42.22822
50.15262
44.09394
48.8469
49.05028
43.64478
37.86601
48.48522
41.33379
35.14071
40.73874
43.81808
41.99451
42.76532
41.39692
42.75349
48.40265
36.30765
43.09214
42.23017
40.20316
46.76058
44.99724
42.62038
38.65974
39.80899
40.14637
39.89155
42.67467
41.32157
45.52865
44.25109
38.99779
37.05694
44.99858
39.88674
48.96472
43.45021
38.9951
41.73934
37.91246
48.54524
46.33798
48.68364
42.38085
43.98277
35.82222
38.05073
42.40185
43.93548
44.56642
35.98606
41.65884
40.73277
44.4961
41.28646
39.80201
44.40265
51.82492
54.91705
54.03351
47.97506
40.44176
48.90029
54.28993
43.76444
41.53553
41.25503
41.48213
40.47582
38.5943
39.98127
40.8886
34.90421
42.17992
44.39436
50.231
41.80826
44.1855
46.95637
50.18331
45.99674
52.32783
47.77532
52.97308
47.93067
46.61455
54.50064
42.71836
55.02016
51.11763
44.62213
40.08493
49.79062
39.24957
41.66118
41.50332
47.32464
44.85886
52.32098
39.12064
42.89409
38.28019
36.76887
43.87934
40.90698
50.72339
37.72812
44.13366
47.67578
48.42882
42.32511
45.60213
42.26054
43.07119
40.02701
43.90561
43.76659
43.46226
45.57647
42.59343
44.55259
50.74252
46.17459
43.60745
42.07187
42.3597
48.69989
43.65531
47.1041
48.13618
46.38657
45.23118
39.27891
42.9455
45.11015
35.91713
39.37687
49.79879
37.73979
39.18842
39.82082
45.66265
41.37309
45.19494
35.10531
44.84118
40.07956
42.04368
39.47785
40.18853
41.89895
37.52123
36.12051
44.63402
47.66958
45.90831
41.00202
47.17976
46.60926
46.34873
40.09753
45.42659
46.52338
42.31796
34.44034
39.60978
41.38912
44.5425
37.61879
37.65568
56.17526
49.51743
46.15736
44.89146
41.27027
46.79094
40.79389
56.85616
54.96241
40.97615
40.26854
43.86715
42.91709
45.86079
42.5146
37.73988
44.69037
38.01068
46.22455
57.52527
50.99266
46.58286
44.60142
42.4341
40.43631
44.37431
49.46699
49.35895
49.56267
53.14898
48.44739
42.30115
34.35857
38.21277
37.78624
45.87437
43.74244
40.95044
45.91955
44.62367
46.03308
42.70008
43.74192
44.43964
44.20346
38.93258
43.38424
40.44853
44.17028
49.75486
44.12749
42.92191
42.4765
47.39759
46.53345
45.42975
50.7629
40.46701
41.99671
43.39006
45.38009
40.39248
39.63914
36.73702
42.89825
38.59366
55.3158
51.91405
47.70642
51.44242
52.0657
54.44991
41.87887
52.17573
48.18031
43.134
45.50675
41.87897
44.49466
38.18707
43.64727
43.18846
51.99995
44.1687
43.08881
41.34069
46.43761
45.43802
47.12171
43.25295
42.37323
38.63407
41.65243
43.33229
44.73754
48.99978
43.21471
48.74744
38.38217
39.68597
40.83041
46.55426
42.11606
40.83962
45.37245
38.55199
42.9706
47.89617
50.35641
44.01688
51.40687
50.27833
41.01951
42.09128
48.15775
56.26274
50.7828
48.74747
47.32327
51.98639
46.22414
53.56167
50.26939
49.98928
47.46475
46.2438
47.63978
43.07715
52.49105
52.47766
47.99199
59.87138
54.07496
47.13406
42.15525
47.56769
50.49614
53.22131
53.28012
51.67889
48.55943
55.86965
46.76416
45.04859
45.21958
43.14013
44.50871
42.35134
39.87823
40.12167
42.30803
45.14652
37.01104
50.17777
45.86602
40.23246
44.85538
55.42627
48.95564
45.35262
48.52878
40.37856
43.7753
42.60489
41.37859
44.40027
46.30308
53.61547
45.38235
48.28733
52.87621
46.285
46.5334
48.62031
49.61637
49.10934
50.38681
42.78056
47.54174
39.48875
41.18095
39.52439
52.85534
44.50582
45.6204
49.07078
44.86335
49.70908
41.73014
44.08302
54.7001
38.22926
41.24449
40.21514
41.78867
45.96885
54.31781
39.95659
58.01717
48.04593
47.39032
46.86944
43.79049
44.69292
46.82857
42.49953
46.64447
51.30465
44.40019
44.04506
39.59497
41.263
47.20962
50.99382
47.54579
51.3505
50.60772
52.82027
49.46517
40.25496
41.85377
39.01753
40.98936
40.68275
43.59029
41.82641
44.70282
37.85585
35.11451
40.48583
35.13375
43.28634
44.78355
40.33204
41.55567
34.98822
45.04262
45.49898
39.6357
41.45281
42.57448
42.26334
54.78784
38.31659
38.76491
44.78641
43.72812
42.41437
40.39041
42.60542
47.51322
50.1326
46.83267
37.80451
41.23689
38.14025
41.46706
35.85469
42.38585
43.15053
45.36598
40.98917
45.64128
37.80315
44.67982
39.86589
39.60478
37.03651
34.6279
39.17163
41.31236
43.66204
34.44981
43.68567
39.96194
45.50073
51.31343
44.43968
44.11075
41.6183
37.47068
43.64237
47.38028
47.48809
39.45508
43.11722
41.51715
42.82708
48.45927
49.51603
42.15271
40.00069
38.42409
44.81943
41.24626
42.95912
48.5358
46.29761
54.4728
48.33497
50.76906
41.96607
41.65633
49.10748
45.96232
42.25383
43.00704
41.80524
43.91891
41.54683
46.74155
38.5042
50.01159
46.08755
40.5116
44.27057
39.54948
36.70826
42.58574
44.95126
39.48572
33.86607
36.40186
43.07732
39.02805
38.54595
43.39039
45.24768
40.34353
39.62421
40.19961
38.92567
40.08208
42.70622
44.34855
46.87377
43.83881
41.59533
40.0916
42.03146
41.912
43.56344
49.45597
43.70106
42.2494
46.97485
46.11543
46.57679
44.24782
46.6168
42.18207
38.20421
40.43206
37.97027
35.09633
43.34944
41.53384
43.6838
47.34138
36.34038
43.13646
46.93271
52.9687
37.29862
45.52391
41.76222
50.04066
46.85066
46.58223
48.24667
38.02958
50.90591
46.01268
40.2878
44.99219
58.70739
43.10771
49.57645
47.08807
54.29194
44.13666
47.89399
49.11172
53.97928
50.72063
48.50512
43.64417
45.46789
39.15579
39.17458
48.65174
41.26362
43.00463
43.42215
44.98983
51.41328
42.35207
43.25955
47.83708
46.35083
43.89261
48.65366
46.0178
53.8736
52.66908
44.18447
46.13836
43.58152
46.96152
48.502
39.61559
43.73441
49.46422
41.8716
46.28592
41.28438
39.73558
42.81084
41.22943
42.40533
50.30266
41.60502
40.90436
50.25516
47.30264
37.12151
36.25904
42.67498
47.59367
39.07879
40.94854
36.9111
34.01618
35.83709
34.93415
40.40772
42.02065
48.68071
37.98095
45.1247
43.19334
49.09657
41.63122
35.49764
34.30243
42.30177
37.381
46.93603
43.61717
46.64535
47.54858
48.8979
38.61452
36.64045
37.98267
43.92448
39.58
40.88062
43.03593
47.23129
53.54323
46.02089
41.65479
43.49693
45.16437
41.14781
44.65613
50.1999
40.73325
51.28007
50.96713
45.13308
40.43282
42.73934
40.4862
50.2446
44.48105
42.22016
42.58675
41.06703
38.07242
38.64431
37.26824
43.69993
43.22363
46.09797
49.85724
47.32195
48.19623
46.84013
57.45263
42.25291
44.25982
49.6369
46.60273
48.29733
43.41002
48.35619
38.18956
40.90621
42.30599
44.70189
44.31596
37.52848
40.70593
43.59553
48.49155
48.79278
41.42021
37.20218
47.2574
43.33874
39.45995
44.02982
38.91768
39.33479
38.9671
42.66414
38.067
40.93095
38.37168
40.36434
45.72138
48.20943
39.4226
53.26
45.60811
40.58659
48.90421
42.45399
40.85833
39.63319
37.15704
48.04042
47.31577
51.1709
46.15063
42.76414
38.37784
41.96798
48.47363
37.83551
40.80578
43.35821
44.45331
48.81209
47.52141
42.50105
43.12344
42.61073
45.39957
43.24951
45.72945
45.10051
45.31923
38.73698
43.32573
44.07381
50.66497
53.12157
48.57765
50.27817
44.15047
52.90802
46.74877
43.36008
46.55916
39.11613
49.84924
52.03677
59.04497
50.8741
48.33912
41.86435
43.98093
39.15648
47.33512
47.61263
47.83729
45.0144
49.68628
48.14104
48.30451
41.81157
48.79809
53.00826
48.27599
43.6683
46.11338
42.99835
51.43944
47.00839
52.7785
48.35065
45.41504
48.60598
51.5522
45.09944
47.67137
40.48986
43.55615
41.37542
36.80097
38.04021
39.13478
42.13218
40.46704
47.00648
44.2376
35.89628
44.34666
45.83023
45.51111
53.63879
44.25951
51.62646
43.08907
51.61029
43.37664
44.60821
46.70398
49.18485
53.10622
39.41923
44.79458
40.19625
52.75298
50.31967
39.76097
38.44788
41.9067
39.41276
43.60257
48.58509
50.91761
49.9865
44.60891
40.2168
46.73471
45.18459
46.09014
45.31117
50.56829
50.54778
47.68262
49.45573
50.55536
39.21911
46.21534
51.72163
54.78
58.13397
50.98129
49.98315
49.14987
49.99224
46.07114
47.36594
40.35048
44.91368
48.30482
46.33863
48.8748
48.09002
43.30404
45.81668
36.18004
42.51658
50.15428
46.18981
44.73762
45.49723
51.34354
48.57504
49.71429
56.29305
48.5696
44.30106
42.00171
39.38831
36.54899
46.39307
42.28712
42.46494
44.79404
42.71097
41.7712
47.96741
46.53017
44.52666
47.5552
47.58364
46.34883
48.01118
37.70424
39.20221
45.69748
37.7178
48.81445
52.3572
39.27555
48.52011
50.10344
45.28524
43.55258
42.68288
48.57147
47.73886
43.78938
48.85633
43.86216
39.06271
42.76587
46.38674
46.20789
41.16277
43.69725
44.05645
47.4987
43.23146
49.57865
44.77581
52.47046
36.68632
40.22659
39.38443
38.46711
41.16048
47.61112
40.73516
41.70922
44.66295
42.71538
43.22035
42.81319
45.98322
41.99384
42.25413
51.29583
44.4179
40.81629
48.04657
48.33335
46.89953
44.50144
45.0797
45.12391
40.90796
43.94688
44.0192
38.39559
47.99817
47.42906
56.80792
47.03653
57.10295
48.63942
49.9198
53.30638
44.22103
44.02296
52.35236
47.31354
41.73212
50.32952
51.38615
49.02896
39.74325
41.53183
46.94846
44.727
40.01352
54.7404
44.17743
49.76418
42.40469
42.9834
46.07437
43.79933
44.66224
41.75129
46.20538
39.25263
41.34617
42.21554
37.0944
46.54991
43.00405
50.31408
40.08848
43.49533
47.37462
49.53899
44.31276
41.56767
42.96
50.61226
43.50348
43.10723
36.70892
49.31283
47.28978
49.14983
42.39222
45.92489
40.76636
39.04382
51.21914
47.65414
42.17594
43.23114
44.96481
40.23247
33.50449
38.79887
46.0346
50.96215
38.79047
45.91091
36.40207
46.97394
43.48393
40.0743
38.80179
41.92301
41.1508
38.06579
43.3113
50.80873
48.30361
42.87855
41.38831
43.70338
49.19473
43.37551
41.412
42.45781
43.71353
34.23404
38.63694
39.28702
43.55654
39.86872
40.05342
41.20038
46.10768
43.94595
46.80946
48.12283
44.61037
42.67331
49.06019
42.18924
51.79387
43.27873
41.0385
42.06538
45.08436
49.76739
48.26977
49.07675
42.20127
38.67559
44.28066
41.84491
46.1047
45.20457
49.24598
48.99275
52.20169
46.05403
45.63578
45.02929
44.68428
42.61834
50.4384
47.34167
46.2018
43.65394
45.42498
43.87156
47.68255
44.14484
43.87268
42.26002
43.07425
46.03795
46.80393
47.00801
46.11926
50.39794
51.08748
43.62052
48.70253
41.97627
42.27337
46.09191
42.64098
39.83712
43.5048
47.25407
42.87702
44.8102
40.97472
41.1993
42.36329
44.7447
41.14171
46.7481
40.27217
43.69952
45.72785
47.18724
44.20634
43.65675
49.23626
50.3453
40.647
44.98736
49.05191
44.51513
44.89817
43.92965
41.18556
39.90836
42.89699
44.55469
40.42221
40.13234
41.31559
36.37264
47.95681
43.54004
44.837
44.04575
38.93951
47.49951
46.00755
43.45427
41.84271
49.12298
48.53156
50.68373
50.28914
47.42338
42.08052
41.18898
48.19702
39.89271
40.69133
46.11416
42.98672
45.31883
43.94746
45.9284
36.22874
45.13865
42.07212
43.09314
48.96451
40.92917
36.99369
34.50972
39.79471
42.17624
38.8708
39.77061
46.18687
50.29013
43.84352
44.04198
48.95868
42.75623
43.01184
42.72673
37.72977
44.21302
42.41444
43.39433
44.205
52.65782
49.13912
40.55825
45.5844
51.55268
49.46178
52.22025
46.10986
49.89742
48.09486
48.88452
50.45593
52.95957
55.95021
40.16701
40.63969
56.08487
45.66224
48.47997
43.93719
46.92466
51.32593
45.27542
42.74112
53.67092
49.91661
49.53072
49.5864
49.90171
45.13932
44.45851
46.09203
39.77251
45.8119
54.01585
52.30635
54.87204
51.58458
43.75336
41.78685
46.05826
51.83294
48.0337
43.13663
44.43786
42.6335
44.8381
43.14021
48.68985
44.78324
44.94251
47.36368
43.97009
37.7623
48.34441
47.9091
41.56298
46.45691
46.42235
55.2642
51.17226
59.85788
51.94962
48.37228
45.89393
50.67346
50.70182
48.71708
41.60317
43.53487
33.18691
46.16731
49.71147
40.88252
40.90624
46.09431
44.08846
44.13838
38.37758
37.09582
46.89084
39.65407
41.3198
44.41497
52.69962
44.3466
40.65267
43.44258
42.76612
46.78352
41.38213
47.4576
40.72227
48.20328
47.45526
41.95241
47.58247
40.49073
47.02919
46.06262
50.71304
54.95786
43.09759
55.81907
49.45078
43.34702
49.59252
41.19971
44.58839
50.20168
60.21738
47.55455
46.30371
42.10588
35.88139
40.04522
43.39187
46.83628
48.02212
46.49622
43.83311
45.34072
44.13499
36.09879
35.37671
39.22528
33.07299
40.23379
40.78936
41.58144
42.69264
48.11304
52.12439
52.15611
49.59345
50.21817
45.41438
54.37562
44.11569
43.76283
47.51262
48.14447
45.13391
40.51328
42.66585
45.45813
41.44309
42.08293
44.43757
51.01122
47.17466
47.92481
43.42893
43.8705
45.80326
42.58859
38.50002
40.91751
44.78945
45.86392
43.24508
40.20695
47.10878
48.91983
46.52699
47.63267
57.60065
45.48602
45.54713
48.44085
45.26043
45.75028
50.83813
38.12008
43.7472
51.46705
51.64692
44.06056
40.44473
49.3488
50.31302
48.38687
39.75443
40.33529
39.01486
44.76247
47.78985
47.1528
50.48579
43.36244
54.58389
48.32639
45.75321
44.25077
41.78657
43.42662
51.39206
42.90494
51.67703
44.47596
43.94581
40.96894
41.81808
45.89797
42.5698
43.16284
39.49234
46.24059
45.20491
43.10471
45.97094
49.30021
44.88136
49.4903
49.8176
46.35894
42.72683
40.10355
45.52496
41.84418
39.29181
42.14485
45.24441
41.21079
36.30877
48.36153
47.62565
55.63277
49.50654
48.5649
45.8549
38.60225
46.31264
42.42088
42.90314
36.55376
48.64306
46.60901
41.97027
45.03772
45.47159
39.71167
42.81761
41.22104
52.176
44.04781
43.26177
38.52056
36.32998
34.60915
42.19077
46.00389
51.29433
52.65553
54.36993
50.06857
43.20767
44.88806
46.9613
44.48992
48.69227
52.84303
48.48983
49.07644
46.32752
53.67836
54.85933
47.80533
48.25348
40.43768
42.85256
48.81245
43.0222
41.58033
47.92861
35.86234
46.31653
45.22171
31.29336
34.60981
38.26731
37.14061
34.23746
34.58075
46.11766
45.67473
45.1325
46.79152
49.03605
45.95774
42.62756
48.76125
37.87734
40.49249
37.60298
46.65483
48.82693
50.28609
45.12994
42.32618
37.94313
36.60819
39.33351
40.75403
42.11992
40.78149
42.90968
52.44318
46.13768
44.11137
42.12881
48.75468
40.56056
41.91134
46.41761
40.19953
48.46602
44.6302
44.83622
51.86051
42.36808
42.07269
53.16444
56.23077
49.25317
50.0887
40.60773
47.15162
42.47405
50.05203
52.64012
46.40592
43.43697
47.80186
50.94969
39.94802
45.64091
41.47921
48.88978
47.55272
54.21728
51.62451
46.62132
47.05537
46.85422
42.81566
47.97576
53.05136
51.37242
46.41405
47.91804
52.52888
44.01396
47.87108
41.78556
54.33637
50.15082
49.8832
52.2817
39.07904
46.23175
43.78905
42.8092
40.8602
48.692
49.13765
39.12264
45.52712
47.75793
48.12128
45.92393
47.33524
43.71704
43.49782
49.35815
49.22392
48.68866
49.3266
49.47883
48.98805
54.58414
47.94814
54.78567
43.69131
52.71961
53.75372
49.41426
56.49109
49.37691
48.91057
44.76745
41.74408
43.12573
43.97866
41.44425
45.38894
40.72343
42.35955
40.31862
35.75779
49.65246
45.92424
46.74373
44.03235
45.6171
44.57626
41.28098
48.35654
48.34713
43.54686
47.43661
45.74998
44.67164
49.45635
43.52305
48.99952
49.06419
53.43455
56.33724
50.05509
53.50569
55.98484
52.86039
47.32891
43.26699
43.86254
44.0766
42.65581
38.09444
42.54281
42.32543
38.02309
38.24106
35.83439
38.63117
45.20641
53.9977
45.17055
48.53141
48.61144
46.27764
43.78989
44.25915
50.70372
42.14775
36.61016
33.35778
37.17024
42.82945
43.87569
44.89223
46.71517
43.59281
50.13581
40.14171
44.77702
43.67502
44.01186
42.54564
48.58068
45.1939
40.29215
38.93889
40.64666
42.07388
46.8382
52.51224
54.19786
46.43287
48.64772
44.87922
44.11363
46.56067
49.85099
52.10273
50.52617
43.69731
37.39016
40.76557
39.62235
41.97773
49.23568
46.06941
42.05058
43.49786
42.82716
46.85794
42.24022
44.45174
49.73736
52.64611
49.07884
45.84095
47.94654
53.03933
44.99565
38.86381
40.58925
46.88136
42.19093
41.73705
40.43877
40.07561
45.18007
45.33446
47.56213
50.90147
55.17759
47.74623
45.64457
49.56341
51.95264
49.14756
50.284
48.45408
44.88581
43.49949
45.5424
40.6257
41.14806
48.81422
48.94123
46.48103
46.65956
50.59596
43.20496
46.94058
46.35844
56.41684
52.25408
42.18797
51.99701
42.64873
37.89437
36.44303
38.84069
48.2103
45.59003
40.7358
54.14901
42.67529
51.48016
48.07418
41.65657
49.50981
46.66114
51.24268
48.83279
38.5074
41.00028
38.11092
39.40405
38.58182
42.39657
46.71395
49.86212
41.65051
39.05421
37.52807
38.76152
46.10854
39.65085
38.04133
46.62842
42.68936
48.39209
43.4708
43.04726
46.70868
43.74746
40.99675
49.16235
46.5237
42.44611
40.84004
45.60411
42.18714
44.11425
41.14504
48.4068
45.00705
42.18189
46.31863
45.2837
44.24275
46.17616
46.88816
47.48315
41.4385
53.59975
44.54082
49.14057
46.9647
47.84596
52.85635
41.61172
48.4164
40.14714
40.11943
48.22344
48.10328
43.38934
42.09451
43.08244
44.85691
45.14012
46.09648
60.46332
47.59122
42.66596
43.46682
44.62467
46.0301
44.76929
40.94283
42.45696
41.81123
39.27651
45.09464
42.10875
42.12307
46.54036
47.5299
56.56685
48.20407
47.95473
46.19912
42.58913
42.64837
43.2491
41.93524
47.11982
42.58352
47.69252
47.00729
50.3648
50.58486
50.80188
46.11293
51.9631
46.92194
43.70941
52.39892
48.22374
49.12605
55.23636
47.48502
45.56957
46.80816
49.61932
47.9137
43.57303
51.49643
49.13392
44.98313
47.60768
42.93258
49.75235
45.51141
42.489
39.0752
39.18878
45.11788
39.05579
42.71314
50.73381
45.58293
48.21253
34.89595
39.09206
38.54022
39.16218
42.20834
44.09996
38.5822
47.46536
40.79671
39.76771
44.94667
46.20513
38.50714
40.7734
44.26171
46.39329
43.67754
47.35308
53.25934
45.59825
39.47562
50.70645
43.54548
44.89566
40.03418
45.95814
38.97421
41.77349
39.98155
37.79778
41.02137
42.43074
41.53349
44.8618
43.2837
42.72472
44.93395
43.23921
39.94259
38.07238
38.59398
51.07615
46.02413
43.47947
37.40904
41.21114
47.52311
47.94282
42.79891
43.77138
48.92172
48.62807
40.74312
46.01143
43.17983
55.30439
47.38218
45.77718
41.9361
42.89109
37.09229
49.45752
59.03324
52.6635
39.89943
43.67703
44.54133
39.9746
39.58758
52.01145
45.88408
32.74567
38.21398
41.47373
33.97445
37.93489
37.15758
44.01445
49.49432
41.80528
40.28399
43.02561
40.2678
44.37507
42.64101
38.21054
43.00312
43.78232
37.93474
46.22926
41.7104
40.72051
43.52635
48.44183
48.52292
51.90347
50.83392
55.89265
50.93161
51.86544
61.18422
48.80253
53.71007
45.61883
49.15776
43.38197
43.99448
48.31311
41.60331
41.8121
34.61221
39.97259
48.87944
43.53879
42.43322
49.78363
54.85787
46.00513
50.85717
47.50803
47.38427
47.18756
44.00114
39.85757
43.85481
41.6198
41.89524
39.25919
45.78723
43.78588
45.42665
34.78911
42.73846
43.1758
40.47378
38.78315
50.08683
48.87995
42.98386
42.2785
49.1856
48.96085
49.38744
43.01597
46.82251
40.14779
40.12518
40.27634
32.9826
35.04749
43.27148
40.4082
43.47219
40.57311
44.32319
47.9857
45.51366
47.20245
34.83181
42.90353
38.53546
38.5259
41.60181
46.75075
47.14403
41.59949
42.18146
43.73336
48.59945
44.09242
43.45583
44.57808
43.23004
43.57243
53.38381
45.70053
48.33823
50.23838
46.90027
41.07005
39.37947
49.96605
44.1356
50.49237
46.82824
44.51009
41.70235
46.12338
37.91968
48.87484
46.3125
44.00009
45.11741
46.0091
47.04275
47.67527
57.69713
45.44643
47.51645
43.95427
43.8105
38.79957
50.70181
46.75776
38.84763
40.91411
38.87683
41.51509
50.91586
47.85333
47.76128
41.42589
46.98941
43.07214
48.73823
49.22054
57.5277
47.33145
51.50727
42.97248
39.46309
40.48774
46.78795
45.93124
42.70957
41.82531
45.48109
45.39225
46.17647
40.51902
45.79057
46.87859
42.37656
42.13082
49.01661
45.93146
51.27987
47.57034
41.97282
38.23391
42.63367
42.10937
38.2269
42.02536
38.44926
41.46036
32.7251
40.87153
47.23626
43.7862
39.81577
48.26796
39.10458
42.57417
43.36793
42.49678
38.54045
38.32066
43.85467
45.23413
44.61603
48.67036
42.26962
42.0698
49.37764
50.55159
43.04193
43.6731
46.97188
53.24777
44.43351
40.64745
49.63673
47.2672
46.71753
47.89829
40.98156
40.19405
39.67408
38.16446
43.60265
50.39331
45.7192
41.98012
40.47311
49.80405
45.78567
46.05496
37.7363
46.99361
38.20616
42.53296
44.55434
43.2667
49.85954
45.83818
50.12737
36.96393
42.21929
42.92548
40.27831
39.20802
40.54606
40.78032
40.66958
49.44367
46.44938
48.81051
50.46306
46.86932
46.00059
53.14363
50.85574
54.07459
47.3387
49.45523
48.5073
43.10534
41.94089
45.27697
40.96908
41.98799
48.17673
46.16884
43.21399
45.59123
46.43424
46.19469
49.24891
44.94363
49.26921
39.27042
42.45386
45.81667
44.25969
44.00265
42.79182
42.39747
44.11613
49.14325
46.36057
56.89263
51.7621
48.43186
50.41821
43.51195
45.31918
49.26471
40.15579
41.28101
39.51131
40.93405
50.44513
45.02174
45.82991
41.31708
41.90051
42.78525
43.96513
40.62299
39.24178
40.91903
42.20502
50.01569
42.33633
55.2134
48.3767
49.12874
48.65533
44.60281
51.46153
43.70727
44.39598
47.57161
40.82833
33.89571
44.25868
51.31544
