26.92835
25.25317
24.07488
24.24384
23.80813
22.88465
22.07685
21.48784
21.60342
21.01986
20.24304
20.07349
20.87977
21.28892
21.42607
21.97073
22.7952
22.42624
21.81528
20.96084
21.61549
22.07597
21.74162
21.8148
21.78377
22.05662
21.83592
22.19764
21.50216
21.81244
21.94675
22.74301
22.67168
21.01979
21.90246
22.06082
21.26967
21.5097
20.36839
20.42753
21.05876
21.11209
21.38265
20.82084
21.99627
21.58597
21.62062
22.02452
20.6026
20.30743
19.52807
19.76546
20.23232
20.41942
20.2564
20.77318
21.16457
21.67912
23.04378
22.29738
21.02046
19.89822
19.60209
19.37993
19.46277
20.01443
20.18216
20.58447
20.45934
19.89897
20.00293
19.8641
20.06541
20.84589
21.20676
21.0237
20.86367
20.32935
20.24126
21.23333
20.30891
19.67725
21.11835
20.12926
20.25552
20.99102
19.43208
18.99476
19.08915
18.70457
17.85922
18.64771
19.67666
19.75844
19.72032
19.55038
19.20734
21.27885
20.87438
20.51807
19.13212
19.63439
19.92699
20.66424
20.34593
19.68797
19.52627
19.40142
18.28513
17.78792
17.3564
17.33549
16.20612
16.67308
17.35435
16.89822
15.70354
15.35139
14.83498
14.83668
14.74301
14.88261
14.72764
13.49712
13.28416
13.91381
12.93908
12.83217
12.09708
11.40452
10.97514
11.42744
12.11665
13.06559
11.8851
12.24998
11.60725
11.79422
11.98009
13.96489
14.37104
13.41428
12.70599
13.03582
12.63732
13.57337
14.2698
14.07616
14.02411
14.46247
14.17711
12.91072
13.39291
13.8027
13.87393
13.48153
13.37245
14.37383
13.88751
14.56738
14.92615
14.33466
15.11158
15.5284
15.42535
16.22931
16.80712
16.50108
15.4541
15.74682
15.8871
16.16711
15.41464
14.03782
12.77775
12.59637
11.6378
11.97748
11.84647
10.59718
10.98989
10.12253
8.843466
9.980007
9.460546
9.872578
10.43733
11.36507
11.12742
11.35494
11.2878
10.52672
11.22143
11.7425
10.69011
10.99002
10.83559
10.85529
10.33772
9.061904
9.024668
8.178095
7.639648
9.353966
9.019928
7.753928
8.537062
7.942551
8.815835
8.940554
8.153113
8.219361
7.994594
8.544304
8.749166
9.249085
9.041451
9.126423
9.940971
9.040669
10.03252
10.45851
9.859131
9.776064
9.91667
8.642307
7.719315
6.576626
5.637942
4.393748
4.460058
4.614081
3.213183
2.954197
3.468688
3.680862
5.027193
4.078971
5.489107
4.49554
4.828159
4.51872
4.380577
5.233319
4.710194
5.195631
5.81103
5.17506
5.761452
5.900792
5.456314
4.315181
5.00417
4.472887
3.935432
4.439955
4.976634
5.87014
6.755133
5.829752
4.274047
3.487554
3.764172
5.428423
5.629087
5.270228
4.450074
4.121414
3.786297
5.004728
5.449893
5.644835
5.77576
5.456778
5.838182
7.395609
7.170166
5.956857
5.947758
5.259789
5.956944
6.694137
7.235905
6.302218
8.019853
7.906375
8.575066
8.165818
7.77067
8.062116
7.12558
7.781226
8.783777
8.34827
8.913272
9.832319
10.56116
10.65291
11.31279
11.32134
11.86239
11.66231
11.38295
10.6754
11.06963
11.45353
10.52494
9.764655
9.560068
9.673038
9.171443
9.050321
8.70519
8.523412
8.245027
8.310245
8.297864
7.953654
6.745788
6.703406
6.873773
6.716388
7.485277
7.217515
6.839628
6.793234
5.420699
6.027985
6.419592
6.06094
5.543217
4.181014
4.558753
5.394107
5.489704
6.160721
5.589307
4.839479
5.787769
5.372138
4.322858
4.770029
4.077562
3.209755
3.680855
4.080949
4.003696
4.398905
4.076687
4.207711
5.091404
5.129895
4.077713
4.925976
4.2995
4.570355
3.516986
3.913255
4.273053
5.111238
4.951468
4.488072
4.477066
5.640777
5.412712
5.477838
4.324975
3.061652
2.778068
2.566252
2.913031
2.07669
1.557016
1.306193
1.288769
1.216372
0.9992379
1.213096
1.235166
1.902318
2.207952
1.941337
2.515498
1.909088
1.722025
1.346016
1.355262
-0.7014251
-0.4193983
-0.3539641
-1.597166
-1.003861
-1.976957
-1.981551
-1.713983
-2.055307
-1.701698
-2.414137
-1.996242
-2.655434
-2.732073
-4.184979
-4.349261
-3.740195
-3.208658
-2.337435
-1.847028
-2.310722
-2.849774
-3.503352
-4.017116
-4.437307
-3.70324
-4.493449
-4.750898
-5.706501
-5.540736
-6.182803
-5.905638
-6.860046
-6.546246
-6.839651
-7.668936
-7.435381
-7.479027
-6.308786
-5.589219
-5.763583
-6.620202
-6.898012
-6.543179
-5.864827
-4.882838
-5.627005
-6.306406
-6.170009
-6.077746
-6.098667
-6.146813
-4.953007
-5.776561
-5.717586
-6.199239
-6.818453
-7.334921
-7.541924
-8.101186
-7.839344
-8.283863
-8.633165
-8.19997
-7.38681
-7.244766
-7.066369
-6.617039
-6.864123
-6.161363
-6.269203
-6.118958
-6.320174
-5.577846
-4.37757
-3.355458
-3.720502
-4.777284
-4.082845
-4.465704
-4.158574
-5.477701
-6.095913
-5.791448
-5.891213
-7.746701
-7.504587
-7.045589
-6.220649
-5.130769
-4.324072
-3.256251
-2.375328
-2.705524
-3.132382
-2.460108
-2.343769
-2.39686
-1.373426
-0.8987798
-0.5915833
0.4901241
-1.472677
-0.797353
-0.8329343
-0.7974748
-0.5966674
-1.807901
-0.9947152
-1.159866
-2.085451
-1.282491
-1.282318
-1.569257
-1.479437
-0.4334981
-0.3106611
-0.1713289
0.274641
-1.580936
-1.38381
-0.4441193
-0.1306774
-0.3392107
-1.049245
-0.5959239
-0.3090633
0.07502029
-0.748622
0.1145536
1.592337
0.6742036
1.031094
0.6330756
1.832843
3.110458
0.8140022
0.05255621
0.4061162
-0.1366042
-0.4110531
-0.402015
-0.09981845
-0.70577
-0.631587
0.4875852
0.1126427
0.5752583
0.2947779
0.4107176
-0.3533559
-0.9504521
-0.8839864
-1.084522
-1.098129
-2.045057
-2.684309
-2.804679
-3.512362
-3.175575
-4.644179
-4.924399
-5.016598
-4.386038
-3.750295
-3.665149
-3.685657
-3.532576
-4.337083
-4.979286
-5.6995
-4.516033
-4.422752
-4.776733
-4.531699
-4.208193
-3.948403
-4.947817
-4.403264
-4.362061
-4.733182
-3.976342
-3.122683
-3.076436
-3.994545
-5.053931
-5.603013
-4.656813
-3.880773
-4.110649
-4.16077
-4.269205
-3.634402
-3.479728
-3.744674
-4.618862
-4.323192
-3.699188
-3.7085
-4.036316
-4.327313
-4.15244
-4.24192
-4.239298
-4.20642
-4.476162
-3.917282
-3.695336
-4.249466
-4.586804
-3.936499
-5.470988
-6.488652
-6.862732
-5.390341
-5.627466
-5.534408
-5.647394
-5.216616
-5.148541
-5.455613
-4.952337
-4.633118
-5.65778
-6.883231
-7.532733
-7.541681
-7.835433
-7.295586
-7.352818
-6.762955
-7.702398
-6.749493
-7.618491
-8.152418
-9.112597
-10.1593
-9.393693
-9.534074
-8.655315
-8.355784
-8.578498
-8.883635
-7.862544
-8.337682
-9.50983
-8.381342
-7.291815
-7.540707
-7.551192
-8.513222
-7.943933
-7.082371
-6.344733
-6.456405
-6.619666
-7.303159
-7.291675
-7.713082
-7.270247
-6.720841
-5.749212
-5.353426
-4.733505
-4.735296
-4.342117
-4.763546
-4.477044
-4.531321
-6.07184
-5.816718
-6.812758
-8.499942
-7.751598
-7.274302
-7.06712
-8.968133
-9.534334
-9.48043
-9.16257
-9.463135
-9.449059
-8.819219
-7.613128
-7.2728
-7.059817
-5.780523
-5.990388
-7.883936
-9.300497
-9.14531
-9.166647
-8.798378
-8.494775
-8.576016
-8.561459
-8.781943
-8.694171
-8.031774
-8.131592
-8.712524
-8.386574
-7.009547
-7.333893
-7.104881
-6.745793
-7.545635
-7.928139
-7.81204
-7.010687
-6.963588
-6.833366
-6.548871
-6.955252
-5.885694
-6.596857
-6.487013
-7.101376
-7.801896
-7.127245
-7.264913
-6.465516
-6.754398
-5.559308
-4.233263
-3.875142
-3.913802
-4.031737
-4.019322
-3.539258
-3.342205
-3.449772
-3.799137
-3.482494
-5.230334
-4.939777
-5.715076
-5.47982
-5.479596
-6.236299
-5.928491
-6.28022
-6.586974
-7.772775
-8.415402
-8.727835
-7.244651
-7.234652
-8.056283
-8.398354
-9.482219
-9.926887
-9.265796
-10.46963
-9.790416
-10.17995
-11.27687
-12.6947
-13.47219
-11.68431
-10.83875
-11.57559
-11.52328
-11.98191
-12.75169
-11.95243
-11.84153
-11.32003
-12.22109
-12.26413
-12.08715
-12.17924
-12.47939
-12.67173
-13.27851
-13.14831
-12.03532
-12.22046
-11.99486
-10.6585
-10.36467
-10.81039
-10.46272
-9.319968
-9.505129
-9.82216
-10.17797
-10.68856
-9.722887
-10.31683
-10.54736
-9.574982
-8.943726
-9.145826
-9.553584
-8.132838
-8.855306
-7.925505
-8.279403
-9.017958
-7.981111
-7.990387
-7.584758
-7.716932
-6.937826
-6.565599
-6.313371
-7.424937
-7.043725
-6.562831
-6.641795
-7.657316
-6.6932
-7.577305
-6.945984
-6.412112
-6.493928
-5.990411
-5.635899
-5.91791
-6.382778
-5.182545
-4.965287
-5.803631
-6.048422
-6.592301
-7.458214
-8.612887
-9.204858
-8.681694
-8.299431
-8.579523
-7.496693
-8.864423
-9.071993
-8.497532
-9.979399
-8.669748
-8.597641
-8.805242
-8.815376
-8.863669
-7.777505
-8.447855
-7.658523
-7.91075
-9.508086
-9.456146
-10.43047
-10.05733
-10.12361
-10.74405
-11.20931
-11.56495
-10.70276
-11.25587
-11.30473
-11.85544
-10.94761
-10.45279
-10.75492
-10.26984
-9.696156
-8.868874
-9.14141
-9.502084
-8.835164
-8.661283
-10.14656
-9.611318
-10.94143
-11.3975
-11.31847
-11.37121
-11.06475
-10.29754
-9.596659
-10.95082
-9.90628
-10.77176
-9.756924
-9.139149
-9.563098
-9.678344
-9.931126
-10.09795
-10.69405
-10.37536
-10.07179
-10.21662
-10.91673
-10.08501
-9.130272
-8.111326
-9.822373
-10.13506
-9.117473
-9.432293
-9.435268
-9.078206
-9.73595
-10.09657
-10.89854
-11.22414
-11.99319
-12.25945
-12.62749
-13.08941
-12.15148
-12.0486
-11.95018
-11.1425
-10.09721
-9.482966
-10.35937
-11.30326
-10.48224
-10.76904
-10.27896
-10.2665
-9.545709
-7.675058
-7.500424
-6.823617
-7.588224
-8.003985
-9.049816
-8.669105
-8.918425
-8.772256
-7.295554
-7.58627
-7.099847
-6.856647
-7.583596
-7.113722
-6.886576
-6.176043
-5.794316
-6.850265
-6.741898
-6.335334
-8.243
-7.65649
-8.295699
-8.11822
-7.6934
-7.715477
-8.139709
-9.324112
-9.34989
-9.356992
-9.651686
-9.480771
-10.45179
-9.85511
-9.23155
-9.787789
-10.18499
-10.2923
-11.69972
-11.25788
-10.80247
-10.54728
-11.46042
-10.44056
-10.13637
-9.883901
-8.483392
-8.140839
-9.243502
-9.256887
-10.17094
-9.576481
-9.236185
-9.730052
-9.022918
-9.63534
-9.771811
-8.934972
-9.369733
-9.291077
-10.21877
-9.834356
-9.601912
-9.612752
-9.757547
-9.090736
-9.458488
-10.50319
-10.77654
-10.46419
-10.86264
-11.21879
-10.56274
-10.17155
-10.56315
-11.25451
-11.72744
-12.27957
-12.08886
-13.24409
-13.44539
-12.35347
-11.01011
-10.92913
-10.29839
-9.094418
-10.03675
-9.746282
-10.20515
-9.961567
-10.16793
-10.70969
-10.37291
-9.902178
-10.75666
-11.78231
-11.69214
-11.51625
-12.89556
-12.28752
-11.04548
-10.30354
-9.813224
-9.867348
-10.13126
-9.244617
-9.458225
-9.432505
-9.132582
-9.506879
-8.512146
-8.130074
-7.780154
-7.381897
-7.965715
-8.350922
-8.194101
-8.499798
-8.042942
-6.536713
-7.053928
-6.871673
-6.668672
-5.561124
-7.123242
-7.80436
-8.097114
-8.605178
-10.37907
-10.42192
-9.559109
-8.369569
-7.337233
-6.606972
-6.135008
-6.30988
-5.41478
-5.808261
-5.917528
-5.686281
-5.135869
-4.416446
-5.24332
-3.810904
-3.525445
-3.01239
-1.490373
-1.40844
-1.675119
-1.651715
-3.095459
-3.811366
-3.897341
-3.61788
-2.0523
-0.7404697
-0.3870309
0.7770199
0.6974461
1.616947
1.208133
0.03470161
0.5430573
-0.08995441
-0.9883339
-2.135415
-2.210554
-2.107235
-2.218162
-1.498229
-2.386148
-1.64147
-0.4904054
-1.520572
-1.624596
-1.753357
-2.238217
-1.781455
-0.8014233
-0.7236936
-0.8304658
-1.924436
-1.986795
-1.763941
-1.668678
-2.316849
-2.614765
-2.552514
-2.833608
-1.802282
-0.9416546
-0.4075976
-1.108898
-0.8513432
-1.768992
-1.499044
-1.762304
-2.486769
-1.599879
-3.295204
-2.888895
-3.771751
-4.193503
-4.589903
-3.515052
-2.771674
-2.937762
-2.930765
-3.92143
-3.243106
-2.652955
-1.232528
-2.479162
-2.787872
-3.680282
-4.420359
-4.953807
-5.804534
-5.179742
-5.682944
-6.375769
-6.267427
-7.113932
-7.631845
-6.889907
-6.775256
-7.021224
-8.097766
-9.536847
-9.946477
-9.826597
-10.16758
-9.079746
-9.349018
-9.778234
-9.971449
-9.963434
-9.018066
-9.148155
-9.17986
-10.44674
-10.12087
-8.997064
-9.088871
-9.017524
-10.37487
-10.15683
-12.22168
-11.70063
-10.82043
-10.05109
-11.43288
-9.898042
-9.485867
-8.324155
-8.143434
-8.206213
-7.259652
-8.700374
-8.83807
-8.674452
-8.738526
-7.979041
-8.097249
-8.185948
-8.430617
-8.392234
-8.000412
-7.47165
-6.685773
-5.707028
-5.934811
-6.056252
-6.497603
-7.48861
-7.805544
-8.174644
-9.858117
-10.33368
-9.974233
-9.820289
-9.293799
-8.865534
-9.016049
-9.403327
-9.831184
-9.992577
-11.01201
-10.9058
-10.48558
-9.779479
-8.931175
-9.191853
-9.317724
-10.49575
-10.33731
-9.818088
-9.776872
-9.332111
-9.333517
-8.986111
-8.371744
-8.546431
-9.390004
-9.681912
-10.23231
-10.81246
-10.05398
-11.0125
-9.927284
-10.17075
-9.708053
-11.07107
-11.35025
-11.32787
-11.00389
-11.01211
-11.42709
-11.18998
-11.31734
-10.23956
-9.169886
-7.639514
-8.276434
-8.300727
-9.429697
-9.496469
-8.881662
-9.546682
-10.44803
-9.732239
-9.551096
-8.541547
-8.192962
-8.319143
-9.112166
-9.272571
-10.2936
-10.91419
-10.66969
-10.74267
-12.40575
-11.72267
-13.59843
-14.07511
-14.47943
-15.04198
-13.82253
-13.09337
-13.4985
-12.85837
-12.78614
-11.85789
-11.36103
-11.49624
-12.04502
-12.18341
-11.24325
-12.0751
-11.75214
-11.1401
-11.08053
-11.07759
-10.62562
-11.31149
-11.65389
-11.49417
-10.78193
-11.3875
-11.0631
-9.716123
-9.070976
-8.334152
-8.777982
-8.997955
-9.5416
-10.4111
-9.256423
-8.154177
-8.312348
-9.547969
-9.566636
-9.355042
-9.38777
-9.24288
-9.051775
-9.890578
-9.332185
-8.748526
-10.10517
-10.50976
-10.25263
-10.20454
-10.49807
-9.847672
-8.248315
-8.230191
-7.918646
-7.122563
-7.058891
-7.690342
-7.41697
-6.976854
-7.047575
-7.453535
-7.53586
-8.599488
-7.749892
-7.46505
-6.837582
-7.13254
-6.618975
-5.300855
-3.598865
-3.005554
-3.18813
-3.714447
-4.235458
-4.722133
-4.189445
-3.854836
-2.935701
-3.438375
-3.964736
-5.608008
-5.693883
-5.504363
-6.103453
-5.718607
-4.565571
-3.68157
-3.052479
-2.739016
-3.974777
-4.347505
-4.304352
-4.963697
-4.333743
-4.668654
-6.14061
-6.479383
-7.146418
-8.219051
-7.846025
-8.697679
-8.652485
-9.919023
-11.24138
-11.51728
-11.36019
-11.47816
-12.701
-12.79795
-12.10576
-12.13112
-12.11294
-13.73741
-14.77688
-14.45067
-14.12796
-15.17129
-14.46942
-14.95787
-14.66713
-14.89607
-15.03621
-14.16944
-13.70945
-12.61577
-13.67726
-13.78162
-14.06932
-15.52532
-16.05734
-16.84786
-16.57848
-16.6873
-15.89161
-15.50296
-15.00864
-15.4937
-15.93434
-16.72902
-16.22741
-16.54868
-17.79402
-17.77472
-18.24392
-19.21598
-18.90034
-17.96491
-18.90413
-19.9313
-20.35334
-19.27835
-19.21807
-18.46972
-18.02573
-17.31741
-17.7101
-17.81217
-18.15052
-17.38078
-17.04081
-16.74866
-16.90344
-17.05635
-17.41832
-16.31113
-16.34346
-15.74768
-16.80717
-16.95895
-18.02163
-17.78094
-17.40213
-17.82484
-17.78569
-16.77322
-15.66372
-15.97992
-15.01265
-13.45433
-13.18524
-14.57618
-14.40024
-14.80263
-15.84558
-16.09594
-15.38941
-15.26821
-13.9272
-13.98074
-13.91195
-13.41624
-13.15748
-13.34424
-13.94207
-13.65884
-14.20929
-14.31557
-12.97316
-13.36378
-12.78904
-13.63249
-13.64933
-12.71833
-12.9039
-12.93776
-12.635
-13.06977
-12.8352
-12.83777
-12.2292
-12.49104
-12.99828
-13.34479
-13.55217
-12.94468
-12.94291
-12.69433
-11.75801
-12.04157
-12.36704
-13.19773
-12.76108
-13.71277
-14.56624
-14.61858
-15.13877
-14.5399
-13.89056
-12.68823
-12.17078
-12.08686
-12.01549
-11.90442
-12.26063
-12.36014
-12.86918
-12.95976
-13.21719
-13.35387
-12.49921
-11.77197
-11.26051
-9.660765
-10.25404
-10.4194
-9.922396
-10.26701
-10.34489
-10.32252
-11.18214
-10.90499
-9.688816
-9.791346
-9.962283
-10.16705
-11.22908
-11.49982
-10.94096
-10.92283
-11.95739
-11.89148
-11.92498
-13.2497
-14.7444
-14.50456
-14.35937
-14.02571
-14.40935
-15.07795
-15.11002
-15.71099
-16.0972
-15.60619
-16.70893
-16.72982
-16.8629
-16.13558
-15.62027
-14.78857
-14.67453
-14.74782
-15.64258
-14.91523
-15.19916
-15.36474
-15.85076
-16.50268
-16.50212
-15.99968
-15.01239
-14.63191
-14.90891
-15.08703
-14.58354
-16.02217
-16.75952
-17.2344
-17.16515
-19.30311
-20.04415
-19.8711
-20.58688
-20.04214
-20.51286
-21.48483
-21.35981
-19.9301
-19.4526
-19.18915
-18.8739
-17.98157
-16.52944
-16.59329
-18.08965
-19.41493
-18.81425
-18.41988
-19.47494
-20.19066
-18.74343
-18.00817
-17.99618
-18.87037
-18.08554
-17.61172
-18.38029
-18.43853
-20.1237
-20.91472
-20.97853
-22.42538
-22.29979
-23.11012
-23.47242
-23.45718
-23.46617
-24.3279
-24.79359
-24.07485
-23.71778
-22.78036
-23.22143
-23.71205
-23.73285
-23.8272
-23.32316
-23.88023
-23.98429
-23.22932
-23.03819
-23.61393
-23.50978
-24.79696
-23.86503
-23.72059
-25.25166
-25.3952
-25.75337
-25.35258
-25.19701
-25.25864
-25.4061
-25.04837
-25.17541
-25.07984
-25.12973
-24.88693
-24.60808
-25.02208
-25.25786
-25.44798
-25.22267
-25.53875
-25.40167
-25.55313
-26.34814
-26.78434
-27.27941
-26.89602
-27.33615
-28.0309
-28.05583
-27.08146
-28.71533
-30.48075
-30.31911
-28.4879
-28.44968
-28.07627
-28.24401
-28.4582
-29.92876
-29.92402
-30.21922
-30.95861
-30.93554
-31.48067
-32.10945
-31.90035
-32.81948
-33.78518
-34.72363
-34.77535
-35.0781
-35.90095
-36.14538
-35.69885
-36.51139
-35.43482
-35.79695
-36.05448
-35.78459
-35.80809
-35.68003
-35.36269
-34.82798
-35.18529
-35.3587
-34.80994
-35.4005
-34.66316
-34.75095
-34.12508
-34.6765
-34.52649
-33.40073
-34.37024
-33.00448
-32.88655
-33.20457
-33.26531
-33.76691
-34.15213
-33.82623
-34.20483
-34.74057
-34.46302
-33.60978
-33.35543
-32.61675
-33.17898
-32.82962
-31.77219
-31.79028
-31.12737
-31.1751
-31.32529
-31.6202
-30.45597
-31.04507
-30.13751
-29.81468
-29.55687
-29.76632
-27.90616
-27.90806
-27.60462
-27.32171
-27.71348
-27.83632
-27.05146
-27.05837
-26.76535
-26.95268
-26.19923
-25.78859
-24.73668
-23.94397
-23.6639
-23.27263
-23.63948
-24.24998
-24.82803
-25.62921
-25.7703
-25.05209
-25.00421
-25.51863
-24.83326
-23.86958
-23.53216
-23.50987
-24.21361
-24.58604
-24.12682
-24.43055
-24.28885
-24.9928
-25.41068
-24.6518
-26.29918
-26.11173
-25.27865
-25.28801
-25.73398
-25.2717
-25.91304
-26.90521
-27.37621
-28.11454
-27.8833
-28.05849
-29.11797
-28.57127
-27.4082
-27.21637
-27.66328
-26.81492
-27.07275
-26.64389
-26.83413
-26.61986
-27.49075
-26.46875
-26.59588
-26.30679
-24.31801
-23.31249
-22.43602
-22.52932
-21.04941
-20.48866
-21.58295
-21.78136
-21.6774
-21.62861
-21.93667
-21.47515
-21.54019
-21.36034
-20.74842
-20.21789
-19.7253
-19.97183
-19.61482
-19.45405
-20.28692
-20.26033
-20.12543
-20.44953
-20.32229
-21.14087
-19.74701
-21.37253
-20.31819
-21.17438
-20.77081
-20.50781
-20.82788
-19.86682
-19.82322
-19.96471
-19.36484
-18.69422
-18.09627
-18.49262
-18.61355
-19.66358
-20.5188
-18.59858
-18.77332
-19.02881
-19.43008
-18.79389
-18.17903
-17.50549
-15.90674
-15.77755
-14.34217
-14.09228
-13.60777
-14.0842
-15.23535
-13.88196
-13.29917
-12.51367
-12.36407
-12.74977
-11.6134
-11.39278
-12.36097
-12.32741
-12.85305
-11.56116
-10.39447
-10.46906
-10.51448
-10.04381
-9.760211
-10.4694
-10.2205
-9.626138
-9.361314
-10.08402
-10.45137
-10.40598
-10.72188
-9.31274
-8.557725
-9.450158
-10.46557
-10.48155
-10.40058
-10.46856
-10.16702
-8.971558
-8.249166
-8.678267
-9.204048
-8.628396
-8.383336
-8.115576
-8.961841
-8.285874
-8.928255
-9.327841
-8.937989
-9.369155
-9.61537
-8.797737
-9.513286
-9.051505
-8.498454
-8.899697
-7.769741
-8.750103
-7.843625
-6.306232
-5.993281
-6.875795
-8.060254
-9.464591
-9.433977
-8.769903
-8.032511
-8.880727
-9.483339
-9.495582
-9.93647
-10.874
-10.707
-10.00108
-9.986485
-10.75891
-10.73485
-10.22527
-10.90892
-10.58987
-11.4104
-11.8424
-12.7194
-12.88675
-13.713
-14.52649
-14.8942
-14.43383
-13.98086
-14.24347
-13.11364
-13.22817
-13.36224
-12.42581
-11.98872
-11.27257
-10.89607
-10.47742
-10.20638
-8.922513
-8.795821
-8.083114
-8.622053
-9.339703
-10.11816
-9.215503
-9.365469
-9.565729
-10.14484
-11.32068
-10.59386
-9.742865
-8.64452
-9.646303
-8.358062
-7.685268
-8.001468
-7.194701
-8.151612
-8.76425
-7.570358
-7.045959
-5.593189
-6.014747
-7.915657
-7.749547
-7.18857
-6.99384
-8.874956
-9.040217
-9.018402
-9.32702
-10.31252
-10.15695
-11.29135
-10.04897
-10.01068
-11.38452
-12.31891
-11.6837
-11.23792
-11.42442
-11.60428
-11.99251
-11.01937
-10.80463
-11.026
-11.85247
-11.94124
-11.44359
-12.65692
-12.23676
-13.16078
-13.28943
-13.32878
-12.44742
-12.40468
-12.71183
-13.27367
-13.26876
-12.87905
-12.22379
-12.04003
-11.29868
-11.03537
-10.04724
-10.13452
-10.08299
-9.752783
-9.704295
-8.600905
-9.48528
-9.15318
-9.971181
-9.300313
-8.851964
-8.153383
-8.878255
-8.579463
-7.784796
-8.631
-7.484948
-7.900391
-7.199839
-7.581466
-6.882329
-7.493659
-8.699268
-9.382612
-9.182112
-9.096888
-9.632352
-8.014616
-7.883848
-9.368338
-8.995036
-9.568828
-10.63683
-11.88795
-12.62425
-13.9705
-13.44534
-13.21659
-13.37463
-14.46793
-14.07459
-13.45623
-13.85417
-14.24808
-14.65557
-15.13211
-15.38734
-14.67122
-14.42115
-14.63623
-14.05697
-14.16972
-12.74951
-12.65819
-11.91496
-10.88468
-11.29696
-11.00673
-10.75298
-10.98833
-10.70485
-9.173991
-9.743893
-9.768975
-10.39769
-9.769241
-10.02761
-8.773397
-8.906852
-8.38813
-8.559383
-8.185766
-6.898105
-7.412786
-8.244627
-8.661138
-10.16649
-9.750395
-9.827797
-10.14512
-10.00008
-10.75962
-11.60885
-11.58485
-9.778862
-10.50124
-10.64005
-10.92798
-10.76877
-9.597621
-11.09625
-10.21522
-11.10372
-10.57952
-10.49074
-11.09056
-11.31041
-11.72636
-10.88971
-9.886414
-10.2023
-10.279
-9.233244
-9.007551
-9.238759
-9.041466
-8.534379
-9.528012
-11.74572
-10.50427
-10.54796
-10.79238
-11.54041
-11.88097
-11.46537
-11.05933
-11.55958
-11.80988
-11.4001
-11.56079
-11.46356
-10.94485
-10.88066
-10.96253
-11.98969
-12.73871
-13.03718
-12.11329
-11.18133
-10.15886
-10.35116
-11.36606
-11.60684
-12.75309
-11.94377
-11.48354
-11.03174
-10.65018
-11.11148
-11.36292
-11.27877
-10.4456
-10.23592
-9.482249
-7.874419
-6.899176
-6.269696
-6.463063
-7.08542
-7.642968
-7.051118
-7.977482
-7.405785
-7.483532
-8.857411
-8.287183
-10.76201
-10.41231
-11.42145
-10.40966
-10.79859
-11.62704
-12.16573
-12.82894
-12.47834
-10.632
-10.51806
-11.5533
-11.62226
-11.95799
-11.49204
-10.98967
-10.85643
-11.26887
-10.95366
-10.89038
-10.40118
-11.21697
-11.11279
-10.62755
-11.24627
-10.42931
-10.05684
-10.30822
-9.859366
-9.304307
-9.288725
-9.437354
-8.905715
-9.729069
-9.270745
-9.501366
-9.297515
-8.901966
-9.605883
-9.50442
-9.706334
-9.197801
-8.919794
-10.13935
-11.48474
-10.93263
-10.02555
-8.939569
-9.541213
-9.314502
-8.992175
-8.216155
-8.181842
-8.372543
-7.820578
-7.898328
-8.038203
-8.741344
-9.546543
-9.433373
-10.01015
-10.2224
-9.812
-10.23063
-9.533737
-9.091113
-8.641345
-8.729183
-9.462847
-8.672333
-8.883105
-9.029245
-8.987972
-8.420571
-7.351695
-6.969907
-6.740544
-4.709058
-3.799462
-4.308465
-2.97948
-2.272164
-1.679227
-2.228848
-1.72762
-0.7768174
-1.610885
-0.5704581
-0.7084433
0.05785363
0.4332014
0.4543434
0.3242102
0.948187
0.8755839
0.317718
-0.6164813
-0.2080248
-0.2684117
-0.8023124
-1.225145
-1.864154
-1.851418
-1.560258
-1.319523
-1.544356
-0.09145731
0.3596449
0.5740659
2.382632
2.256272
2.480985
2.171312
1.171048
0.9854273
1.670715
1.853619
0.5315709
0.310832
1.800299
1.244688
1.60554
2.342446
3.036343
2.535283
2.647709
2.37466
2.810544
2.627624
3.556882
4.262215
5.030825
4.251818
3.595978
3.457062
5.034351
3.830818
4.093339
3.722621
3.372704
3.054484
4.061412
4.737356
4.179893
4.490404
5.312045
6.861201
5.74388
6.646219
5.781571
4.876562
5.278113
5.683251
6.98825
7.085128
7.81672
7.224806
7.73104
8.239071
8.915765
8.998844
9.749322
9.450033
8.453239
8.464372
8.338493
8.99324
8.249168
7.931632
7.620874
7.474813
7.3854
6.343241
6.080417
6.182402
6.418422
6.416623
6.599167
6.5909
6.234416
7.390094
7.594674
6.762631
6.226579
5.78402
6.536032
7.38138
7.397329
7.02438
6.650617
7.228176
7.101574
6.528945
7.467986
6.199007
6.573857
6.04084
5.740722
6.921365
6.057115
6.468373
5.425421
6.485659
6.098818
6.649898
7.530281
7.442258
7.565669
6.234974
6.519079
5.044105
5.160317
5.051714
2.805173
3.550681
3.606553
4.32626
3.992464
4.057334
4.791412
5.727554
6.38389
6.405703
6.63576
6.086021
5.890816
5.5008
4.133058
3.9935
2.736401
2.726357
3.483129
4.196323
3.847344
4.466562
4.574338
5.184187
5.326261
6.589338
6.773912
7.289442
6.685757
6.353858
5.485526
5.325241
5.750575
5.298919
5.782199
7.127286
7.51428
7.279422
7.031172
6.601913
7.154163
6.437824
5.444285
5.147848
5.375288
