16.42308
12.25255
7.670196
7.439832
8.752063
5.255819
4.571933
4.083887
2.945425
2.53563
2.789085
2.589076
2.621325
2.915811
2.903516
2.488349
2.736322
2.493519
2.935343
3.051468
2.820592
2.276495
2.639886
2.735639
2.2626
3.109827
3.456383
3.206741
2.633823
2.826844
2.511253
2.758047
2.199609
2.554967
2.843628
2.547413
2.998529
3.124989
2.951354
2.574183
2.739106
2.593414
2.851875
2.176653
2.403847
2.492726
2.945749
2.483683
2.514473
2.833336
3.379019
3.072671
2.24265
2.371477
2.342187
1.863781
2.90701
2.70433
3.183422
3.177766
3.374923
3.171499
3.520754
2.869243
2.051345
2.672211
2.506624
2.355117
2.682816
3.173105
3.380167
3.139676
3.574074
2.283862
2.748304
3.082229
2.742537
2.945356
2.798796
3.748795
2.968191
2.815822
2.982282
2.69763
2.831728
2.268615
2.348066
2.166821
2.458119
2.526831
2.878817
2.910112
2.919588
3.324467
3.445431
3.198229
2.808994
2.38135
2.723352
2.478688
2.644201
2.561616
2.875336
3.358169
2.551103
2.868736
2.706902
3.025689
2.967989
3.435271
3.002385
2.88824
2.731873
2.528347
2.790457
3.275753
3.087795
2.782975
2.585669
2.673
3.129383
2.93239
2.854708
3.222194
3.134008
2.816454
3.345317
3.170412
2.979525
2.814796
2.724795
2.461628
2.64255
2.701089
2.797433
2.545
2.587143
3.457552
3.104666
3.232953
2.56484
2.609266
3.20136
3.702292
3.225917
3.197331
2.684984
3.003393
3.009563
3.02069
3.495393
2.859253
2.57553
2.928377
2.850597
3.360088
2.776954
3.23122
2.6711
3.055745
3.371599
3.04177
3.066373
2.904987
2.520556
2.966451
2.226866
2.388464
2.656444
2.975745
2.914322
2.31575
2.54105
2.592531
2.763593
3.683755
3.577716
2.362861
2.033466
2.282152
2.32227
2.565648
2.521452
2.309537
2.846652
3.313768
2.916302
3.77049
3.8319
3.400485
2.856072
3.069122
2.618883
3.016339
2.594577
2.535938
2.611082
2.415813
2.344372
2.483394
2.296206
2.718914
2.641566
2.959844
2.607024
3.039613
3.05339
3.531837
3.028642
2.949557
2.979401
2.441039
2.47229
2.81248
3.120236
2.638323
2.519154
3.588306
2.890801
2.737008
3.10211
2.734304
2.842667
2.477345
2.837387
2.630935
2.68455
2.940992
3.302438
3.030524
2.53986
2.646839
2.788098
2.189199
2.58598
3.300389
2.716191
2.915738
3.129723
2.475104
3.322054
2.764534
2.836417
3.15286
3.701038
2.983532
2.659078
2.595468
2.897427
2.864434
2.82144
3.083894
3.245269
3.546117
3.561005
3.602799
3.064958
3.781283
2.713587
2.853241
2.581898
2.74568
2.394887
2.585129
2.596679
2.679488
2.418575
2.488581
2.75698
2.572606
2.862934
2.638282
2.507863
2.347927
2.410099
2.690366
3.090516
2.530776
3.473841
3.781073
3.372384
3.951539
3.186617
3.344291
3.208304
3.041704
3.308173
3.571391
2.974045
2.855791
3.102066
3.429871
3.578899
3.030185
2.828667
2.781848
3.893083
3.365672
2.828044
3.069824
3.236984
2.600014
2.976943
2.432615
2.700289
2.656581
2.814342
2.530827
2.528197
3.000538
2.902794
2.984284
2.365367
2.568972
2.918657
3.029319
3.534222
4.235168
3.556188
2.859543
2.73979
2.6549
2.901318
2.811104
2.760133
2.601898
2.854849
2.463852
2.204662
2.963417
2.468809
2.944558
2.901523
3.333278
2.753186
2.38228
2.826213
2.857549
2.849245
2.709406
2.742156
2.618903
2.692917
2.765933
2.559385
2.367788
2.579031
2.575259
2.82293
2.635629
2.467396
2.426082
2.465933
2.55509
2.590813
2.879947
2.785339
3.011675
2.810647
3.282694
2.603315
2.239525
2.191891
3.472561
2.844355
2.969487
2.932705
3.513881
3.079274
2.458959
2.414971
2.778352
2.859097
2.703187
2.723522
2.509437
2.352427
2.945537
2.454394
3.010134
2.750711
2.749806
2.041577
2.841713
2.579119
2.35251
2.333326
2.378727
2.455142
2.868451
2.272249
2.603055
3.007898
3.277072
3.156956
3.436741
3.37283
2.619278
2.588058
2.334496
2.772012
2.450124
3.178075
2.723771
2.307847
2.873605
3.250515
2.359992
2.207002
2.53647
2.69099
2.289013
2.576059
2.577009
2.509275
3.017794
2.831654
2.321429
2.359607
3.127657
2.470323
2.4771
2.485645
2.71314
2.841664
2.714033
2.95625
2.932025
2.761463
2.567506
2.724086
2.808088
2.43547
2.556549
2.217049
2.527531
2.956988
2.683807
2.228003
2.15873
2.95011
3.088982
2.545773
2.360884
2.228556
2.322505
2.701886
2.53655
2.867253
3.077168
2.196047
2.264767
2.768963
3.52277
3.269853
2.608137
3.194607
3.339793
3.164902
2.269328
2.013972
2.022216
2.788786
2.657548
3.093787
2.471038
2.612861
2.757261
2.497275
2.645298
2.294804
2.222954
2.295223
3.071047
2.625554
2.594644
2.970062
3.048473
2.61341
2.583782
2.594147
2.499292
2.410488
2.87041
2.98667
3.962733
3.134512
3.073544
2.720815
3.197726
2.877594
3.380851
3.298302
3.387931
2.597265
3.084972
3.099044
3.853511
3.29752
2.750743
2.869051
2.894868
3.157317
2.797807
2.746496
2.648336
2.771141
3.273524
2.769657
3.009768
3.033602
3.675461
2.890083
2.589255
2.719743
2.638818
2.452801
2.959343
3.189604
3.204577
2.667635
2.752787
3.056265
2.579356
2.920143
3.328167
2.456139
2.731589
2.870593
2.689335
3.079804
2.778713
2.856838
2.453794
2.757749
3.081001
3.070826
2.743038
3.192264
3.601826
3.230953
2.871468
2.589584
2.404835
2.637233
3.005209
2.387749
2.359294
2.283397
3.287697
3.041534
2.839541
2.353665
3.073378
3.598784
3.017419
3.435261
2.918191
2.629772
2.653291
3.432061
2.579578
2.73132
2.408753
2.554239
2.661782
2.647381
2.79918
2.678453
2.486094
2.108484
2.461631
2.599477
2.527088
2.713043
2.372107
2.580029
3.233727
3.312046
3.223969
2.924211
2.466485
2.713554
2.474854
2.585553
2.589289
3.075287
3.389532
2.836932
2.680023
2.352662
2.371019
2.376333
2.592418
3.556305
2.957863
2.96786
2.192551
2.386583
3.761989
2.558765
2.968117
3.367302
2.794863
3.198953
3.272163
3.564957
2.985885
3.283982
3.836631
3.532833
2.621411
2.619267
2.816893
2.909127
2.951987
3.125806
2.223337
2.195783
3.084915
2.995495
2.981128
3.087931
2.87951
3.510619
2.845542
2.883263
2.208112
2.422531
2.429316
2.339547
2.743533
2.412146
3.321632
2.519716
2.305152
2.376825
2.611723
2.57377
3.290173
3.053142
3.386654
3.70029
3.574315
2.982645
2.613741
2.537305
2.631896
2.273582
2.821919
2.833386
2.460143
2.555677
2.234755
2.761115
2.988259
2.962241
2.938678
3.515036
3.317969
3.271533
3.473461
3.69436
3.59708
2.923104
3.067951
3.444463
2.674755
2.51612
3.066326
3.024751
2.434491
3.025549
2.861931
2.327952
2.283846
2.402757
2.285819
2.493491
2.847775
2.991067
2.993383
2.589666
2.954248
2.824253
2.290833
2.772002
3.035544
3.245911
3.169509
2.861574
2.526407
2.729065
2.454758
2.717457
2.466328
2.810559
2.908581
2.691668
2.220092
2.372713
2.608867
2.928464
2.975538
3.039268
3.538439
3.214622
3.419439
3.057237
3.262729
3.757603
3.619666
2.895488
2.52569
2.439135
2.445172
3.303201
2.989643
2.753913
3.347651
3.767877
5.164932
3.9324
3.539536
3.200177
3.903724
3.156546
2.585864
2.67692
2.703421
2.483966
2.239967
2.291291
2.449215
2.729534
2.930952
2.460912
3.459205
3.247233
2.844692
2.862441
2.57461
2.584302
2.626416
2.740369
2.786843
2.935527
2.521463
3.238951
3.045041
2.264104
2.676247
2.829663
2.395544
2.123462
2.874642
2.594226
2.697455
3.370194
3.220082
2.769681
3.211376
2.69448
2.543589
2.910348
2.393013
2.296255
2.444008
2.815302
2.725616
3.624424
3.79942
2.459515
2.871986
2.839141
2.424854
2.606814
2.719837
2.637149
2.947519
2.938926
2.619587
2.488102
2.437214
2.61387
2.947543
2.700575
2.802393
3.289885
2.583531
2.579104
2.537533
2.223169
2.70666
2.997956
2.825334
2.830806
2.779501
3.046669
2.638274
2.449797
2.911076
2.41216
2.538479
2.808825
2.947007
2.492588
2.779874
2.998795
2.785446
3.124165
2.762259
2.902744
2.502033
2.815289
2.659497
3.224671
3.513443
3.257231
2.517289
2.471975
2.021465
2.795537
3.366254
3.539791
2.980369
2.287701
2.51719
3.336759
3.522916
2.905004
2.935183
2.750077
2.939654
2.89037
2.61415
2.836471
4.244822
2.694854
2.932595
2.776
2.704879
3.327921
2.780678
3.090696
2.92596
2.878084
2.933215
2.598649
2.947257
2.7964
2.303849
2.304194
2.394378
2.235056
2.346924
2.084804
2.29466
2.283007
2.294266
2.400231
2.609795
2.32132
2.378634
3.147851
2.45295
3.095785
3.235406
2.715771
2.774756
2.85926
2.52578
2.941917
2.76292
2.49345
2.598964
2.63805
2.817453
3.051103
2.595504
2.651392
3.091974
3.328595
3.169019
2.935686
2.590066
3.571648
3.100356
3.014251
3.109868
3.486493
3.551917
2.958127
3.233371
2.669196
2.671362
2.889562
2.800119
3.189754
3.296618
3.313811
3.418149
2.860653
3.132084
2.768743
2.510804
2.670622
3.432513
2.909949
2.76832
2.390395
2.634773
2.746348
2.265784
2.703216
2.795112
2.827312
2.639957
2.911453
2.428212
2.154926
2.517198
3.037698
3.049225
2.613866
2.241514
2.455028
2.244369
2.413915
2.673736
2.415172
2.782931
3.255972
3.030129
3.669563
2.950049
2.934992
2.713074
2.874175
3.276872
2.474736
2.945418
2.708491
2.623785
2.216558
2.289124
2.548223
2.654277
2.886406
2.748511
3.312666
3.065861
3.463178
2.879507
3.524686
2.690836
2.103875
2.214279
2.732597
2.868812
3.126162
2.860772
3.242021
2.818495
3.134423
3.411325
2.817221
3.471322
2.59676
3.16793
2.943403
3.029101
2.81588
2.898241
2.695125
2.722751
2.860036
2.498235
2.131548
2.516065
2.51888
2.780049
3.149411
2.95576
3.059571
3.356565
3.134553
3.275971
3.316121
3.381031
2.968958
3.457869
2.603478
3.086947
2.525378
2.346689
2.520936
2.342492
2.605991
2.52458
2.151192
2.785049
2.617495
2.459472
2.282684
2.238781
2.595937
3.851985
3.341615
3.27422
3.166916
3.077756
2.892386
2.438462
2.734403
3.009365
2.681749
2.461075
2.864752
2.852875
2.581054
2.421409
3.271414
3.1849
2.805851
3.046408
3.021956
2.82908
2.247894
2.601816
2.556483
2.512212
2.665935
2.49986
2.387004
2.803271
2.830817
2.858155
2.693036
2.318636
2.249173
2.618153
2.921409
2.466893
2.701964
2.253827
2.642436
2.490803
2.646918
2.935909
2.642376
3.305651
3.678857
2.497479
2.91746
2.379239
2.615017
2.597738
2.204696
2.534554
2.228063
2.8391
2.13447
3.103502
3.304048
3.429507
3.249379
3.168101
3.07803
2.504376
3.249911
3.143834
2.968908
3.308562
3.047978
2.592227
2.782276
2.427468
2.536734
2.650368
2.398311
2.330795
2.773709
2.362524
2.84702
2.476475
3.133609
3.257158
3.306435
3.588498
3.463292
3.110872
2.329874
2.378876
3.115378
3.172359
3.252374
3.133488
2.552768
2.706465
3.039675
2.696044
3.576346
3.222651
2.689799
2.764146
2.369829
2.192663
2.590996
3.571641
2.729522
2.855613
2.668657
2.458652
2.884324
2.453066
2.824709
2.351856
2.136243
2.498978
2.656299
2.301289
2.210559
2.906907
2.980748
2.641748
2.710476
2.641929
2.636322
2.921271
3.502714
3.924141
2.846075
3.047635
2.38234
2.317132
2.611836
2.707923
2.445674
2.247281
2.675605
2.999712
2.988331
2.951405
2.633815
2.603134
3.041365
2.749035
2.999601
2.755278
2.880058
2.887033
2.481111
2.329425
2.798425
3.002631
2.370506
2.61603
2.947234
2.705945
2.507211
2.76688
2.484222
2.546964
3.045944
3.199347
2.440366
2.686631
3.000774
3.392592
3.760089
2.908136
4.002652
3.119349
3.133387
3.015048
2.941144
2.934896
2.540155
2.646677
2.953919
2.810829
2.584764
2.862345
3.119172
2.622282
2.530966
2.105826
2.50986
2.332331
3.114677
2.837324
2.542436
2.186957
2.307136
2.769437
2.686375
2.874974
2.491655
2.688447
2.299119
2.875189
2.321028
2.824243
3.293838
3.483876
3.063553
3.28514
3.528721
3.122699
3.521539
2.60023
3.264109
3.278364
2.847208
3.390312
3.213115
2.32466
2.412723
2.721983
3.300933
2.805127
3.137799
2.73055
2.577165
3.468963
2.67972
3.18243
3.321856
2.830221
3.201738
3.625348
3.874989
3.398119
3.194027
3.331743
3.051674
2.770848
2.849319
2.591432
2.2564
2.451693
2.523677
2.700004
3.433773
2.921067
2.658261
2.998921
3.085706
2.410408
2.832837
2.741542
2.49789
2.150086
2.242229
2.805018
2.309633
2.431137
2.969117
2.33145
2.474105
2.723547
2.840385
2.820309
2.734012
2.332158
2.498183
2.992173
2.617719
3.498131
3.028839
2.569514
2.37695
2.227689
2.699881
2.947311
2.648072
4.208402
2.846434
3.41974
2.943479
2.947757
3.22332
2.843775
2.521526
2.538786
2.389208
2.194925
2.539998
2.391455
3.058494
2.762997
2.62602
2.766497
2.747604
3.229078
3.208661
2.239398
2.678938
3.002172
2.48694
2.491754
2.585822
2.934734
3.526564
3.088813
2.801354
2.501094
2.825917
2.551487
3.241896
2.767291
2.699871
2.367367
2.886622
2.631087
2.555809
2.494177
2.383268
2.57081
2.850757
3.215122
3.170556
3.381447
2.812121
2.572412
2.816786
2.932363
2.707598
2.860692
2.813358
3.014103
2.612627
3.137464
3.232663
3.09209
3.234789
3.267881
2.411648
2.757516
3.243129
2.613115
2.36465
2.622266
2.656831
2.432625
2.675828
3.317566
3.654772
3.418409
3.529773
2.978326
3.341063
3.533811
3.013004
2.681908
2.646802
2.816396
2.98121
2.27938
2.810533
2.712313
2.981645
3.221598
3.054018
2.810213
2.536044
2.46826
2.810458
2.705907
2.873856
3.034509
2.463661
2.840151
3.210972
3.049814
2.980659
3.310702
3.703299
2.903789
2.720701
2.55116
2.632449
2.683997
2.763785
3.180647
3.0631
3.245724
2.99003
2.566898
3.185743
3.002015
2.704111
3.046198
2.613531
2.91442
3.061462
2.258235
3.098206
3.1904
3.276083
3.197303
3.669909
3.077622
2.94927
3.11074
3.341325
2.903728
3.440147
2.991803
3.000464
2.921363
3.051506
2.8423
2.628317
3.352631
2.916857
3.371304
3.073333
2.660026
2.247298
2.371815
2.151803
2.429717
2.779779
2.991397
3.326994
3.176905
3.131841
2.640652
2.511607
3.057175
2.748338
2.158378
2.661121
2.66734
2.478712
2.880273
3.173942
3.202215
2.907085
2.729908
2.239102
2.823575
2.714735
2.753408
2.52438
3.277864
2.705102
2.682673
2.529286
2.667896
2.800521
2.656275
2.626314
2.640893
2.622957
2.644924
2.77839
3.426964
3.140739
2.639436
3.173057
2.275736
2.4286
3.16651
3.171125
2.719724
2.701371
2.761363
3.411505
2.8638
3.027962
2.845016
2.471383
2.986326
3.430155
3.173196
3.071975
2.658967
2.79991
2.650359
2.66712
2.782418
2.989956
2.686964
3.198868
2.782406
2.698602
2.76392
2.71339
2.783673
2.823166
3.019656
2.471358
2.79498
3.221822
2.969154
2.978221
2.34772
2.137492
2.698371
2.620568
2.239374
2.77887
2.044123
2.508393
2.350295
2.48036
3.61041
3.061054
2.816126
2.264457
2.164973
2.955763
2.544922
2.453827
2.811907
2.912371
3.011981
3.280519
3.231856
3.031231
2.546202
2.677923
2.486022
2.347236
2.587278
2.742506
3.111798
2.953288
2.756754
2.32885
2.9618
3.181596
3.108711
2.603192
2.862785
2.512208
2.696585
2.889725
3.212641
2.620979
2.57807
3.093635
2.665723
3.044147
2.775477
3.175412
2.980909
2.713674
2.546869
2.649283
2.619997
3.031019
3.078455
2.480833
2.305849
2.763249
2.704303
2.822632
2.930921
2.711789
2.660387
2.928147
2.433009
3.127803
3.19772
4.076522
3.973397
3.494504
3.193036
2.645555
2.683444
2.604679
2.838702
3.253929
3.084063
2.40502
2.49967
2.819465
3.108939
3.058107
3.04492
2.792497
2.708872
2.76454
2.342054
2.510035
3.181281
2.866291
2.590488
2.660405
2.655665
2.161001
2.743422
2.488619
2.227154
2.472667
3.096302
3.159664
2.693099
3.11646
2.850115
2.943236
3.606065
3.337444
2.193696
2.599665
3.01619
2.438941
2.801598
2.708149
2.795671
2.866803
2.408064
2.619481
2.930298
3.19682
3.181608
3.452101
2.534832
2.217493
2.626698
2.909933
2.581743
2.543301
2.249797
2.343476
2.427117
2.938054
2.789085
3.046048
2.971471
2.797191
2.566407
2.058707
2.162338
3.074057
2.86717
3.673709
3.673744
4.280528
2.904501
2.9801
3.253286
2.79192
3.00656
3.066109
2.815836
2.646794
2.505116
2.273145
2.315767
2.664989
2.563186
3.027516
2.969951
2.843742
2.893459
2.660099
2.501308
2.157456
2.151452
2.4059
2.351884
2.587789
2.515016
2.955224
2.777877
3.136615
2.702442
3.364567
3.089737
2.606703
3.43042
3.014315
3.804886
4.258697
3.895297
4.202092
4.409641
4.097883
3.267116
3.145337
3.00525
3.154118
2.748045
3.150546
2.498946
3.134821
3.019117
2.418915
2.481668
2.830479
2.67925
2.610248
2.520622
2.787054
2.231554
2.243913
2.712349
2.908644
2.936336
2.921342
3.212575
2.648503
2.673837
2.955265
2.366387
2.460907
2.859404
3.286559
2.818641
2.474186
2.267961
2.868117
2.74219
2.609867
3.402553
3.157609
3.263561
3.115197
2.490289
2.489605
2.506345
2.375894
3.383957
3.301216
2.777522
2.374753
2.259423
2.432341
2.634027
3.081207
2.876347
2.60588
2.469831
3.088976
2.813979
2.474635
2.952999
2.648943
3.489398
3.148151
2.846059
2.894431
2.199161
2.568126
2.349134
2.649189
2.727216
3.376414
2.709307
2.184908
2.5439
2.613743
2.618986
2.564214
2.654195
2.467493
2.485939
2.466969
2.367628
2.635553
2.705594
2.794248
2.705434
2.408821
2.501096
2.645482
2.665263
2.305415
2.681851
2.241266
2.458578
2.358909
2.410419
2.254589
2.520547
2.434997
2.635981
2.715654
2.578365
3.117658
2.63294
2.735927
2.677428
3.059583
2.572479
2.381446
3.071283
3.042723
2.860799
2.2626
2.468573
3.126647
2.760589
2.738854
2.459511
2.949956
2.738615
2.802242
2.76591
2.247098
2.843961
2.969319
3.174768
2.961663
3.027043
2.830507
2.683471
2.750597
2.130997
2.232077
2.683742
2.591985
2.671136
2.382955
2.739529
2.613772
2.93021
2.281431
3.123974
3.270394
2.763141
2.609249
2.747205
2.626642
2.814627
2.801554
2.408182
3.051691
3.037491
2.876885
3.198312
2.705028
2.267831
2.469252
2.533212
2.354611
2.637951
3.267987
2.978326
3.20188
2.969058
2.752016
2.966873
2.753902
2.322526
2.73538
2.244353
2.574149
2.410247
2.265696
2.670386
3.075387
2.912389
3.302075
3.313917
2.852304
3.198812
2.350715
2.154392
2.618668
2.488834
2.688653
2.456456
2.825063
3.106595
3.260334
3.193672
2.690061
3.225289
2.729388
2.289689
2.920641
2.594092
2.42068
2.910735
3.03073
2.577524
2.58543
2.374544
2.512395
2.27358
2.359629
3.058471
2.351917
3.138814
2.81739
3.103034
2.566197
3.106596
2.774733
2.273022
2.591357
2.391967
2.47289
2.778634
2.899462
3.880729
3.199045
3.639838
3.640808
2.818451
3.245624
3.25626
3.205118
3.497736
3.148564
2.667156
2.366389
2.444692
2.47288
2.718717
2.776793
3.082849
2.510669
2.325144
3.040623
3.193869
2.680556
2.410747
2.263454
2.746677
2.981781
2.838473
2.841487
3.355451
2.929502
2.304419
2.691665
3.081803
3.48723
3.061482
3.205019
3.781027
4.013339
3.004028
2.979681
3.159472
3.311155
3.012884
2.2471
2.171805
2.617143
2.468033
3.439673
4.072908
4.249395
2.888358
2.659565
2.467031
3.475798
3.191696
3.120005
3.674592
2.488516
2.83112
2.61209
2.482444
3.007348
3.382791
2.228073
2.50316
2.74246
2.590115
2.762449
2.633257
2.928095
3.504754
3.041021
3.797224
3.530766
3.105201
3.060425
2.761427
2.997287
3.473327
2.398149
2.446818
2.307822
2.206258
2.518262
2.765544
3.307904
2.909084
2.503683
2.308658
2.39793
2.66516
2.96612
3.345003
3.178679
3.325287
3.025033
3.916463
2.91851
2.472291
2.731052
2.184257
3.127006
3.270413
3.148617
3.017473
2.638742
2.980734
2.694459
2.841704
2.805362
2.41672
2.885164
3.070358
2.90484
2.75243
3.015051
3.420107
3.176312
3.083154
3.157887
2.633301
2.543309
2.669309
2.393618
2.252842
2.313222
2.858008
3.05486
2.253254
2.630403
2.603807
2.518053
2.721077
2.098872
2.424643
2.369702
3.087272
3.296445
3.822677
3.561305
2.508085
2.650231
2.014149
2.90452
2.831193
3.090898
3.83099
2.946061
3.16382
3.434858
3.224981
2.864588
3.14985
3.532676
3.514304
3.204509
3.299714
3.527904
2.996079
2.851474
2.843665
2.750718
2.521754
2.271597
2.45801
3.28594
3.158082
3.108931
3.212312
2.800613
2.978683
2.933286
2.697702
2.930109
2.599099
2.54787
2.742112
2.883091
3.577136
2.674475
3.029626
2.483279
2.733787
2.842434
2.565779
2.612268
2.766917
2.98109
3.142264
2.510472
3.672275
2.57671
2.96294
2.839695
2.612674
2.650303
2.372668
2.366115
2.591244
2.6894
3.406645
2.768332
2.868882
3.419955
3.154307
2.68476
2.270341
2.464852
2.942785
3.129732
2.68715
3.319189
3.186707
3.173807
3.321702
2.565988
2.957776
3.362912
3.187749
2.900951
3.035134
3.208801
3.033923
2.50391
3.134199
3.189979
2.937299
2.638395
3.088663
2.648702
2.497469
2.58005
2.908765
2.640614
2.915471
2.875518
2.840141
2.690664
2.785182
2.187608
2.59563
2.741276
2.601088
3.04332
3.18104
2.914146
2.807861
3.249329
2.824853
2.42844
2.632448
2.530259
2.413321
2.10291
2.466829
2.985605
3.158008
2.971989
2.631269
3.134829
3.631377
2.526011
3.211189
3.325507
2.620914
2.684066
2.897681
2.72437
2.495751
3.435889
2.848827
3.054215
3.078293
3.241138
3.14688
3.094091
2.778345
3.136345
2.697782
2.712694
3.127114
3.006631
2.47164
2.935364
3.1637
2.370341
3.351545
3.409732
2.874425
3.188781
3.136263
2.507197
2.491866
2.428244
2.490085
2.692009
2.197812
2.889655
2.570837
2.911742
2.872919
3.333962
3.179788
3.039118
3.050013
2.827436
3.835507
3.633974
3.502187
3.565233
3.555196
2.737965
2.743726
2.674568
3.332319
3.225957
2.695741
2.689089
2.852535
3.034076
2.899114
3.008004
2.87192
2.337567
2.231321
2.731822
2.977321
2.681032
3.4763
2.907903
2.67949
2.490892
2.711371
2.834923
2.677689
2.801449
2.788064
2.896731
2.886805
2.978616
2.560926
3.154606
2.962802
3.218715
2.681774
2.947217
2.313722
2.528619
2.759465
3.26916
2.447084
2.530264
2.502595
2.550231
3.33822
2.994144
2.494743
2.814928
2.584791
2.59296
3.212593
2.39812
2.655036
2.344478
3.584201
3.196576
3.070524
3.364819
3.396886
3.274357
2.516174
2.537673
2.604288
2.437272
2.403009
2.819724
3.072268
2.70026
3.02648
3.135694
2.878645
2.954726
2.6332
2.807336
2.599392
2.608532
2.563338
2.976455
2.947142
2.711861
2.372528
2.287809
2.348161
2.915903
2.455939
2.647936
3.24475
3.244713
2.636673
2.509626
2.232709
2.538303
2.418111
2.511792
2.659421
2.573502
2.629228
2.586791
3.072479
2.826263
2.917009
3.178323
2.784255
2.490522
2.532925
3.128458
2.376431
2.83063
2.454107
2.633023
2.129312
3.034726
2.354428
2.190161
2.493461
2.520865
2.966664
2.379203
2.599892
2.666954
3.394731
2.722939
2.868385
3.005874
2.437873
2.426137
2.410199
2.495552
2.500461
2.986894
3.462425
3.037842
3.363137
3.14713
2.537414
3.109492
2.876609
3.047032
2.619329
2.563658
2.235232
2.901253
2.765844
2.393861
2.190864
2.828553
2.930976
3.022353
3.01305
2.483087
3.036441
3.377483
2.905708
2.397274
2.518449
2.71681
3.196185
3.100476
3.29765
4.057409
2.881811
3.102257
3.009298
2.553685
2.2869
2.683933
2.667793
2.829718
2.707078
3.147412
3.209495
2.527846
2.348143
2.270592
2.20628
2.319896
2.628447
2.567989
3.086351
3.078068
2.986878
2.773715
2.156913
2.637247
2.635452
3.350579
3.118673
3.286168
3.082208
