11.47943
15.27894
32.43232
32.76066
32.27438
28.65753
38.78089
29.53223
26.50087
29.65331
33.6876
23.99652
22.66475
23.06847
28.11368
31.09172
27.48414
33.07159
34.23184
30.80084
31.73181
43.09273
32.71318
28.68382
36.01256
32.92213
37.20294
36.50447
35.42909
31.84207
30.6102
35.08303
23.33617
37.37754
29.89307
26.55661
27.91281
26.46067
30.77533
37.1404
31.86854
22.1477
22.03298
27.92127
32.7363
30.51204
28.64288
28.74255
27.72265
23.37936
20.87566
26.35422
26.82154
21.04624
19.17368
24.93503
22.78661
26.17875
28.26518
28.79986
30.53438
27.33719
24.06942
25.10061
37.64314
35.77639
28.70264
31.53324
27.89884
32.19144
27.17528
27.91851
29.17739
38.55214
35.81054
46.53458
34.31038
33.03559
30.59739
25.05372
25.61098
23.47612
28.1023
28.50365
34.26838
34.05075
27.44712
35.00345
36.80772
32.38436
41.54272
29.77228
28.06872
28.17891
33.645
28.69141
19.7695
19.24654
20.16191
19.63683
32.77666
38.76642
35.70264
25.90617
20.04171
37.68388
27.69316
34.26943
37.3417
36.59247
29.56944
36.57278
28.62132
33.8244
29.25443
26.22411
30.75797
19.39311
25.98732
27.54582
32.22931
30.8684
29.50437
30.74866
33.76763
47.86096
40.21388
36.53674
33.14759
32.8677
27.74444
28.34406
32.5337
31.91706
37.1254
35.10394
33.10135
26.55411
36.51446
37.56193
29.83025
30.62147
28.57949
35.1111
31.0391
23.55427
25.92182
24.05059
25.50971
23.25376
21.15429
22.2748
35.2834
46.62088
31.34868
25.09658
33.62706
42.24631
28.73991
31.8159
38.28815
42.62652
29.52769
28.03704
33.93906
31.04069
23.63994
23.13831
29.91378
29.39961
26.24421
30.85534
33.61376
42.44171
28.82286
37.29694
29.27883
25.39087
25.76395
29.55446
26.25408
25.94619
35.67486
27.42858
25.21296
31.87183
25.47896
31.80858
24.66007
42.14539
36.71257
37.25513
28.13893
33.85503
36.63297
33.09214
32.85076
28.12177
22.69048
22.9691
30.46602
37.49737
36.42855
31.73605
33.91132
35.39742
34.95706
29.88465
24.87035
33.165
33.66502
31.72886
34.07501
31.98412
39.45623
33.24286
26.80193
19.04105
34.58084
34.91142
29.51537
28.7475
30.80806
31.85405
33.56986
33.69486
29.9903
23.25774
17.03623
31.9768
28.45435
37.95226
38.93324
35.71311
32.59379
29.10131
28.81282
24.31233
25.9206
30.43566
25.76939
32.56846
32.16346
31.0012
34.93456
30.90068
29.07336
35.26941
31.29282
39.35681
27.89089
36.01719
31.29402
29.00499
39.77173
47.06913
31.54193
30.13475
25.50216
34.06852
23.84946
27.42286
20.75554
29.24685
25.81273
30.44998
27.1018
26.2427
26.05878
26.37637
33.84314
35.61749
42.50334
42.8905
40.0847
29.1742
47.6828
42.11013
37.45976
28.74016
26.94108
32.26618
34.18084
31.00048
33.40865
38.04361
34.51289
35.67189
27.471
29.37247
33.21514
27.67343
28.4497
28.65671
30.04297
22.13127
26.65388
21.32289
20.3404
17.78793
20.61656
25.1924
19.53674
23.29721
27.34721
30.06816
29.27718
29.30556
30.33181
33.49277
32.28168
31.3432
23.75831
33.23847
36.24966
33.87803
32.50511
28.70634
26.3325
29.40552
32.32126
33.65058
46.08813
46.68126
38.03742
45.70583
41.73144
32.68563
28.97026
23.95135
26.99532
26.15376
34.78101
34.25606
29.93404
29.86455
29.52249
27.7727
24.43788
27.24304
39.98802
43.59164
29.77888
28.64929
35.09464
36.39387
31.10406
41.14516
23.76246
40.25643
30.05312
32.21509
26.28331
31.30667
33.74101
29.60111
30.22461
28.8364
30.90709
27.10466
19.59357
31.3868
34.48901
38.69292
47.87151
40.08677
40.2054
43.19364
49.62624
32.04078
37.27218
33.23463
26.76383
26.40942
32.08074
28.03976
26.28947
28.51366
20.17132
23.37326
27.3879
29.99894
32.03288
32.55208
30.50394
30.42151
26.73196
29.97787
33.52281
31.99006
32.0371
33.57658
32.01685
36.28831
32.58955
25.76196
30.21034
27.2502
36.37261
26.55032
27.16542
27.30838
34.37103
37.10568
28.63995
22.64106
29.20918
22.8311
24.98375
21.399
23.97107
24.98258
25.13973
30.1806
29.97756
28.84187
39.77254
32.40401
40.26637
32.46237
35.49951
33.6205
26.32308
26.3947
29.57185
26.69857
33.64187
31.61391
22.45353
24.19874
22.04855
23.64262
21.20658
34.56331
32.86364
32.95776
39.98218
31.21911
27.76251
31.37535
33.08709
23.3531
25.58431
16.47595
24.28394
21.73878
18.18507
19.87771
15.3415
20.1928
21.99972
30.67477
28.69539
25.27781
26.95098
23.23694
16.30972
23.2551
21.59856
24.4092
27.73447
20.79123
23.07663
25.19161
28.76609
29.09593
24.46563
31.17139
27.37344
29.3984
30.94283
29.03933
32.76333
35.62776
33.84984
28.58831
36.6961
34.08136
33.46102
37.10251
27.92104
24.10593
27.66161
25.53976
24.96694
22.31445
22.50648
19.05062
26.15832
27.59847
24.86334
24.70782
26.47662
24.42293
28.13768
25.51513
24.09025
26.99352
26.01566
26.44385
30.49914
37.30365
46.30103
39.89683
38.86391
30.22014
32.68771
24.23949
19.39326
26.03422
39.01249
45.94065
40.08435
37.95245
35.79945
45.29338
31.56504
36.09505
29.37795
30.09239
27.95864
37.09592
36.69239
26.59208
32.49422
29.28264
27.36157
28.46955
32.33598
24.30161
23.2002
25.43336
38.46461
38.22865
32.38047
37.57179
35.74432
40.3035
45.42057
30.2885
34.74628
26.77414
30.07924
34.71821
39.01117
29.94043
33.97117
36.26356
46.4183
32.83497
29.09796
20.2963
22.81448
22.25327
31.49394
30.24037
31.60804
24.20832
21.99802
27.7478
27.69021
33.07661
32.89349
37.40632
41.30146
44.24139
32.89624
37.63218
31.42728
34.88101
32.4258
31.15585
32.5162
37.0443
30.45014
30.25352
37.90853
34.76272
42.76452
27.25501
24.01749
25.94994
28.28311
25.66965
32.53679
28.08657
42.07156
35.68559
29.15639
26.39716
38.22065
29.4336
22.78757
27.45417
23.57311
30.54834
27.09423
35.57558
32.59147
33.54227
34.81202
34.66014
33.69977
25.55625
32.76095
39.28206
45.24491
36.50001
23.97391
21.0977
19.21005
21.02262
31.99491
32.03311
35.32975
34.96515
33.93833
24.25555
31.30073
33.54093
37.63144
34.28021
31.75626
35.36835
27.39888
42.34271
36.43966
33.70795
27.08927
29.84981
38.12454
35.72201
39.06242
45.35304
40.50981
33.92899
29.77855
32.00986
34.85701
32.52518
33.53437
33.72579
27.11289
35.93961
30.9545
40.87483
30.82551
24.77519
23.83101
18.56752
17.12647
17.30393
19.06219
23.33289
31.44513
30.09862
24.82781
22.20332
30.43784
34.80207
35.29935
30.12478
34.51713
38.11914
28.95838
32.07499
28.54536
26.81692
26.21269
19.17013
24.63237
28.68781
24.50657
37.9023
38.3235
27.43454
33.12399
36.59898
31.93683
40.84734
36.62538
33.35912
27.35862
20.71363
34.75621
35.44967
35.56619
35.75672
32.79917
33.57584
40.29989
37.61685
28.25172
31.96201
25.69241
21.48654
25.80777
31.12286
36.70533
37.73769
30.73339
33.97415
27.89451
40.69588
43.39042
33.97673
32.97746
31.46608
37.80572
22.84356
26.82895
32.75695
49.02861
36.14511
36.01698
32.52129
31.17722
30.55957
29.11691
32.26232
27.56192
25.66619
33.16178
25.96096
28.42241
31.89602
36.41621
42.14758
41.76851
37.03478
25.6637
32.70727
30.87477
25.8256
24.00633
29.20769
28.9191
25.60381
28.78101
30.83251
39.88787
43.20863
33.17022
31.40829
27.80453
26.29897
39.69715
34.49647
25.23363
18.00946
23.06732
26.14054
30.2323
37.85071
37.36053
37.7981
32.04679
31.44216
25.07834
28.4835
28.65317
20.86447
30.09744
24.03544
31.2445
34.40358
44.63167
30.29283
34.18575
30.91978
40.63658
38.85817
30.96659
31.67369
28.61926
24.58442
24.19524
25.16897
22.53077
24.58794
25.09138
28.87624
27.15958
37.19571
31.51224
30.68479
34.76674
30.14595
24.8099
25.42015
36.45762
31.04559
32.92942
33.45402
31.70172
36.08559
33.67395
30.75752
31.41943
35.0255
37.01157
30.76583
35.43834
24.80704
28.80649
31.34258
21.9262
26.17854
40.81331
49.49522
32.47439
29.90137
27.39178
20.98648
26.93764
26.22719
37.36395
30.07434
35.56571
26.87565
26.16766
19.98839
23.98421
25.78054
29.97525
27.59152
31.30532
34.35259
36.84134
31.09796
30.56258
33.59728
43.48159
33.56215
28.44234
24.52023
24.17034
25.69932
23.45662
31.69312
33.72032
37.55739
43.62843
30.04247
28.77499
28.58753
34.5424
28.96688
29.14934
20.95686
40.63563
31.13918
21.68595
28.35716
30.32283
31.28032
32.40814
39.44429
20.97804
24.07287
26.74352
30.7861
33.60463
41.10273
31.84829
29.74512
25.57271
21.57687
21.10848
29.07317
31.12388
33.25204
22.59039
25.90738
19.5084
27.16522
24.42657
28.75616
25.61565
32.10907
32.47642
29.20537
31.66797
38.21669
37.11174
33.63007
29.73491
33.78564
27.70254
23.03908
35.80126
25.01279
35.87095
27.42323
38.63162
38.57752
42.7784
31.87774
25.89339
22.89805
28.05628
29.57825
24.95939
29.35347
30.47953
31.05016
24.11241
37.27962
33.30265
35.04392
32.69486
19.86674
20.73576
18.43402
21.13031
26.34112
24.98422
27.73999
31.63376
34.39307
25.52798
26.74454
28.19762
32.30966
24.15606
22.8541
36.63465
39.47313
26.2313
23.04721
26.85341
44.44192
32.30913
27.89738
36.12059
31.47601
23.86014
25.58429
26.51951
34.7989
31.30584
29.27572
28.79939
29.71153
29.07106
35.20635
32.04866
42.07041
37.48218
27.16174
28.6687
27.26853
24.93456
23.42612
25.09623
27.19346
28.10429
25.00106
21.7433
22.61858
21.16875
23.63875
26.96315
35.63953
28.49327
39.07279
38.55186
32.3327
38.32032
31.93388
39.89929
37.38126
35.14374
44.9438
44.57295
40.78013
31.59992
30.30983
28.72767
26.12871
33.03903
39.47748
27.70072
28.76763
39.45577
40.26059
37.96712
39.42675
41.14872
31.92934
31.5415
33.89801
30.10145
26.41819
33.27579
33.54124
28.07256
24.9472
28.61083
36.42555
38.03914
29.96369
40.56653
32.0201
29.6362
26.26349
21.42218
22.93242
22.12405
19.91043
16.44968
19.51361
22.97575
22.86669
26.64751
33.29844
27.02427
30.38808
28.93031
31.83735
23.76019
29.68985
28.48841
22.20449
31.14178
28.9551
23.49236
30.48706
31.86376
31.86144
30.08938
40.84151
39.08841
29.19487
35.38728
31.2321
35.23717
31.97708
32.88237
32.72141
42.47528
38.684
36.6421
36.04246
27.46672
27.37908
23.84309
33.99423
37.50548
34.58569
36.91483
35.63995
33.89745
25.78906
26.70827
24.95441
30.13169
36.60383
36.36893
41.19291
33.30498
30.48171
31.8305
35.08375
28.05716
29.49603
21.5893
22.11925
25.16916
26.17065
26.81442
28.36644
43.17607
43.30565
44.74045
50.26501
42.52602
40.24887
41.38346
26.60278
25.44519
24.74137
21.97387
31.86466
34.91324
30.51778
31.53016
22.38111
34.05474
32.59318
28.30551
34.09628
34.4422
35.90496
43.36771
30.68697
29.74051
30.98885
32.00441
35.81868
26.83259
25.76359
26.25669
28.97201
34.92369
38.3373
34.25564
25.89522
21.98473
23.82265
22.93038
29.62186
23.13364
20.69851
27.16734
28.32496
27.1112
30.46049
33.77613
40.46008
39.98928
30.74048
23.61885
31.59202
24.65439
28.36485
21.42217
23.98321
24.60163
20.77212
28.27384
25.85891
25.15375
33.37584
26.12152
41.77039
40.92163
36.40138
35.6533
33.65478
33.1728
30.0233
25.20379
17.62116
22.67674
30.80148
24.04152
29.65739
30.9474
26.53814
33.93924
27.25177
25.95271
28.43084
32.67186
27.33892
26.12534
17.67661
18.70811
14.46482
24.42029
20.77235
22.84743
21.05349
20.36615
21.3446
33.27309
34.73433
32.35242
27.67634
24.81908
29.46524
31.51653
32.42125
36.46893
30.8563
22.27758
27.21344
32.34165
30.77364
31.84893
32.94903
29.43233
29.8823
27.64222
21.82651
25.30622
35.65393
28.4466
27.19414
35.28028
40.54868
31.67923
33.03138
29.52849
34.7725
58.95486
39.78428
47.7684
25.33664
22.542
25.12517
33.18759
37.91937
33.64458
34.38329
33.46316
29.22882
37.6855
27.02151
35.1143
25.22347
27.86909
33.03945
24.28161
33.02362
34.25958
29.45105
42.1049
38.64318
32.13845
38.48906
29.54699
27.7144
29.12167
25.84689
32.05729
38.74384
32.81032
23.58556
27.3348
36.54042
32.46692
32.2072
28.53757
23.77466
19.11433
22.17749
23.29684
22.64972
24.14937
29.12916
27.17621
28.99854
34.90759
31.27005
26.91859
29.3057
29.2716
33.56953
36.00919
39.83496
41.88977
32.24926
38.23981
29.29621
34.0307
30.37451
36.94629
33.82674
37.13936
40.05481
36.3143
28.40305
34.31451
33.03748
26.13501
30.0099
26.077
26.99193
32.00005
31.01551
31.25117
32.56616
37.72206
30.45109
36.01496
35.31335
35.35802
39.95078
48.22292
32.79084
37.87388
28.10738
40.60872
32.96376
36.76298
34.16362
30.49913
48.8512
31.83907
34.55634
26.3191
21.92427
30.90609
24.18489
26.14952
36.77434
34.25524
33.59003
28.93125
30.16788
34.80094
38.04494
29.46445
30.38887
32.52661
24.35819
29.76127
27.11403
21.16867
26.4769
29.16406
26.49058
28.62017
27.76721
26.38682
30.14575
25.11562
38.23371
33.89684
29.08935
31.18792
35.57539
27.13832
26.01276
29.60041
30.16662
32.33582
26.64639
37.1498
46.43333
34.30289
40.39702
31.38439
24.39386
25.9749
34.94765
25.58181
26.9655
26.29162
28.37767
41.74253
35.74203
29.56614
24.44975
29.18732
29.75482
28.90132
30.51048
34.14618
28.57115
35.86201
35.69616
34.37869
36.57747
29.97793
29.82072
36.04359
37.50478
29.3513
31.78881
28.09107
34.35634
36.19745
48.12505
28.06594
36.46997
34.08328
34.70535
41.84013
30.13298
38.0933
33.72619
33.80466
32.53425
38.91574
36.74071
31.4154
26.48568
28.62782
31.29283
24.02969
35.86218
24.86223
39.17282
34.99833
38.12889
37.00453
36.79966
41.11361
47.37481
34.85602
37.01236
41.86478
31.47832
35.99048
32.53723
29.5524
23.89898
23.30016
29.813
24.90717
33.5959
30.22483
25.5493
38.16455
40.7499
30.06912
29.64047
32.47336
34.09626
37.09501
33.13539
35.59894
41.60627
36.70521
25.94034
25.9876
25.83893
35.45051
32.33825
37.49555
24.45677
23.80097
32.03931
28.31167
26.9154
27.85499
25.49848
32.35077
35.81031
33.26806
30.7922
32.6872
31.08094
32.97896
35.3613
29.06576
29.66029
33.26788
35.79262
32.1304
29.04234
24.7395
23.9735
33.20294
48.58156
35.4549
27.19942
40.07461
21.87648
18.0249
23.68684
24.50471
31.23013
34.29726
25.83443
35.25578
30.25095
24.96715
27.7908
32.74144
28.83334
42.72697
29.16839
24.77421
27.55308
21.85472
21.53276
20.18415
21.08398
25.0595
20.65748
22.03896
25.26688
24.79665
23.35877
18.92386
17.26371
20.50099
27.26581
30.17296
32.60451
30.51422
26.23201
29.6445
21.87912
23.1331
18.93906
26.85824
28.67575
30.62853
39.87237
26.57772
31.95803
32.07334
27.36393
28.71602
26.27144
25.72919
24.43688
23.9005
29.9084
38.73707
36.17747
36.18667
29.30529
29.2995
30.0794
25.65149
23.495
23.1302
22.36111
18.53667
20.60987
30.48239
28.67346
23.43879
25.4631
29.07537
25.6487
25.61548
37.42971
35.63435
37.53927
41.03649
51.15312
41.81634
38.17669
33.4092
31.16743
24.57539
32.40575
22.66039
28.36278
28.75648
20.35389
18.45058
24.20468
30.45144
27.74072
31.1856
23.27366
28.73764
20.34198
25.07705
24.16506
17.90385
20.54515
22.38165
40.15256
33.06936
24.7282
28.33656
29.36558
33.88108
38.65729
33.12984
30.6508
32.58947
33.94056
38.37003
44.09866
35.00362
46.59713
38.18798
38.60645
33.47876
36.80779
40.80398
38.04943
36.60152
33.46206
39.92525
28.27972
34.86263
31.98475
34.75691
34.49844
28.90629
30.81109
30.08052
32.13424
33.59577
34.21038
25.95469
32.93111
32.90429
25.68671
29.51826
28.26763
24.49949
28.05163
38.15918
40.94899
30.7152
26.9252
30.10622
30.39096
25.64799
25.80626
35.5337
35.08916
27.7493
27.52792
32.98486
22.70276
29.49798
29.14297
25.21702
36.15664
33.02953
32.64253
25.00745
31.1089
45.83565
28.58991
30.32386
30.22724
27.77661
19.07127
22.05043
34.95269
34.11711
33.77945
27.44809
30.3103
43.811
32.6937
29.24311
36.329
36.97791
27.99149
29.90989
28.74326
31.24061
29.91135
29.78353
21.88033
31.52983
43.36152
37.61817
27.17962
39.49127
32.29478
35.61334
20.33659
23.33408
27.44856
18.26193
26.66673
22.43368
27.37274
25.53039
27.82086
24.10934
23.74187
25.03497
36.55935
30.11086
29.40228
33.32247
43.98549
35.75612
30.34447
29.65266
23.28501
26.2877
25.82845
35.93401
28.62804
25.71984
28.04949
45.41179
34.90904
37.90209
41.72965
39.0119
27.77439
28.65389
25.11379
34.28211
25.73289
26.05661
29.4174
25.22132
23.46526
27.05649
27.06318
23.00852
33.433
39.22218
25.83126
18.19364
22.21605
31.2107
37.06434
35.2964
28.31023
39.15692
26.07748
26.41539
22.46977
29.54888
22.354
28.58822
28.42417
35.23555
35.13277
32.58573
27.92879
29.67572
31.01056
37.58401
30.85961
35.38092
31.01083
33.28933
33.92447
30.64071
27.3427
23.5303
20.73795
24.09027
25.68356
29.35463
32.42072
27.27691
18.77453
27.47597
37.54523
31.84163
32.16932
25.36578
23.38974
31.29042
24.94069
30.61323
23.78402
31.97654
30.84834
33.62243
38.92697
31.61568
37.17553
34.76412
31.48913
35.43719
25.45365
24.23747
27.01896
40.14598
39.97539
35.22045
38.07778
27.24656
24.9966
31.0805
31.40666
28.7234
28.2922
21.46141
24.87067
22.24624
29.39328
24.79415
32.72563
33.50854
23.88955
24.88159
31.11156
23.54284
25.35567
25.86462
27.53968
32.32153
29.59514
27.56655
30.58189
35.52149
27.36195
41.90798
31.80715
39.37489
29.49936
28.00835
33.74803
26.89812
34.5739
30.50015
41.61506
37.20138
24.78154
21.10931
21.84941
29.70995
25.84224
32.54686
45.21876
26.86051
21.73874
28.05479
44.16978
29.79268
30.29005
33.21868
35.20244
34.09418
30.382
32.79064
35.24547
30.67576
50.49204
33.95169
30.18371
34.46972
35.46766
33.27199
39.75336
29.62051
29.24787
22.0622
18.47217
25.57809
29.29616
38.25368
35.96883
33.20868
28.49637
35.5278
26.98894
32.686
31.72712
37.40709
34.59479
38.53805
25.67575
31.88661
41.47129
32.1145
21.67425
20.14684
27.5933
33.57585
36.98677
30.15029
43.50253
30.93442
30.25809
31.82757
29.61978
32.72108
36.29351
40.41293
36.63169
38.64371
40.17168
35.60481
33.20324
32.70753
30.81393
33.31364
42.297
35.21592
31.68464
24.69171
36.37138
42.66834
35.35794
41.91794
29.62594
33.838
34.50931
35.08751
42.52444
33.95913
35.97924
33.41335
40.71209
44.83394
39.82179
34.4254
39.20042
35.817
35.21467
36.40956
36.08674
46.42343
29.06059
26.43238
36.748
28.27586
31.98432
26.04158
29.26119
28.99743
27.49793
32.78421
31.73737
30.89854
26.82733
25.55576
26.609
30.06093
41.07514
36.16841
35.05837
21.46811
24.66076
25.47411
26.7877
29.81483
26.3571
36.04183
33.10565
37.68536
32.55583
32.08078
30.96355
24.33761
24.86479
27.8019
30.36845
31.9105
31.72356
26.1965
38.59113
28.17023
27.71961
37.05257
36.57162
35.6526
31.31825
33.6055
31.81492
31.36213
32.65165
39.37873
31.56237
25.6324
23.81835
24.63664
29.13328
28.32618
32.08146
31.24014
25.54361
22.21518
27.12404
33.22566
31.16598
28.88568
33.25034
35.27473
41.09454
29.78481
28.51311
34.80216
28.44917
32.01542
27.94971
33.59664
25.38244
25.76697
30.37649
26.90963
30.61408
31.25552
29.58633
27.16497
25.55957
34.22572
31.07261
23.87736
35.86335
37.23485
24.96763
27.76845
32.30507
42.47164
38.90918
38.7659
37.71993
36.76498
34.91375
27.26832
31.517
28.54512
33.07446
35.35202
31.29674
23.09944
31.78286
34.01177
31.99868
34.68031
36.09084
36.31187
27.64678
27.20572
39.32434
26.00751
43.61182
37.48075
36.28153
34.96288
36.08271
41.48472
39.90858
31.47585
29.07849
23.77085
33.83284
33.92793
32.38224
32.86746
33.3535
31.99912
29.60881
31.38665
35.29407
31.58494
36.82415
33.57486
32.96318
35.62681
26.58262
36.3311
30.51222
34.45405
30.33567
37.41912
33.50929
34.61098
31.90063
29.30987
34.36008
36.14599
39.01404
33.31813
30.01288
20.95199
20.60354
30.72185
25.64636
22.35576
25.19879
37.60337
42.21958
41.32794
35.02169
37.19593
30.91853
29.73902
34.63104
38.78395
34.23267
43.06453
32.23609
34.90699
34.55616
30.12055
36.32708
36.53587
26.09542
20.56051
26.38766
27.77087
23.12154
24.70763
28.26705
30.2772
31.48881
35.79149
32.55698
24.70943
26.15698
26.02647
35.3974
32.48926
31.09744
29.29671
22.92019
26.8221
28.64314
31.13587
30.61431
20.60552
27.52977
26.446
25.75929
32.57583
30.40164
25.26058
25.38286
26.52037
39.65566
35.45997
29.50176
30.59158
33.58018
31.1619
48.50138
29.06159
36.34526
35.22618
22.73928
30.17179
27.05541
31.40918
26.1517
25.65285
20.37165
18.2289
18.07365
29.32283
28.29064
42.41201
35.548
36.80572
34.22721
29.89232
35.08027
47.56829
32.06869
46.07114
38.7927
26.53134
26.21143
28.15421
27.88319
29.35089
35.48326
33.12291
30.98879
28.01889
31.18008
34.24398
30.46395
28.40594
23.74986
26.96737
38.92359
26.51692
30.91329
22.69728
28.3012
41.05869
37.84846
28.50706
26.3657
31.72135
22.42998
27.04146
25.50405
39.96952
37.81933
35.08641
32.07223
34.85719
29.57521
30.32596
29.31279
22.38243
27.71282
35.82824
36.16958
31.96815
26.51766
30.74026
36.36692
29.61239
33.66884
38.16063
36.98955
25.93793
33.55409
32.35729
29.15102
36.44184
33.66265
34.24152
32.57639
27.47148
35.94813
36.04235
25.16245
36.45322
33.74225
47.58873
45.61279
31.69556
34.3223
29.13357
23.59742
35.76269
38.64415
37.67312
31.3961
25.49234
28.63532
21.48149
23.27002
27.82927
28.9183
32.71544
33.36093
29.37685
31.74771
36.94537
30.6905
35.47204
29.9366
30.55645
26.05676
23.90186
20.6389
32.89266
29.99488
26.98014
26.47832
32.7214
29.50354
31.42946
24.48754
24.51122
26.57048
29.62463
28.77122
22.85539
22.3926
20.87937
21.47928
20.60435
31.91677
24.64121
42.39688
32.02765
21.67542
23.18118
25.92073
25.81055
34.8054
31.41603
27.66264
22.78954
32.11577
37.13388
41.73316
34.88851
34.58147
38.35247
44.64256
39.89362
31.18877
32.09613
48.05448
47.38042
39.24591
42.93834
32.74024
40.37495
47.12115
48.48671
33.66475
36.75151
29.69441
27.54591
34.9144
35.67042
44.75682
37.85154
37.05563
37.4705
35.33205
29.92215
25.59723
30.81024
28.61261
25.8128
29.79805
30.3623
32.97551
31.26351
35.47951
31.98077
18.78183
24.12004
33.33464
29.24412
38.15715
44.58757
36.05005
34.73604
33.95272
26.59008
29.27625
27.81326
32.97519
27.04137
27.89333
26.78863
36.18674
33.93633
35.39336
32.26174
32.04888
22.61997
23.72533
28.70315
30.74479
25.64559
21.07925
39.28741
26.19716
29.8247
30.80943
32.55424
30.0637
31.51983
34.26797
36.73654
37.60328
34.83637
34.06133
27.43669
42.84263
30.61274
25.40511
22.8999
24.13617
31.5307
31.12025
28.34409
32.19116
32.77805
35.72446
33.97614
33.87129
32.13114
35.54269
37.64183
25.92651
23.89797
21.44133
23.09237
22.80573
28.37743
33.16607
46.83404
36.86659
39.46383
31.88756
30.7754
32.0873
28.65587
37.44276
29.43509
22.80434
28.29551
32.97016
28.79017
27.62018
35.51529
32.85881
33.4785
27.42274
34.48962
23.56619
22.60947
27.42297
22.81752
29.6504
30.00963
29.86852
29.69309
26.32883
35.07922
32.2689
32.37258
28.77589
30.9644
31.89503
31.75606
22.55162
31.11206
39.71365
43.64357
33.97466
31.37389
27.85817
33.45795
38.48311
31.63062
31.53555
32.98056
26.93464
25.13972
32.04119
