0.9778659
0.9526331
0.9868948
1.007391
0.9847549
1.006659
1.038632
1.035779
1.033994
1.050211
1.031436
1.000273
0.9985469
0.9886671
0.9834054
1.002346
0.9938458
0.9835012
0.9925369
0.98365
0.9590594
0.9391685
0.9164377
0.9213078
0.8927001
0.8859258
0.8474081
0.8514907
0.8829207
0.8491135
0.8096249
0.811655
0.8222764
0.7682228
0.7346819
0.7369742
0.7137305
0.7179672
0.7073654
0.741486
0.7385263
0.7354038
0.7482277
0.7356965
0.7260325
0.717282
0.7212267
0.7210558
0.7091828
0.7012185
0.7224572
0.7521927
0.772513
0.726764
0.7242358
0.7331483
0.7088233
0.7166599
0.7220675
0.7093354
0.6710656
0.6491366
0.6376042
0.6405969
0.6498203
0.6652192
0.6662812
0.7152644
0.7331817
0.7355902
0.7413867
0.7826017
0.7680287
0.7862077
0.7680552
0.7324334
0.7557829
0.7908391
0.8217123
0.8296897
0.7881973
0.7925173
0.7858867
0.7871354
0.7895683
0.7997238
0.7907123
0.8509082
0.8073395
0.8005331
0.7872658
0.8049373
0.775235
0.7725294
0.7921194
0.7737801
0.7567891
0.7396164
0.7575601
0.7550211
0.7360195
0.7138233
0.7640122
0.8035014
0.8179788
0.7988228
0.7858842
0.7882586
0.8002304
0.7956653
0.7773289
0.7757068
0.7941056
0.7988261
0.7800151
0.7995296
0.8135201
0.8371018
0.811107
0.8187555
0.7896986
0.7783898
0.802983
0.7945484
0.7759439
0.7615725
0.7931924
0.7947233
0.7902604
0.7715351
0.7846604
0.7842551
0.8117524
0.7961168
0.7895599
0.7971491
0.7681572
0.7701104
0.8042742
0.7899205
0.7912687
0.7856219
0.7963575
0.8149394
0.7928888
0.8180504
0.8174467
0.8135229
0.8080824
0.8245845
0.8681826
0.8727343
0.853806
0.8523942
0.8600981
0.8160834
0.8126898
0.8044469
0.7752797
0.7811135
0.7869434
0.7693553
0.7732382
0.754998
0.7517666
0.7340136
0.7604055
0.7680572
0.786424
0.7800905
0.7328261
0.7290473
0.7057499
0.7133495
0.6846272
0.6759408
0.6887697
0.6813322
0.6843599
0.7091112
0.7314214
0.7334896
0.7127855
0.7432564
0.7560144
0.6715791
0.667405
0.6440709
0.6394408
0.6645404
0.6820911
0.6735282
0.6745082
0.6901072
0.6692107
0.6230066
0.5970537
0.5902541
0.5827972
0.5675711
0.5032434
0.4911778
0.5172504
0.5132115
0.5136953
0.5124429
0.4872253
0.4991352
0.4617832
0.442226
0.4242556
0.4331106
0.4415261
0.452174
0.4395678
0.4685493
0.4844543
0.4596737
0.4487952
0.4213003
0.4309427
0.4064571
0.3837558
0.387525
0.4116203
0.4283179
0.4410535
0.4495152
0.4690702
0.483866
0.4740017
0.4379448
0.4629169
0.4583279
0.4436968
0.4602876
0.4675893
0.4823407
0.5474099
0.5511907
0.5299799
0.5433024
0.5205463
0.5225351
0.5624242
0.5662593
0.6124975
0.6218129
0.6308965
0.6529004
0.6960712
0.7071719
0.6906966
0.7068976
0.7261711
0.7195639
0.7295564
0.718584
0.7430254
0.7400276
0.7586828
0.7315937
0.7300946
0.7497033
0.7368782
0.7062182
0.704769
0.7750409
0.7561117
0.760065
0.7607368
0.789582
0.7522476
0.7254376
0.7531071
0.759491
0.7455844
0.7206937
0.689224
0.7066817
0.7175824
0.6784968
0.691338
0.6710657
0.640631
0.6456309
0.6576436
0.6821101
0.6983406
0.715827
0.7382972
0.7914067
0.7637103
0.7884634
0.7561735
0.7926412
0.7777506
0.817458
0.7776705
0.7726059
0.7657334
0.7614504
0.7683657
0.7803
0.7497615
0.7879912
0.7816396
0.7408825
0.7357724
0.7519598
0.7130128
0.7082356
0.6794555
0.6976531
0.7029936
0.7219118
0.7504907
0.7664676
0.7984196
0.7908086
0.8109312
0.8159453
0.8907058
0.8999795
0.8998489
0.9187812
0.9072434
0.8995634
0.9041624
0.9204082
0.9122245
0.905376
0.8910402
0.8848598
0.8879738
0.8764406
0.8627621
0.887115
0.8828345
0.8711208
0.8705159
0.9060759
0.9079044
0.9164185
0.9568746
0.9524353
0.9790496
1.004192
1.007732
0.9965118
0.9691894
0.9739733
0.9844834
0.9499754
0.9604206
0.9636274
0.9300725
0.9141056
0.8852611
0.8639191
0.8375426
0.8816541
0.8641751
0.8635429
0.8621074
0.852431
0.8287139
0.8768467
0.874367
0.8764636
0.8695564
0.8570356
0.8570459
0.8620999
0.8977709
0.8817384
0.8791845
0.8875212
0.8953027
0.8806533
0.8851729
0.9101943
0.903288
0.9395241
0.9574065
0.9573348
0.942852
0.9581029
0.9695611
0.9759042
0.945524
0.9322339
0.9568921
0.9636658
0.9741011
0.9781082
0.9692394
1.016864
1.031061
1.032102
1.049954
1.063103
1.044499
1.042146
1.058127
1.073417
1.08005
1.063568
1.042634
1.053898
1.078705
1.127505
1.140052
1.133706
1.14972
1.134879
1.136127
1.097383
1.078471
1.034504
1.01497
1.007357
1.013855
1.036113
1.010341
0.9952063
1.010358
1.029716
1.031574
1.027294
1.042333
1.032412
1.016497
1.014064
1.051244
1.036432
1.052105
1.082126
1.116982
1.110734
1.068637
1.075493
1.060207
1.025916
1.025715
1.018643
1.017757
0.9946931
1.006942
0.9871056
0.9770114
0.9524681
0.9132012
0.8998169
0.8916834
0.8931235
0.8685564
0.8439637
0.8688101
0.8741405
0.8759897
0.9047551
0.9104087
0.8740488
0.8736764
0.8613187
0.8658421
0.83904
0.8753377
0.8592594
0.8683883
0.8445397
0.8343812
0.8413024
0.8456499
0.8213248
0.8247773
0.8075597
0.841716
0.8140388
0.7997882
0.7621927
0.7727956
0.7811249
0.7832877
0.7827289
0.749867
0.7129855
0.6774459
0.6624438
0.6905666
0.6668699
0.693244
0.7400679
0.7488313
0.7620396
0.802599
0.8084116
0.8176684
0.8417727
0.8690445
0.8840401
0.8901562
0.8802196
0.8500595
0.876871
0.8794229
0.8720598
0.8513916
0.8680715
0.8706065
0.8765591
0.8782435
0.9120224
0.9357391
0.9633781
0.9469619
0.9398983
0.9302794
0.9626322
0.9662285
0.9780472
0.9828026
0.9372426
0.8920456
0.8922948
0.9257943
0.9243972
0.9044834
0.9026157
0.9110082
0.8653867
0.8477198
0.892587
0.8869732
0.8849409
0.870862
0.8889534
0.8626881
0.8784326
0.8916335
0.8761154
0.8471561
0.8742767
0.8905369
0.8731175
0.8350284
0.8570164
0.8671771
0.9019123
0.871487
0.8945852
0.8910032
0.8934271
0.8945858
0.8623668
0.8551462
0.8571946
0.8752615
0.8858676
0.8575546
0.8519065
0.8354339
0.8706939
0.8462003
0.8353536
0.8709876
0.8867707
0.888518
0.8734896
0.8989966
0.9337731
0.9062315
0.8834525
0.8673121
0.8806908
0.8617945
0.894331
0.8925218
0.9150596
0.9229798
0.8892915
0.8955475
0.8815453
0.9132457
0.9252687
0.8767903
0.8531119
0.8556058
0.8564234
0.8788974
0.837765
0.8221239
0.8431628
0.8647571
0.8627258
0.8745167
0.8627355
0.8822818
0.8846063
0.8610085
0.8813479
0.8668393
0.8763613
0.8832452
0.8655717
0.8461162
0.8734108
0.8649534
0.8157429
0.8196396
0.8455746
0.8515046
0.8779083
0.8823175
0.9017062
0.9033698
0.8970893
0.90486
0.8684615
0.9025415
0.8930285
0.8946053
0.900644
0.8972699
0.9060571
0.9145531
0.9217288
0.9312263
0.9235353
0.9285319
0.9349042
0.9310231
0.9614108
0.9428447
0.9169645
0.9137416
0.9361338
0.931803
0.9435422
0.9719943
0.9842622
0.9699809
0.9642796
0.9702687
0.9633758
0.9632521
0.9648313
0.9914159
0.9915089
1.002435
1.040008
1.010284
1.045948
1.031729
1.028609
1.055496
1.037835
1.075833
1.04983
1.114429
1.100368
1.077727
1.042063
1.047582
1.029246
1.045699
1.012644
1.009945
0.9871682
1.005813
1.01823
0.9931828
1.000267
1.019437
1.044088
1.023266
1.00225
1.007913
1.008099
1.015606
1.008802
1.046663
1.027012
1.033227
1.033759
1.024582
1.013827
1.034719
1.055821
1.057651
1.064515
1.044116
1.057579
1.068188
1.052841
1.029135
1.037582
1.001739
0.98046
0.9703371
0.9631952
0.9780024
1.048325
1.072947
1.086625
1.072919
1.072262
1.065763
1.109476
1.112956
1.10639
1.083306
1.089505
1.082229
1.077946
1.066857
1.073687
1.097555
1.114153
1.098804
1.094631
1.106763
1.113065
1.143814
1.151596
1.137893
1.145152
1.111416
1.119712
1.141141
1.158453
1.167158
1.148794
1.140258
1.13362
1.142854
1.132609
1.147221
1.14929
1.139909
1.1049
1.132908
1.124454
1.124407
1.148289
1.140612
1.11521
1.090297
1.101197
1.075723
1.089991
1.077529
1.084291
1.099178
1.125526
1.141499
1.132258
1.121478
1.111005
1.090669
1.111189
1.110934
1.131966
1.129372
1.140838
1.17406
1.187276
1.202616
1.182304
1.167643
1.172255
1.187838
1.178813
1.174051
1.192807
1.186381
1.176925
1.195029
1.225813
1.196152
1.207927
1.180936
1.168276
1.155356
1.13328
1.12155
1.134349
1.155892
1.130196
1.126425
1.135883
1.112994
1.088374
1.076738
1.087149
1.055173
1.067054
1.067708
1.073161
1.056908
1.049447
1.047795
1.041985
1.045732
1.057607
1.064488
1.051748
1.028327
1.007326
1.014875
1.016953
1.030743
1.041891
1.08409
1.086756
1.112026
1.111688
1.121725
1.140665
1.179316
1.19322
1.193474
1.209143
1.227835
1.249949
1.21228
1.231892
1.253047
1.254566
1.295426
1.340158
1.303389
1.310894
1.316729
1.31568
1.305316
1.316207
1.298466
1.272793
1.237035
1.254218
1.25729
1.263853
1.278228
1.32017
1.324356
1.326251
1.293178
1.268066
1.239337
1.286585
1.258845
1.219969
1.165852
1.177209
1.173625
1.148595
1.180914
1.171531
1.177325
1.207262
1.168073
1.173203
1.170839
1.213852
1.21451
1.236593
1.220466
1.261822
1.258163
1.273841
1.251672
1.254731
1.305741
1.30374
1.279656
1.262485
1.313275
1.289317
1.253909
1.208398
1.181322
1.176276
1.186053
1.196281
1.188418
1.169596
1.204436
1.193321
1.212081
1.243199
1.244988
1.210608
1.23951
1.218968
1.192274
1.188987
1.168347
1.148966
1.187685
1.165978
1.186052
1.182068
1.201646
1.160398
1.147368
1.150693
1.171206
1.177679
1.160323
1.172411
1.200594
1.182924
1.205278
1.19809
1.239335
1.223251
1.269567
1.267309
1.265627
1.269135
1.27603
1.300609
1.320864
1.277868
1.288857
1.293943
1.280128
1.29131
1.284258
1.26903
1.244475
1.259806
1.233833
1.227443
1.215769
1.208812
1.174704
1.119558
1.100584
1.11413
1.081364
1.049759
1.043872
1.075787
1.051969
1.073696
1.088609
1.085362
1.106137
1.106046
1.128603
1.107357
1.11881
1.114404
1.138285
1.163345
1.168614
1.175362
1.180312
1.187577
1.195062
1.180864
1.201023
1.216436
1.235831
1.194986
1.18033
1.191217
1.221984
1.161915
1.151653
1.110247
1.155277
1.142774
1.143113
1.155312
1.163523
1.144837
1.114556
1.069821
1.041632
1.02209
1.051581
1.021295
0.9905559
1.031684
1.036436
1.031447
0.9990374
0.9765964
0.9755548
1.00759
1.013101
1.034668
1.039062
1.003367
0.996211
1.002983
0.9887974
1.004972
0.9850162
1.031971
1.05345
1.067583
1.056069
1.030539
1.020374
1.029343
1.06332
1.038192
1.045685
1.053386
1.058504
1.055502
1.046841
1.048453
1.066143
1.060298
1.068679
1.078386
1.077579
1.07128
1.073144
1.091412
1.088064
1.103527
1.063802
1.055113
1.068398
1.065001
1.035322
1.028898
1.053385
1.04096
1.052163
1.04413
1.042843
1.035619
1.046947
1.067516
1.062796
1.090326
1.095005
1.071612
1.095226
1.051454
1.047684
1.045141
0.9989188
1.051663
1.034003
1.034367
1.046287
1.015976
1.021788
1.01559
0.9780708
0.9703323
0.9585356
0.9341784
0.874845
0.8671816
0.8937988
0.9037524
0.9002913
0.8244664
0.8433152
0.8474114
0.8390933
0.8482443
0.8310512
0.8321133
0.8105764
0.8129861
0.8421997
0.8130796
0.7923066
0.7863491
0.797065
0.7931652
0.8054254
0.8497185
0.9062581
0.8868128
0.855842
0.8354457
0.8198993
0.800057
0.7870989
0.7608078
0.793023
0.8145266
0.8296131
0.7817449
0.8086365
0.8214861
0.8261116
0.8118729
0.820544
0.811907
0.8376876
0.8590607
0.8370927
0.8398464
0.8459569
0.8212649
0.8321714
0.8016843
0.8015671
0.8258253
0.8112101
0.8171307
0.8342161
0.8242549
0.8193083
0.8042897
0.7789621
0.7587045
0.7489277
0.7502672
0.7171992
0.7158759
0.6950475
0.7015653
0.6813044
0.6966487
0.6680111
0.6510871
0.6274757
0.6284988
0.6158273
0.632887
0.6155826
0.6336954
0.6334152
0.6273486
0.6549398
0.6334641
0.6214143
0.5887773
0.6191743
0.63578
0.6141984
0.5945273
0.5868279
0.5354234
0.5015665
0.5022068
0.5119981
0.5142015
0.5360656
0.512612
0.4771781
0.5003443
0.5504343
0.5411324
0.5241939
0.5418775
0.5471378
0.5111323
0.486709
0.4985994
0.533914
0.5356898
0.5631392
0.5563424
0.5758969
0.6045048
0.6529558
0.6598929
0.6716817
0.6808467
0.6463164
0.6289072
0.6290595
0.6304743
0.6304985
0.6387081
0.619843
0.6019451
0.6182874
0.6035107
0.5823192
0.5856676
0.5881185
0.5960665
0.591032
0.5786416
0.6053409
0.6463799
0.6704332
0.7096734
0.7247645
0.7171718
0.7268785
0.7338318
0.7454177
0.7734998
0.8107608
0.8115421
0.7905424
0.7932125
0.7892925
0.7884847
0.8052546
0.7800754
0.7602263
0.7948499
0.7761825
0.779951
0.779109
0.7669831
0.7761913
0.7462319
0.7339555
0.7695767
0.782589
0.7752644
0.7582179
0.7564537
0.7690924
0.7803096
0.7631883
0.7813251
0.7856248
0.7874127
0.7995382
0.8074638
0.8060139
0.8317679
0.8198495
0.876346
0.9095044
0.9339116
0.9567491
0.9435322
0.9190677
0.8742346
0.8749229
0.8981123
0.9005363
0.9057956
0.9220854
0.9641461
0.9709085
0.9770303
0.92072
0.9130093
0.9130313
0.8875563
0.9003027
0.9078034
0.9007891
0.9193124
0.8910535
0.8639968
0.8923957
0.9215614
0.9080982
0.8839644
0.9287153
0.9296423
0.9422252
0.9587963
0.9802868
0.9955195
0.9730192
0.9591834
0.9388205
0.9648534
0.9533256
0.941661
0.9322676
0.9250023
0.8749244
0.8727799
0.8631795
0.83119
0.816654
0.8150133
0.7975107
0.8205708
0.8206089
0.8550687
0.8611269
0.8285255
0.8403819
0.8429601
0.9010918
0.9023098
0.9009252
0.9349197
0.9579687
0.9564384
0.9560727
0.9572613
0.9483017
0.9585171
0.9278329
0.9347383
0.9364826
0.9094964
0.8698283
0.8778099
0.8777124
0.8621264
0.8499121
0.8540304
0.8712667
0.8732189
0.8747695
0.8598279
0.8607229
0.8940771
0.9136686
0.8893723
0.9009592
0.8586644
0.9401237
0.9396488
0.9540606
0.9906417
0.9805839
0.9956908
0.9988585
0.997785
0.9546343
0.9633725
0.9747307
0.9462042
0.964502
0.9700777
0.9684325
0.9835283
1.007815
1.02172
1.031005
1.034437
1.06086
1.074722
1.06006
1.064743
1.028735
1.036839
1.003732
0.9985684
0.9901276
0.9939454
0.9693389
0.9708942
0.9570735
0.9839068
0.9631159
0.9479045
0.9411939
0.9024234
0.8853881
0.8533993
0.8785093
0.8537292
0.8503956
0.883675
0.8563296
0.9129032
0.9144021
0.9096823
0.8952527
0.8959139
0.8887341
0.9010135
0.9394081
0.9103216
0.9238258
0.9267248
0.9437515
0.9260546
0.8949496
0.9130589
0.9111142
0.9199808
0.893948
0.8780406
0.8851631
0.8576854
0.8314914
0.8826127
0.8593127
0.81249
0.8412179
0.8581073
0.8803268
0.8692716
0.8889973
0.8870726
0.8760649
0.8923545
0.8935975
0.8879708
0.9069697
0.888752
0.869674
0.8645877
0.8179239
0.7849374
0.8014025
0.7976278
0.7889065
0.7730806
0.7541898
0.7657954
0.7578681
0.7379453
0.7214542
0.7661538
0.7803105
0.7941575
0.8141147
0.8134934
0.826391
0.8542564
0.8440618
0.839442
0.8415869
0.8218404
0.8194831
0.8243171
0.8455904
0.8035296
0.8042846
0.8444488
0.8163717
0.8291992
0.8287039
0.8361082
0.8392688
0.8263488
0.7737645
0.7361113
0.7281046
0.7421689
0.7368977
0.7755548
0.7668309
0.7788658
0.7691481
0.7447389
0.705136
0.704642
0.7171989
0.6946266
0.7247956
0.7490319
0.731906
0.7505953
0.7844152
0.7542543
0.7662217
0.7624527
0.799402
0.8020454
0.8076496
0.833938
0.8490704
0.8630719
0.8356107
0.8143637
0.8334108
0.8447557
0.8631191
0.8599289
0.8293472
0.783821
0.7734234
0.7606293
0.7064645
0.7180913
0.7470838
0.7225821
0.6955538
0.7086571
0.7286315
0.7550535
0.7174113
0.6762117
0.7124384
0.6773454
0.6650383
0.6920571
0.7255419
0.7088524
0.7262322
0.7261245
0.7067409
0.7175642
0.7273854
0.7108342
0.7100456
0.687558
0.6971122
0.6840435
0.6804493
0.6785499
0.6887001
0.6612865
0.6697851
0.6726212
0.6895429
0.7159357
0.7660517
0.7596349
0.7763787
0.7705745
0.7842156
0.7950712
0.8311002
0.8196744
0.8641327
0.878261
0.8956336
0.9065363
0.9215998
0.9184108
0.9195972
0.9121602
0.8753157
0.8811442
0.8581644
0.847575
0.8304547
0.8159632
0.7846981
0.7876323
0.7087978
0.7016013
0.7161319
0.7388859
0.725748
0.7526029
0.7286697
0.7452686
0.7626709
0.7544016
0.7840047
0.7714655
0.7693923
0.7789276
0.7873842
0.7798411
0.789337
0.7827996
0.7808359
0.7634627
0.728979
0.745173
0.7314658
0.7399195
0.7669459
0.7642701
0.7820752
0.8062803
0.8204959
0.8347895
0.8579641
0.893594
0.8961465
0.9208528
0.9040307
0.8850494
0.908323
0.8952014
0.8819359
0.9345485
0.9421974
0.9866818
0.9665729
0.9518785
0.9477084
0.9470715
0.9348106
0.9629589
0.9664564
0.9394473
0.9438954
0.9362078
0.9418947
0.9329048
0.912609
0.8963808
0.8597679
0.8728751
0.8842703
0.8742089
0.8669579
0.8357859
0.8342813
0.8471956
0.8541289
0.8440582
0.8213257
0.8163179
0.8117159
0.8485327
0.8373489
0.8189623
0.8434303
0.8555787
0.8484897
0.8680061
0.8513552
0.8349258
0.8227186
0.8134456
0.8090503
0.8132076
0.8250866
0.8017798
0.8235847
0.811601
0.7844055
0.7675883
0.7358192
0.8030329
0.8164297
0.8193887
0.8113815
0.7902453
0.7965311
0.7726924
0.7565927
0.7481279
0.7567408
0.761745
0.7682609
0.8043378
0.8155375
0.806237
0.7992423
0.7717442
0.8093449
0.799021
0.8238225
0.8484118
0.8545863
0.8535736
0.8376099
0.8435064
0.8491594
0.8355121
0.8253281
0.8157255
0.8120809
0.8343252
0.807569
0.8000783
0.8516052
0.8909924
0.9165982
0.9131425
0.9002478
0.8881001
0.8477092
0.8829697
0.8993588
0.9195782
0.9396261
0.9278261
0.8680465
0.853073
0.8196509
0.8352685
0.8174673
0.818401
0.8569277
0.8641502
0.8917388
0.9001163
0.8975775
0.8479471
0.8340823
0.8285628
0.8621449
0.9081198
0.9328335
0.9283678
0.9393209
0.9620771
0.965677
0.9575693
0.9806558
1.015573
0.9839809
0.9806708
0.9879886
0.9689261
0.9408416
0.9442746
0.9710599
0.9835373
0.9743588
0.9634371
0.9206937
0.9414217
0.9558727
0.9557231
0.9232816
0.9143832
0.9508542
0.9663453
0.9660599
0.9267584
0.9596504
0.9357312
0.9382971
0.961341
0.9359283
0.9323379
0.907892
0.9098728
0.9085095
0.9089505
0.937377
0.9182759
0.9418965
0.9746326
0.9885956
0.9570117
0.9931184
0.9924602
0.968003
0.938395
0.922258
0.8673608
0.8609358
0.8272831
0.8399798
0.8283194
0.7899605
0.7832966
0.8145374
0.8291348
0.8665184
0.8437381
0.8549327
0.849754
0.8683976
0.8889293
0.8600064
0.8597025
0.8399914
0.8319748
0.8894302
0.8980693
0.8922071
0.8655412
0.8293881
0.8453254
0.8329789
0.8219469
0.8526601
0.8816958
0.9033458
0.8876008
0.8899038
0.9030246
0.9483301
0.9615555
0.9802269
0.9778867
0.9648982
0.9912554
0.9892826
0.992276
1.026931
1.052322
1.030857
1.077163
1.084694
1.081147
1.070969
1.072233
1.04488
1.049097
1.086745
1.075261
1.05768
1.071027
1.070343
1.026054
1.017553
1.010742
1.026168
1.032057
1.064886
1.07069
1.063422
1.038829
1.026155
1.030782
1.037698
1.044749
1.058191
1.094078
1.098956
1.095955
1.100491
1.110301
1.109738
1.116067
1.167912
1.147402
1.165788
1.178994
1.161317
1.177397
1.177634
1.174463
1.131157
1.169906
1.203142
1.196532
1.197513
1.20387
1.2244
1.242172
1.280972
1.25277
1.208179
1.234935
1.243406
1.236427
1.222489
1.272026
1.262684
1.266483
1.244919
1.243241
1.196971
1.21114
1.207819
1.205934
1.210454
1.205941
1.195135
1.182939
1.207295
1.203181
1.13446
1.1555
1.16599
1.12084
1.093445
1.11145
1.076462
1.076437
1.114932
1.085799
1.09177
1.093066
1.101607
1.111553
1.11199
1.132154
1.134618
1.162952
1.170994
1.157595
1.161979
1.159242
1.154449
1.146703
1.103361
1.081401
1.129729
1.124528
1.130498
1.112487
1.134409
1.126824
1.122408
1.119138
1.140195
1.109215
1.149988
1.17075
1.143995
1.155626
1.184399
1.158681
1.171848
1.135533
1.119569
1.127117
1.138582
1.132535
1.167262
1.173855
1.174672
1.150784
1.13972
1.110597
1.124348
1.144062
1.179262
1.146154
1.117464
1.141215
1.126392
1.114069
1.142824
1.099821
1.080757
1.124925
1.10437
1.088566
1.119993
1.129968
1.138387
1.120422
1.130973
1.145347
1.126735
1.175233
1.143665
1.133057
1.118964
1.115408
1.140924
1.111946
1.118687
1.105088
1.097465
1.090053
1.072985
1.082895
1.071687
1.078992
1.064597
1.044161
1.042242
1.083498
1.114865
1.104859
1.129779
1.076336
1.116747
1.127956
1.148423
1.139951
1.14229
1.153334
1.137192
1.151105
1.178527
1.177061
1.169344
1.192274
1.208672
1.189411
1.19924
1.187713
1.187711
1.177772
1.204286
1.215608
1.24134
1.276746
1.305072
1.281614
1.266536
1.267924
1.234257
1.225671
1.206208
1.255631
1.242684
1.238505
1.254353
1.224978
1.21698
1.180085
1.201737
1.161447
1.20156
1.203208
1.208628
1.190181
1.188498
1.209889
1.237436
1.224919
1.227128
1.212589
1.191042
1.168261
1.143214
1.14377
1.126613
1.08563
1.115987
1.126005
1.150378
1.148896
1.137756
1.142483
1.133736
1.129473
1.119543
1.110055
1.093393
1.120699
1.110724
1.132226
1.136952
1.136088
1.153288
1.138602
1.154029
1.133248
1.158825
1.151525
1.199552
1.174878
1.129069
1.100567
1.147911
1.132849
1.155799
1.194789
1.209888
1.234945
1.250192
1.224521
1.214446
1.213162
1.182425
1.196526
1.214501
1.189662
1.211256
1.224573
1.261686
1.246159
1.246398
1.239274
1.207711
1.180377
1.194763
1.173676
1.170035
1.163989
1.188133
1.189459
1.171995
1.157237
1.153789
1.171545
1.192524
1.163251
1.164605
1.171128
1.186893
1.176703
1.169733
1.154202
1.114659
1.111749
1.117166
1.071777
1.051715
1.055897
1.027284
1.034288
1.061972
1.039027
1.081403
1.082407
1.081368
1.074284
1.099969
1.101453
1.114627
1.097427
1.063101
1.018503
1.012107
0.9929252
0.9829146
0.9587709
0.9953878
0.9811974
0.9836861
0.9795067
0.9983456
1.011774
0.9927622
0.9665603
0.9683146
0.9707368
0.9584383
0.9298784
0.9509441
0.9323267
0.9222563
0.9040187
0.9123284
0.9019417
0.8761854
0.8939324
0.8762145
0.8651902
0.8241629
0.8055077
0.7975187
0.8200549
0.7771195
0.7849973
0.8093678
0.8282271
0.8278367
0.8054309
0.7879343
0.7593793
0.7769553
0.784276
0.7897483
0.7651276
0.7992286
0.8290767
0.8446646
0.8047661
0.7743215
0.799772
0.7709885
0.7646828
0.7972279
0.8224499
0.7984575
0.780886
0.7567386
0.7864533
0.7782219
0.7901031
0.8059682
0.8334961
0.816311
0.7956521
0.8075448
0.8175104
0.8161848
0.7964221
0.801834
0.7927718
0.8200593
0.8402966
0.8258762
0.8184418
0.7978152
0.7443241
0.730271
0.7411362
0.7554602
0.7512811
0.7491667
0.7539776
0.7796036
0.7803221
0.7776684
0.7874122
0.7957767
0.7921979
0.8356918
0.8325317
0.7933913
0.7981231
0.7954301
0.7887307
0.7823263
0.7708874
0.7556543
0.736481
0.7337109
0.7543538
0.7429704
0.7390788
0.6999045
0.704259
0.6862761
0.6961562
0.7155537
0.7445187
0.7384826
0.7172096
0.7237504
0.7215272
0.7094381
0.7058616
0.725945
0.7079792
0.7175701
0.7262711
0.7347013
0.7496954
0.7497008
0.7525919
0.7651495
0.7705749
0.8045952
0.7977019
0.7880253
0.8150872
0.8462678
0.8349644
0.831333
0.8180355
0.817402
0.8422402
0.8262257
0.8445449
0.8518605
0.8791833
0.8791403
0.8566384
0.8519533
0.8383894
0.8354664
0.833046
0.8347326
0.8465828
0.8339978
0.8359031
0.8406231
0.8187194
0.7896764
0.8071478
0.8374593
0.874384
0.8805059
0.8662442
0.8821202
0.920435
0.9520819
0.9439912
0.9414163
0.9424281
0.9328604
0.9770939
0.9190969
0.9568924
0.9573423
0.9383981
0.9546014
0.959634
0.9157218
0.876561
0.8665751
0.8582748
0.8417783
0.8398429
0.8526323
0.8901738
0.8980396
0.9143067
0.902464
0.887806
0.8762791
0.8771696
0.8274837
0.8112848
0.7981072
0.8348672
0.8072607
0.8075401
0.8683452
0.8707843
0.8676292
0.8748839
0.8891488
0.9215387
0.9328276
0.8934093
0.8559786
0.8830255
0.8707661
0.8464781
0.8633594
0.8741101
0.8725966
0.9137677
0.8947903
0.8790903
0.8889776
0.8542571
0.8640295
0.8893758
0.8751934
0.9258914
0.9472966
0.9904538
1.012546
0.9997653
1.041352
1.041218
1.041387
1.052313
1.06036
1.076383
1.035357
0.986458
1.019496
1.063832
1.046757
1.057366
1.056131
1.067715
1.100644
1.073073
1.07798
1.09187
1.088908
1.100367
1.073943
1.050631
1.049403
1.045695
1.061443
1.058356
1.053294
1.055633
1.055532
1.04669
1.076303
1.058863
1.073961
1.082416
1.075464
1.116702
1.100949
1.096866
1.089747
1.129085
1.114277
1.061227
1.077467
1.070501
1.082051
1.060224
1.044152
1.060081
1.054606
1.085895
1.076547
1.064726
1.062601
1.061919
1.039591
1.077324
1.063522
1.109859
1.079475
1.04421
1.017489
0.9931581
0.9971105
0.9996411
1.024622
1.003312
0.9551415
0.9202019
0.9407907
0.9672531
0.9836824
0.9894555
0.9750271
0.9770696
0.9888303
0.9899178
0.9816769
0.9885821
0.979347
0.9813689
0.9664364
0.9493876
0.9199155
0.9088884
0.9122523
0.8987618
0.8732981
0.8930862
0.9338413
0.9478928
0.8805426
0.8960426
0.859332
0.8814335
0.858743
0.8829998
0.8615066
0.8233133
