7.5271
7.995959
10.94864
15.75069
23.46509
36.45953
20.2412
22.67899
27.65981
23.35734
19.6497
21.50602
19.37091
24.73845
36.84739
30.00555
29.41978
37.52673
50.94387
38.9865
45.61753
45.98012
36.84492
51.84243
55.32521
47.65151
44.94822
34.2029
32.13121
42.56236
33.77621
25.87673
27.33039
24.12741
23.34611
27.25324
38.0714
43.65781
36.50507
42.38663
37.95409
39.75605
50.28633
46.64103
55.83346
47.91549
50.58902
64.3589
62.43936
41.54336
42.47013
39.53531
38.11952
44.69633
38.97437
40.21971
37.65393
41.83705
50.54919
50.42454
34.48637
43.35142
54.89902
56.47217
66.92151
76.08014
65.20052
55.97055
47.73332
52.5448
47.01643
46.00231
37.30795
41.63674
48.39797
30.23226
41.04974
50.79619
57.01908
71.97295
61.13391
58.35391
48.4357
35.83603
27.7441
23.30748
32.64541
23.89964
20.8828
22.46935
27.92774
28.61765
30.68431
28.45992
23.78872
24.09306
30.8949
35.14907
38.71242
39.84666
21.29339
16.74048
13.65557
19.87021
24.69406
33.83667
36.32003
35.42762
57.19761
44.40241
42.83425
25.69251
33.5551
21.963
29.91199
28.08656
23.68771
22.11232
24.56279
27.13742
27.51868
32.50014
27.42437
25.05076
24.17606
34.23141
45.32786
45.36161
39.79546
54.77779
65.37483
50.51627
60.34492
54.23809
36.58061
44.98735
40.85369
42.31317
66.01945
48.95244
38.3588
38.30224
37.22011
30.86088
28.23564
29.91206
38.77145
30.35235
29.00688
22.24351
12.83398
16.1835
23.38974
40.71069
41.40235
53.17727
66.22247
39.20084
31.82384
38.79753
49.55593
54.38558
55.43747
39.62791
36.75213
44.58705
41.33348
39.83294
40.94211
48.11765
40.48616
39.44723
45.91065
59.64212
53.13259
33.92588
39.85021
40.29984
36.30548
33.81959
38.56045
47.96571
39.05621
41.85383
33.12247
35.19286
39.30204
46.4295
54.96223
48.22543
38.29323
38.76657
44.08611
40.32751
37.77028
35.71291
47.18447
62.0906
36.03346
39.50202
44.6802
37.11882
33.85614
32.86483
37.6946
42.43467
31.63509
36.15145
30.97337
30.74578
39.87205
48.25399
45.12058
48.55538
37.5103
48.15384
47.58135
51.3597
53.60754
37.05686
44.35423
51.96591
40.60565
33.59139
28.98289
40.25785
48.73472
45.96891
41.19993
33.00845
23.99705
35.94012
36.91132
47.88125
42.168
50.45879
45.49717
37.98973
31.5838
29.00009
39.20571
48.55673
46.98575
57.55889
42.5438
37.92287
56.48645
57.27305
62.11607
52.35144
59.84361
42.57793
58.04662
37.63878
36.65999
30.99863
31.62984
45.85298
50.05724
46.44798
51.98608
34.45844
41.31306
56.05801
45.43944
53.5202
40.38169
33.48403
51.59717
60.83311
46.1332
54.58017
53.38338
50.6766
51.79487
48.40878
73.98015
59.71546
44.90911
51.23117
51.44091
42.30273
36.92422
46.71624
42.762
39.86342
37.16706
56.01527
47.94325
30.52139
43.26087
43.40056
46.83793
43.12153
47.45723
60.048
59.15149
53.73002
49.64172
39.98131
27.77587
24.55713
34.2822
41.87698
43.28746
59.14755
76.20099
49.38028
39.75576
37.30858
61.87531
41.02007
41.10751
37.50972
35.89548
40.92332
42.2563
48.15197
37.33691
48.53163
52.70699
45.6401
52.50137
43.41659
43.1367
36.45
45.43427
49.76688
55.12435
62.03343
70.99319
48.56223
41.59432
36.55056
40.5755
44.12582
42.53658
35.64606
39.29354
38.46474
44.45609
39.93172
47.14694
43.97166
48.7568
31.59947
42.97535
67.61054
58.79305
42.48573
55.59264
44.16729
45.71382
40.36474
50.72549
52.81419
44.83879
34.73291
27.49427
35.29203
37.88286
35.13514
32.0572
37.94088
49.14957
36.94468
49.44725
48.0925
52.78411
63.60107
56.68968
46.43633
59.13114
65.47393
55.81487
41.65374
43.81821
49.32607
52.67693
39.13116
29.98594
28.24023
34.01028
39.75759
48.0725
56.86208
55.62657
55.48324
54.89613
46.20053
52.24603
54.54031
43.76329
31.31396
31.5896
42.66909
39.77471
46.56689
43.39258
36.64647
33.24908
27.81491
37.46759
28.91025
41.93851
60.98986
58.0964
49.21793
44.5063
51.95788
40.80628
45.40023
58.10906
33.32895
39.15376
38.65907
37.49137
50.24444
37.35275
46.53707
50.91099
60.49595
51.59146
43.89536
52.03512
43.61704
47.19924
48.57102
38.70317
44.45472
43.9905
56.47884
61.02253
39.80213
43.22718
69.71964
53.20804
50.26173
44.91812
47.56467
36.30823
45.53892
58.42234
47.07201
45.51589
37.39185
35.69081
41.12057
41.87907
50.75616
50.37334
53.07468
61.58234
52.00028
47.37698
36.13388
37.25234
44.08108
50.989
69.55691
38.35997
40.79138
48.97971
53.06093
60.59777
56.39897
71.36803
62.98513
61.57091
45.51568
36.92435
39.62189
35.88768
56.07831
56.72232
36.77989
49.96499
41.40592
39.30736
46.5218
49.47694
37.97794
29.04884
31.95196
36.07998
47.82644
52.5081
52.40572
43.50679
36.88261
50.28732
48.71274
51.21368
43.05223
42.9553
35.32291
31.62259
46.95438
51.02568
42.94531
37.65666
59.12933
47.78634
31.81388
24.72731
22.52735
23.01687
36.81513
40.19927
29.45097
28.67921
25.91408
28.71748
25.99968
28.96605
31.70922
46.0765
56.30173
33.34637
47.70595
54.14774
55.44167
53.25827
50.38481
52.56904
51.01515
43.90855
43.19765
37.04827
39.48886
47.07178
33.27618
31.45462
38.31989
40.88661
48.68289
50.882
48.00348
53.6094
40.07257
38.70503
43.44568
46.91281
40.38786
52.53433
44.7654
48.51142
34.37366
44.41094
31.30492
34.35077
44.28054
38.36037
43.95048
64.58622
59.79778
43.57226
42.07668
45.57329
36.42514
37.2826
42.91789
31.50544
48.96415
38.6742
51.42831
53.35217
41.5238
38.47548
31.8544
27.61348
37.61193
31.51874
35.58059
37.40976
37.60033
40.86853
50.82155
61.38902
40.76544
42.61394
45.52001
38.00587
42.14781
49.17537
47.517
54.7318
33.18402
34.56044
36.67688
48.1804
49.33862
54.89799
43.15243
59.82923
62.13663
69.1783
59.90511
52.31371
57.10562
61.92088
50.1572
56.50487
48.91361
52.89972
56.43965
32.60879
35.58048
47.21156
46.03905
34.34502
37.43003
51.43177
46.84247
29.28345
33.35273
35.49818
58.93343
50.73385
43.70673
37.16176
60.16512
60.76309
48.04123
71.31968
54.76553
45.96773
83.4577
53.132
47.49345
55.52417
74.79585
75.27909
48.34293
40.22816
50.92956
55.30378
50.77058
40.50047
46.95983
73.501
59.13179
52.82306
53.07933
57.31202
61.32517
56.44541
54.07399
50.98579
35.60306
31.48854
33.60428
38.53902
42.97466
53.89914
52.16145
48.9803
42.23047
47.70533
59.32784
34.25752
37.82449
40.71529
38.49457
46.31217
61.22455
73.29942
79.2967
59.96904
45.86799
39.26409
36.48381
26.7541
36.32633
37.51614
41.59654
40.19332
36.10947
38.00066
47.27989
46.89472
47.0543
40.55248
70.90483
53.04314
52.49177
54.46177
43.75364
36.82305
52.2192
49.52138
56.29
46.9856
50.26847
48.25844
49.4515
52.86194
56.73676
48.59332
38.54638
51.04888
38.67685
54.1314
43.74562
58.68234
43.7786
55.06561
53.28392
51.59204
41.35818
42.8334
48.42063
58.11787
52.06348
49.30883
47.09118
52.53464
56.7553
55.68927
48.32712
61.01524
54.38078
56.51064
55.51881
52.74186
57.07494
64.71307
77.3877
62.28507
55.66154
48.25574
45.57905
42.19826
60.79107
41.14483
47.18604
48.27401
59.45737
55.29014
61.22682
49.95482
42.8054
31.01006
42.73228
51.14692
59.25375
50.52532
66.03146
57.81943
37.45525
46.20739
30.64271
35.29372
44.28797
47.81176
32.13622
35.97249
38.9694
27.15378
34.49792
40.88427
47.06336
53.41926
60.84149
53.26992
58.31269
80.21289
38.29122
35.72154
38.93409
38.69098
54.80386
63.25031
45.81698
53.06353
61.96438
53.02925
50.76705
55.04181
41.10246
57.11279
51.9657
44.50458
69.14177
47.67256
38.95959
56.96692
41.78585
48.31462
55.2721
68.75389
65.49977
40.41615
41.4042
56.99026
61.60378
60.41992
54.23043
49.70566
50.07129
70.1355
44.35319
49.84447
66.15796
50.94249
49.63672
55.87857
78.95281
54.29269
46.58997
39.68893
49.41544
52.1328
45.05314
43.96155
45.35945
58.98776
75.26441
64.64008
56.61352
55.53063
48.39507
57.98396
38.23965
37.30632
51.83806
61.69428
58.93042
53.99541
50.49824
46.22549
56.08596
66.46651
44.05327
33.84069
33.3461
42.36141
54.34705
64.02015
51.2142
43.45427
39.4967
42.37205
32.50751
21.6365
22.41077
30.20165
30.88607
28.70711
32.80217
35.24387
35.62366
50.97066
54.39063
69.6285
49.89882
53.58617
49.63865
41.15818
55.00587
40.37889
46.37744
48.67773
37.49098
38.09546
38.87969
38.58404
31.19347
35.8762
40.94155
47.73553
53.70229
63.09016
51.52381
45.71631
49.28737
54.32773
39.80713
41.71557
39.30177
28.12733
34.0369
36.69363
52.3857
44.21501
55.28769
61.89428
55.36876
66.59302
57.83075
46.06775
60.79148
66.98095
63.86681
98.75535
68.62316
65.61638
59.70367
52.93721
38.19866
36.23777
64.17694
53.2323
53.33936
58.72058
63.59371
64.75668
57.41173
47.75169
42.9069
52.39135
55.66574
50.30463
55.86209
45.13806
38.98828
42.00232
40.1693
45.10197
43.69669
48.42004
45.72308
36.99405
38.55907
50.12179
67.65422
44.34861
51.45545
45.29706
53.89617
59.94906
64.91139
42.5639
37.02576
65.36861
72.13803
45.7256
50.21747
52.43721
61.23111
49.98359
47.60029
40.80764
41.22484
26.86911
34.31049
44.5673
55.77166
66.18364
50.79551
44.57241
40.31949
47.05209
59.27104
52.05603
43.26326
33.95127
37.61181
51.35959
39.3166
46.78933
47.371
46.71791
58.25447
37.87764
33.82453
33.40728
40.53462
38.14082
31.31351
22.77378
24.23903
30.13533
30.49225
41.81648
38.73007
59.58492
58.38701
59.3853
51.78049
46.91952
35.31554
55.52152
57.47704
43.10775
44.89724
39.36126
41.70661
44.92808
40.37573
42.3616
47.70143
61.16196
45.96342
55.86869
46.36457
36.26826
48.79312
61.33433
55.10487
43.73157
48.88016
65.63068
45.31959
52.87718
55.93239
65.90006
49.09457
48.43492
48.43904
51.96637
56.09098
59.73914
43.81927
40.82523
40.8586
54.28982
44.46582
31.72862
36.88282
42.31198
48.49801
40.52148
23.71797
23.20662
23.31441
33.467
34.08879
32.52013
40.27656
41.39016
37.18787
37.73379
49.91014
35.95897
42.16092
44.54807
47.7162
46.72973
45.25276
55.28284
56.07698
49.74469
42.09065
55.16808
30.87557
36.17474
38.04614
46.10165
34.27025
60.18545
66.34491
60.06715
56.291
47.13739
44.94122
47.72471
47.95603
65.99069
45.12678
54.73013
43.64711
46.70694
37.27718
38.01122
37.13231
30.61755
49.48231
50.71118
50.26022
48.50749
39.65806
37.27533
31.16068
38.10335
33.17862
47.40191
39.105
36.80643
26.6785
39.88038
34.9598
31.04552
26.08797
25.60964
28.70282
47.57252
34.11145
41.13068
49.80256
39.16695
36.38511
41.2373
38.04158
41.58758
33.49367
38.74074
44.10219
47.03682
46.54943
61.11393
49.89828
49.19906
51.9795
61.63759
49.39508
41.40126
40.93617
37.44865
42.38011
59.439
61.73772
48.80426
51.22754
56.80658
55.30514
58.73152
55.73351
63.72024
57.80196
41.00095
40.14682
50.66864
51.02256
56.13511
54.55261
45.31855
51.09834
39.10822
35.19957
42.48295
47.69507
44.88664
46.2656
53.32266
50.45238
64.74345
58.68166
38.81929
51.43417
50.85548
61.71635
43.04571
39.73359
38.6393
35.91097
28.80753
29.00178
30.60822
47.55318
41.81523
35.16636
41.22137
47.45687
65.45552
71.16586
43.52356
47.8536
40.39849
58.64565
39.16517
45.75099
49.6885
51.03055
43.53787
44.30663
32.17403
44.54822
42.19788
36.99717
38.52193
53.74877
43.27402
46.85921
29.20654
21.07447
26.05693
25.42063
33.16392
38.05796
46.43072
33.17754
35.71843
36.98583
36.15543
37.56429
47.40002
39.98612
40.08826
38.89765
28.45182
42.91627
43.94784
36.77763
34.87661
57.34568
54.70988
46.68233
38.03298
52.09535
66.3613
53.12382
43.55593
51.06187
42.17814
45.97697
66.29875
36.62928
52.1874
54.78906
47.07119
49.87013
57.71032
59.92291
43.76443
35.63145
54.42075
48.75699
50.22593
44.72826
50.9747
58.37702
38.06897
48.56868
57.30654
47.69868
51.30022
56.27132
50.09992
41.32822
47.84149
66.22956
40.19116
47.3465
38.18357
45.52819
46.23719
53.36273
41.61399
34.79145
33.81071
30.14078
34.37925
35.0137
30.44367
62.30393
60.13163
60.00547
55.61556
44.79527
53.99029
57.80914
44.39429
35.33605
47.06234
41.25894
58.53929
61.05837
56.97073
45.0116
53.4692
47.51484
54.47476
39.24499
31.94524
43.20872
41.7844
39.81251
54.28671
50.07151
49.025
49.58744
51.52664
37.99389
38.9789
39.07552
38.22755
50.94476
48.8716
47.91422
74.90429
65.0474
65.54416
55.87377
53.63733
53.11115
43.0953
39.03068
47.50331
48.63721
38.15527
53.20618
47.47126
27.72362
39.51382
40.22952
39.10521
39.73096
47.68223
46.79345
43.99146
44.18599
39.15515
49.89317
50.52645
50.10686
51.38685
48.62273
48.87186
40.84571
51.65506
47.94379
44.36905
44.6781
39.49376
42.84451
38.44932
40.63169
29.49262
48.21638
39.29811
40.16171
48.23619
60.39556
39.28562
35.49245
54.09609
42.35662
59.605
78.93476
39.89612
50.66809
46.68986
38.03095
54.32266
52.63353
45.60322
63.56606
42.41778
49.36694
53.43024
47.14048
47.82243
35.23216
28.30973
30.79215
37.41692
43.99085
50.15662
50.98963
41.47184
45.70738
31.95523
40.13794
46.17254
48.20043
39.9831
45.36637
52.12956
45.96568
30.10298
25.58107
21.15057
26.20146
29.5992
22.28719
27.02394
32.97032
55.3461
64.06174
39.50437
40.96179
47.44426
39.48235
50.51229
37.02161
40.64313
43.16113
33.34423
32.77667
44.5409
47.64862
54.90549
50.77611
46.30087
46.40589
51.3547
42.20302
34.57661
29.9698
34.88586
46.50326
58.13026
48.39165
52.81899
44.87712
43.81274
33.71294
45.09076
62.25204
58.51812
69.47892
54.22164
41.89257
43.91466
40.79463
51.16757
38.58304
42.55126
37.66638
54.26984
49.07936
36.17947
26.80948
29.65648
18.26086
35.08109
41.85794
37.40303
47.51412
49.19543
39.27048
72.01471
51.9771
59.34785
57.71302
42.48091
42.9867
58.5027
52.01193
65.78831
50.22891
61.83052
54.94909
69.14782
60.10257
48.86008
46.28527
42.19
44.49463
61.41646
67.47655
53.45173
54.51645
57.33496
43.03502
31.70325
30.84125
29.96417
34.09283
39.07541
41.4683
38.15337
35.50237
41.53209
37.49838
46.89304
37.11506
47.68883
40.45099
48.01686
49.4314
59.18441
43.22721
44.80021
42.75154
53.37304
57.23541
70.4106
60.99114
53.34574
50.73503
42.69356
36.13997
43.80901
53.46784
29.30612
49.10307
72.43152
57.73253
58.46101
72.92915
51.96144
65.93447
51.46917
38.95007
41.95605
30.44421
31.46857
33.19386
31.91445
38.307
40.67947
40.16932
66.14804
43.41751
47.11025
44.16848
47.50335
55.9762
55.89555
47.84353
53.72331
38.9327
53.98277
55.05306
67.21591
58.28096
61.27827
69.71015
61.45152
64.38494
57.88045
59.20455
61.06332
53.93755
50.77978
49.6558
35.9564
53.92541
37.21085
33.24924
39.84002
48.2773
53.94643
44.83587
52.21146
50.52451
46.20863
33.53549
42.59891
52.1959
65.86254
44.23597
49.603
45.35229
60.24082
63.90228
76.47365
66.08105
65.72875
72.03935
62.86996
53.05393
41.19455
36.88924
34.96899
35.59363
43.80846
49.30061
53.49911
56.99192
51.47811
53.48542
52.48784
55.43048
74.84269
60.18465
55.59196
57.30114
43.36875
51.31797
49.40534
52.66376
65.24213
45.78624
31.52476
25.77161
34.81479
46.67285
42.44543
48.74835
35.32574
48.34982
55.49415
48.14986
45.18712
57.47642
68.08911
59.67701
44.23314
40.84675
33.64097
38.41125
41.03012
41.34678
46.89277
37.87001
32.478
51.20987
39.51597
37.07435
34.59508
46.47328
52.88074
42.99035
36.4038
44.2301
36.91963
41.07022
46.22613
55.45522
57.96973
62.74815
67.04614
66.19935
48.41938
46.54613
45.99954
49.32376
67.52466
59.48936
52.82455
48.72286
42.9659
36.31838
42.63763
44.15567
52.30551
32.49221
34.03863
34.92124
41.24719
46.90427
51.3412
44.99845
45.13743
34.08058
44.17617
49.55534
47.36783
47.37617
57.1045
70.83801
54.11867
50.25111
56.48587
52.80577
44.49117
40.8802
50.17525
47.04615
54.43856
45.36327
39.79808
41.97157
53.35492
44.12418
37.62498
37.87296
35.33048
31.39995
29.32226
36.70182
44.30654
38.79066
53.5134
66.17342
58.96869
51.9246
46.04087
43.55745
36.09021
44.03175
49.28529
41.5283
40.70584
41.92104
53.79859
47.79571
36.22422
39.51872
37.55205
60.74732
52.13654
41.16686
42.40947
31.02371
44.15032
48.1228
57.71819
57.27363
37.45918
35.50779
29.04088
33.40779
40.42866
46.13909
33.57671
35.10539
39.28663
44.9672
37.8735
48.51668
30.38552
39.30777
43.86462
42.41682
38.80561
46.22361
51.53596
42.16427
36.85075
58.19383
63.90349
65.60039
42.10409
48.73027
52.09954
34.40179
39.35069
29.4475
63.27431
54.34452
52.44145
53.87506
48.87449
58.66666
62.12579
53.21934
68.94628
52.28103
38.17828
47.32938
51.01625
54.93678
57.71476
49.97061
59.78255
36.63407
48.97781
37.97987
31.5306
31.11627
24.19607
32.97571
30.56806
26.61872
24.23049
27.15882
39.23311
42.44622
45.06457
51.8458
42.18947
39.97723
37.96021
38.07854
42.02824
38.97689
54.98551
47.41969
39.54733
51.24963
41.71244
41.14492
49.85148
48.8423
47.66336
47.45812
48.29296
48.63512
50.41415
45.70276
53.38363
73.6217
57.22671
41.44243
34.4762
30.94758
48.16538
29.74336
39.2846
47.53165
40.236
33.21104
39.08031
29.43065
28.66451
37.29529
35.43482
36.28833
43.10212
29.79424
45.17058
50.53609
45.63427
48.69882
41.77131
35.4077
27.85361
35.81792
34.64058
45.96282
44.91195
54.75382
41.13144
37.31882
63.71612
56.65268
57.36167
46.20604
50.61772
43.33205
49.4371
51.78008
52.92488
55.53352
49.78764
45.346
47.68843
51.97716
35.90006
31.59601
39.10755
46.52224
63.05399
37.05886
40.03658
49.43038
46.60775
51.50412
42.51444
47.58629
41.94291
37.42755
35.96947
48.65075
32.23688
31.48784
46.53605
53.85319
62.41718
61.01513
54.10378
46.48317
49.54268
43.89491
48.41771
27.7537
23.77945
21.69258
26.62215
37.37255
41.83854
34.41239
37.11262
33.13537
37.00181
61.98925
44.46311
57.52342
55.93608
36.23989
42.04772
33.48158
39.59958
32.19189
32.03831
25.56991
21.72986
19.13064
30.63235
29.32929
32.64278
41.27181
38.1
45.34003
44.02291
37.538
48.3405
63.67298
51.17665
44.20011
40.93449
47.30261
36.56521
48.10155
59.09734
43.92755
44.13195
42.26997
38.25012
43.09047
49.8672
49.6223
58.32077
70.97231
57.8197
45.50237
32.35556
47.69764
40.23973
40.41253
49.36395
32.77124
49.15551
43.49262
34.76085
36.45977
31.11409
39.21102
42.12877
56.07196
60.4791
64.83246
49.38617
46.22904
41.06719
34.04236
41.9341
53.56675
62.75264
48.95086
52.93655
53.97011
59.40833
57.55797
47.69099
35.59807
30.26766
40.43907
42.01735
56.5846
67.50755
41.25138
48.03078
46.22756
54.53441
38.80754
50.0341
46.83926
42.15944
39.74498
46.93978
42.1695
47.86271
45.38944
61.82736
35.23025
34.43569
41.07967
45.99126
48.50826
45.03489
44.8176
46.78409
36.9246
38.93913
41.62699
52.6087
45.05003
43.60225
51.33932
43.45259
42.53564
57.12852
38.94785
47.34389
36.98559
26.04269
29.41525
31.71946
30.46036
46.60037
38.36064
51.34903
47.93954
44.69191
38.78807
54.52772
49.73831
48.86974
31.83728
42.1344
37.39765
29.01165
22.28789
19.99819
22.36659
50.82258
48.11103
46.95772
45.28883
57.66994
43.18656
44.30423
45.18923
37.34448
39.116
31.6846
45.26657
43.93959
33.27273
42.26817
45.87836
35.55827
35.9087
37.08276
33.30193
30.58468
44.47742
37.26863
41.62921
29.97147
23.75513
22.83415
19.14924
15.64789
21.49661
21.96631
27.32973
22.26269
36.33382
39.26935
39.31456
35.2973
32.62543
19.72356
24.0586
30.51935
36.06703
38.63104
46.9432
39.52487
48.09373
51.2461
41.04092
45.56184
39.17631
47.02433
70.55509
50.28347
54.50366
56.371
55.63841
63.92859
62.44356
38.1595
34.20887
35.2187
32.966
32.04491
40.0837
43.88282
47.11115
49.11686
40.59176
48.00075
54.09895
53.71085
53.4571
78.68367
66.27455
46.4965
47.19105
49.48133
49.83628
48.13643
41.35568
43.70464
58.86706
52.08251
37.7511
53.01107
38.65401
45.72915
38.43748
31.64465
37.58064
41.44407
35.55158
31.95396
36.17527
44.28016
43.4135
38.71273
32.57034
36.71285
47.63562
46.31529
59.18791
53.83142
50.32087
40.73167
33.10655
34.9108
39.62199
38.9782
32.72633
26.11412
33.02962
32.20608
31.4433
34.71476
51.25523
60.74186
63.9683
49.29925
52.82202
38.50655
44.03525
45.11324
45.8826
28.32729
33.22443
34.99575
41.81928
44.37789
43.17661
46.45154
55.57463
41.1175
60.06985
35.50808
29.82066
33.27285
33.49556
21.63504
25.81697
27.54418
26.06487
19.95411
31.04908
28.18112
33.93841
35.26613
27.75257
31.68132
43.32278
42.47961
41.59995
74.26638
69.74841
43.52554
50.54767
50.75924
51.83151
30.74614
27.04925
30.58095
36.2678
36.29515
45.52893
58.44554
56.27222
54.6758
75.83182
63.13075
58.70923
61.65865
54.13102
54.36761
68.74368
49.25304
41.6301
55.64689
55.53162
48.72588
53.4559
51.81459
33.90407
29.08092
32.64566
37.54669
47.6104
45.30327
60.68644
53.87175
51.14826
49.36048
54.56301
53.91691
39.87784
52.02437
40.52094
36.98574
34.68601
35.07773
38.47056
65.00412
56.11264
60.7732
46.94095
32.32605
43.69236
34.36055
35.81811
48.05038
50.65605
34.33935
34.3645
42.29714
34.02841
32.33474
31.07697
25.86883
23.16244
34.23829
32.40271
33.41233
51.16529
44.0859
30.62153
29.559
30.62646
33.181
48.22809
37.85602
46.50316
57.70338
40.40457
48.85405
49.61203
46.51264
50.97282
47.64833
34.23861
31.23919
35.51284
37.77839
41.96847
49.3843
40.86602
38.19651
34.00368
35.29379
29.48591
36.7642
35.45802
31.80446
38.87785
46.82242
50.11469
51.7252
50.51282
45.54066
48.01113
38.63453
46.23085
33.40222
40.40467
57.20172
51.67533
59.30145
43.52586
60.86724
49.84963
47.01926
55.95551
52.86296
68.43089
68.61161
63.3917
57.28823
49.86392
40.60392
35.91409
28.66893
33.962
35.83927
44.64737
43.21437
40.90708
36.66416
38.68664
40.3714
40.10196
28.64152
32.75788
35.35736
31.89529
37.35818
38.23183
39.50458
40.43622
50.28269
46.84075
54.69378
75.42469
69.5057
49.62445
39.76402
37.77465
62.2918
51.90434
66.24474
49.8906
47.95077
46.53881
49.67101
32.67473
48.51145
58.59756
71.15534
46.21464
48.90369
46.43368
56.05332
53.89745
56.55861
54.24266
48.42782
44.41115
44.03949
57.45683
50.97615
41.32529
40.44893
41.34041
38.586
41.74426
38.34531
47.95092
38.78419
35.06254
33.23458
48.70403
40.34419
67.08376
50.20482
41.61848
43.19774
51.34562
59.60373
57.22815
48.89274
37.57241
36.74944
41.89305
44.40501
39.327
52.12603
41.16115
35.76474
35.57134
41.7689
40.73455
40.06873
37.03528
39.01496
38.16334
49.14473
40.75813
50.16221
59.48419
51.19692
35.54197
55.89608
41.80717
33.72159
37.06843
36.68132
39.14295
49.09349
34.72427
27.03702
30.3128
51.38752
51.51487
42.07354
41.08973
52.71534
35.09082
29.59272
29.9272
31.65141
50.59517
50.69613
43.6691
49.17305
48.29064
49.26067
37.83335
32.4134
32.43341
34.36888
37.32992
34.68707
27.05747
31.53882
46.76305
49.30398
52.10937
36.19735
45.33111
28.96133
21.98809
25.38
24.94925
24.4824
36.53442
34.90281
39.49367
41.89393
43.28856
40.5195
47.79849
62.88327
36.39315
