14.00817
11.82714
12.97593
13.45358
13.72252
13.99416
15.1753
14.87608
15.46795
17.65808
17.82465
18.17889
19.57553
18.30584
18.53541
17.91022
17.77262
16.03036
15.94749
15.80794
14.858
16.25844
16.37876
15.40968
15.15088
15.34188
14.81135
14.06297
15.26522
13.86036
13.24822
14.79901
14.87578
14.6116
16.18246
16.15437
16.6013
17.63281
17.02889
16.98548
15.57208
17.0736
17.50768
18.36493
17.34072
16.19583
15.15674
13.1384
12.78964
12.84724
12.24267
12.29861
12.37213
12.30061
11.52061
9.71155
9.868584
8.837925
9.680363
9.602667
10.00347
9.093541
7.849719
7.655446
6.434707
6.32644
5.998807
6.461923
6.490518
5.485897
5.69694
5.348987
4.469189
4.149253
6.745425
7.096049
7.598078
8.139857
6.795256
7.545815
7.293992
7.14222
6.419291
6.120996
5.489625
5.095154
6.114389
7.065393
7.480424
5.641402
6.775627
9.458653
10.93707
9.972599
10.3793
9.248221
7.986401
8.498127
8.452705
8.221323
7.788906
7.239943
6.365713
6.768395
7.899326
7.064942
7.633795
6.3811
7.049109
6.244352
7.196664
9.936277
10.753
11.5341
11.25953
10.61181
9.808011
10.56687
10.32978
10.63004
9.864048
10.31277
9.81521
9.944807
10.30047
12.7407
11.15844
10.68767
11.71023
13.0899
12.45717
13.00298
12.15005
11.43525
9.653027
9.550399
9.96221
8.950964
8.184854
8.503153
9.219305
11.14568
11.43027
12.84806
13.08584
12.60139
13.85167
15.31358
14.94523
15.08423
15.30089
14.42641
14.47287
13.3338
12.5004
12.95731
13.02818
14.15814
13.2696
14.04064
14.03926
13.81671
13.65001
14.84286
14.5057
15.95466
17.43127
17.67774
17.92299
18.07476
19.04891
19.33614
19.70474
19.58607
20.45892
19.09582
18.34182
18.38816
18.46298
18.39624
18.85432
18.88955
20.21241
19.49066
19.49079
20.44038
20.85428
20.75778
19.79584
18.5758
18.66672
19.13734
17.8079
18.95199
18.36774
19.57951
19.28497
18.98996
19.13983
19.94755
21.42245
21.36065
19.9797
22.87461
24.65341
25.10472
25.34537
24.32218
23.5763
24.74791
24.17704
23.77048
24.14871
24.22582
24.30459
25.70253
25.34272
24.52063
24.59184
25.45648
24.00297
24.10166
24.74613
25.71005
25.80053
27.07531
27.27772
27.55715
26.98057
26.8216
26.279
28.0801
26.71069
25.03057
24.8531
24.19033
23.88734
25.01854
24.06918
23.28777
22.3819
20.94238
21.23687
22.64107
23.98924
24.13813
23.12792
23.4975
23.70693
21.7322
22.54416
22.26969
22.72392
21.21653
20.27438
18.5334
18.23842
17.45483
18.7946
18.68544
18.09268
18.47278
17.32631
18.21656
18.43984
19.06087
19.97288
18.38701
17.77382
18.20756
18.35727
16.73177
16.37468
16.99413
17.03542
16.29144
16.7627
17.27293
16.73028
17.08763
16.28034
16.82672
17.86282
17.48808
17.882
17.4174
16.17031
15.87475
14.59986
14.26367
15.5271
14.75312
16.1914
17.25476
18.47887
18.27819
19.07315
19.53261
20.15973
21.60791
23.51568
23.50321
21.3139
21.0011
21.44526
20.15118
19.47664
17.82265
17.62564
18.59963
19.27908
20.07761
19.2579
19.0789
20.11535
21.62466
22.68224
23.09524
22.58293
23.32575
23.08048
23.27229
25.19799
26.49197
25.48238
26.14288
25.84009
26.45398
26.71275
25.28412
26.07188
26.41371
26.58998
27.10558
26.13364
26.70001
27.56239
27.43915
26.61999
26.25178
27.54803
27.25
29.00827
28.17691
27.34697
26.9194
25.96197
25.11287
24.9294
24.17421
25.47286
24.84369
24.02406
24.17772
24.1135
23.87941
25.67713
27.01591
28.572
28.6872
28.21118
27.90849
28.06889
27.10472
26.44749
26.46506
26.26059
26.31264
25.80032
25.45554
24.26729
25.06844
24.21098
24.5526
24.01576
23.20679
23.30209
23.77436
23.70259
22.24748
21.59791
22.17079
22.23752
22.08734
21.25043
22.36387
22.13879
21.29516
23.07783
23.41362
23.91582
25.47256
23.05525
21.48728
19.26909
18.87889
20.40747
19.6725
20.95581
19.32408
22.80508
23.52919
22.25916
23.29295
23.76322
23.80642
23.88919
23.84698
25.29346
24.4026
23.6991
22.68978
23.37505
22.73965
22.9157
23.3326
22.99005
22.57509
21.14521
21.89709
21.2271
20.96335
21.41738
21.04985
20.64986
20.05417
19.96661
18.9623
18.6067
17.92107
17.52917
17.07595
15.43284
13.28468
13.13079
14.756
14.78145
15.51277
14.76513
14.13799
14.17469
14.12192
14.31921
13.69941
14.54443
14.29753
14.3701
13.17777
12.62326
14.43739
12.76279
12.74763
14.60728
12.50028
12.66943
13.90173
14.12222
14.43878
15.06473
14.25401
14.41685
14.55316
14.14188
13.92199
13.42252
13.93437
13.7464
15.0149
14.42504
15.28028
14.64603
13.75719
13.86578
15.87051
15.42903
16.49505
16.85966
17.81452
19.0913
19.60477
21.33468
21.10407
20.92044
19.92244
20.30032
20.13292
19.1902
18.4763
18.62904
18.48012
16.87179
16.30006
16.17233
17.30078
18.51858
17.96436
18.11342
17.88256
19.38597
20.69746
17.71912
15.72069
16.60532
17.71901
16.15298
16.72092
18.20305
18.62407
17.97827
18.1671
16.50685
16.24009
15.89334
16.80735
15.95478
15.3145
15.53497
16.2081
16.94063
16.61239
16.10754
17.67326
18.52492
19.48274
18.50555
18.82828
17.85527
18.2353
17.24073
17.47229
20.47202
20.38646
20.46871
20.19476
21.21521
21.21832
22.61465
24.93116
25.19567
24.54994
25.54546
24.33351
25.04573
23.97835
24.75046
27.07894
28.09013
29.72554
31.13384
31.81122
32.59593
33.65687
32.74237
33.74625
34.39946
34.29744
33.22534
34.00336
33.88708
34.67255
33.89915
33.98242
34.56026
33.47668
33.18828
34.75873
35.70578
35.49574
37.6141
36.54216
35.96557
36.46305
37.21557
38.16008
38.15185
38.70716
38.95853
38.46176
38.12054
38.75949
39.33884
40.05052
39.46448
39.87332
40.2904
40.03936
38.25148
38.32292
39.59276
39.63403
39.02166
38.35888
38.87809
39.36518
38.72425
40.20985
38.34703
38.03823
39.44138
39.48813
39.92814
40.47013
41.01769
40.11429
38.65068
39.68352
39.28302
39.59211
37.91768
37.73658
37.42118
37.88288
38.79024
37.78649
38.25126
39.28033
38.90613
40.43964
39.72733
38.97734
39.87507
39.46577
37.9104
39.325
40.246
41.23838
42.17133
42.32331
42.11515
43.31726
42.74455
42.52773
40.55502
39.48245
39.2219
39.36545
39.02109
39.66542
39.41188
39.1093
37.81738
37.41252
36.14731
36.21128
36.21464
36.34624
36.51822
36.1347
36.44542
36.63421
35.60927
35.49693
34.87231
34.39506
35.39235
36.49213
37.65575
37.53049
38.98101
38.99703
39.39351
39.81171
39.63796
39.21155
39.4534
39.79446
39.32131
39.46852
39.00818
38.57304
37.58731
37.32007
38.22407
37.55604
38.60561
38.43901
38.34282
40.06865
38.83772
40.42662
39.70142
40.96284
40.89347
41.22941
42.81221
41.41831
42.73526
41.68127
40.283
39.80656
39.24891
38.73937
39.19226
39.4108
39.72202
40.32428
41.4164
41.79719
40.93371
42.42165
40.80846
40.2975
39.45488
37.88527
37.57655
38.01626
37.39456
36.62721
35.9998
35.08628
33.85134
34.02391
33.01843
32.39203
33.1205
33.68929
31.66853
30.45203
31.03026
30.47677
29.80575
30.65282
29.72875
29.47371
30.184
29.31756
29.85156
28.84892
29.76574
30.30237
29.01396
28.99867
29.49752
29.65307
28.12736
26.60032
26.42409
26.79711
27.2015
26.41047
25.49052
24.35259
26.29139
28.11671
28.36084
29.88455
30.9432
30.22322
30.1189
29.49843
27.87483
28.31668
29.39444
29.69667
29.16882
28.24508
27.60569
27.74665
27.06937
26.13731
25.48206
25.29047
25.85964
27.38517
27.76485
28.15647
28.31283
26.76221
25.98099
26.0141
26.23628
27.21092
26.49811
25.08643
24.39275
25.40152
24.60777
24.24462
24.33256
25.0079
24.22912
23.77558
25.00167
23.70182
25.58793
25.51609
26.09439
26.20946
25.82486
25.42957
25.29641
24.35968
24.49208
25.16224
26.35483
26.44011
26.13315
25.19184
24.08096
24.99001
24.44085
25.89394
25.72537
25.09776
25.83278
26.3171
24.72597
23.20774
21.92474
23.22565
24.16006
23.08833
23.54052
22.32266
22.84397
22.55359
23.39917
23.94621
23.89262
23.6354
23.1812
23.68494
22.7865
24.67007
24.88242
25.48914
25.86689
26.48423
26.53579
26.34549
27.92162
28.12821
28.98324
28.68687
29.66192
29.0841
28.31668
29.23564
29.42586
29.19424
28.84235
29.84238
30.31402
29.35791
30.65108
29.93379
28.78917
28.46717
29.40645
29.58164
30.96676
29.40512
29.50481
30.47919
30.84164
30.95379
31.28242
30.7681
31.52534
31.82815
32.62308
32.2331
31.92961
33.03263
33.55636
33.97336
33.90626
34.36981
34.86174
36.6675
36.948
37.23588
38.10142
37.66876
37.15003
36.21422
35.90118
36.05036
36.49671
37.43008
37.88697
38.97925
36.58652
35.55091
36.02594
38.30935
37.79452
38.8095
37.96629
37.69437
38.49429
39.29835
39.66305
39.74591
39.15882
38.95313
38.62468
39.21344
39.66397
38.99288
41.33876
41.47765
42.72329
43.98328
44.79468
44.70459
43.68176
43.2707
44.08051
43.46243
42.91042
46.03685
45.89677
46.52592
45.90031
46.97875
47.52586
46.40157
46.73737
46.68248
43.95748
44.84413
45.94054
44.74388
45.53641
45.3815
44.44518
43.72939
41.39627
41.3795
41.5977
41.70294
40.39719
42.64332
43.71926
44.57174
45.19601
45.75088
45.52197
45.76255
45.46006
45.67655
44.6636
44.24189
44.35739
46.15041
47.40684
47.0791
47.69471
48.58199
50.09993
50.83937
52.76093
52.34723
53.13633
52.85599
54.13051
54.5382
54.6715
55.7454
55.72977
55.63117
55.69974
56.11808
54.64455
54.116
54.39044
55.19166
55.19136
55.87813
55.14728
52.12429
53.85329
55.01811
55.01457
54.99654
53.51479
53.39085
52.65864
52.21525
51.28251
52.70798
52.97882
54.27863
54.16842
54.97242
54.77432
53.70904
54.18787
55.35463
54.55319
54.72701
56.85144
57.55026
57.20672
57.68775
58.45541
58.81177
58.00147
57.83381
58.69123
57.33931
57.10203
57.65749
59.033
59.69164
59.85653
60.29907
58.26485
56.84783
56.56176
55.16301
55.2788
56.84992
57.60043
58.19611
58.03381
59.19552
57.80565
58.99695
58.13979
57.7316
57.71922
57.9465
56.67362
56.40075
55.29176
54.53632
53.95763
53.87954
52.9797
53.62414
53.78154
54.55251
55.20314
56.49428
57.19992
57.03619
57.74414
58.16407
57.79691
56.87949
55.59439
55.21019
55.54699
57.62892
56.57298
57.00123
58.0698
58.7303
58.14482
55.98076
54.97127
55.38046
53.85568
53.76178
54.3083
54.52735
55.30328
56.3224
54.50238
53.606
52.5737
51.9565
52.25099
52.03302
53.27386
54.26896
53.57069
54.05402
53.7222
54.96332
54.45526
55.19367
55.05139
54.97877
55.49746
55.71052
57.88577
56.57089
55.91864
57.00311
56.13684
56.7453
56.63663
56.01337
55.36186
54.14291
53.80258
54.7606
55.50047
56.01328
55.03896
55.34373
53.02389
53.71014
53.87588
54.01393
53.42041
52.9809
53.54514
52.96197
53.16371
53.58331
52.59887
54.42044
53.49139
52.83308
52.67458
55.07399
55.92678
55.87255
55.96908
56.36258
56.15626
55.39407
56.25391
55.30457
53.95496
53.43237
53.52133
51.22381
52.82392
53.33352
53.0818
55.34794
55.35072
56.05919
56.30501
56.16055
57.28334
57.62233
57.9251
56.7668
57.95572
58.59949
59.52552
58.54629
60.66615
61.03144
60.87542
61.38699
63.60998
61.80122
61.62429
61.25651
60.50534
60.66555
58.99452
58.63454
59.31938
59.59875
59.27719
59.70396
58.73051
57.8297
56.73088
55.83785
56.82758
55.49866
53.21426
54.48182
54.89931
56.4864
57.96139
57.59155
57.47549
57.36419
55.17204
55.83757
55.61174
54.59798
55.22268
53.45414
53.27765
53.66795
54.15664
55.34148
53.52607
55.11547
55.29355
55.3178
54.08866
54.78793
55.9278
55.59397
54.99261
55.26806
55.54877
54.18272
54.32562
55.00158
54.95632
55.26174
55.27149
56.2339
57.03973
56.4262
56.56331
57.13762
58.67
59.22742
59.37344
59.62486
59.27924
59.8669
60.34889
62.95779
61.95673
59.77136
60.61736
61.13389
61.77602
61.30373
60.96997
61.98655
61.8836
62.72408
61.35246
61.95002
60.93677
60.97449
60.48753
61.26364
61.07252
61.60668
62.30653
64.23674
64.12158
65.58742
67.38969
65.69684
66.96881
66.38523
66.56457
65.61151
68.09571
68.52894
68.51154
69.74997
68.72823
66.94551
67.70765
68.06994
68.26168
69.73617
70.02322
68.73394
68.52433
68.33892
68.22384
69.43086
67.38687
66.96737
66.35638
64.72056
64.48586
64.09576
64.29288
63.97413
62.33551
62.29179
63.14059
63.40022
62.8262
62.22149
61.72692
63.06427
63.74868
63.05746
62.3436
62.21546
62.56664
63.92341
65.40522
65.68976
67.1643
66.30805
65.78215
65.81019
65.26783
65.66341
65.84825
66.51135
69.13161
69.31886
70.68717
73.72679
73.97839
73.68676
72.96091
73.06959
73.27457
74.87515
74.43399
75.51111
76.44646
77.41041
77.57871
78.00317
78.60561
78.42315
78.06318
78.80031
79.08699
78.49512
77.94801
76.38712
75.28843
74.82185
76.34406
75.77907
75.32753
77.3138
77.77932
77.19451
77.26435
78.55226
78.67997
78.11581
77.32204
77.14232
78.64364
80.99246
81.34458
82.15864
83.15007
82.34572
82.75093
83.19091
82.76906
83.21995
83.15838
84.40812
84.40949
83.7058
83.58921
84.51937
83.79792
84.90956
85.4512
87.20366
85.52888
86.15078
85.8192
86.99159
86.39564
86.61408
86.99021
86.95201
86.40072
85.72776
85.47499
83.64614
83.40176
83.12528
83.18872
83.00091
83.4998
82.12396
82.04615
79.74381
81.03532
81.98702
80.11912
80.56065
79.63743
82.02475
82.19022
81.79241
80.86318
80.4025
80.7754
80.45555
80.72795
79.30388
78.84803
80.19012
78.35633
78.26537
78.99483
80.45536
80.45769
80.82358
79.90727
79.38807
80.25305
79.25131
77.89335
76.75543
75.20697
76.41168
76.24088
76.27018
76.39571
76.52139
74.95454
73.96729
73.36042
71.73342
73.93728
73.74298
73.81556
75.28915
75.57032
76.40937
76.09999
75.34395
74.98561
75.29783
76.32038
76.06882
75.85636
76.5696
77.19592
77.27114
77.44771
76.1092
76.32542
74.39399
74.66502
76.27363
74.91043
74.45242
72.70637
71.31452
72.06931
71.13512
69.94707
69.28327
68.36177
67.68685
67.82752
66.71825
67.8751
67.35214
68.7708
69.83585
68.31709
67.59766
67.89232
68.03786
68.6074
67.17254
65.327
64.53812
62.91588
64.30124
63.58129
63.82357
62.63023
61.25545
61.6046
61.14372
59.9128
56.91669
54.92802
56.20303
56.74153
56.15439
57.60768
57.51186
57.00881
55.26201
55.62874
56.25673
57.76429
56.62584
55.21581
55.56844
55.77437
54.94578
54.73055
54.8244
55.95557
55.87301
56.84035
57.18233
56.19265
57.14505
58.07017
59.7624
60.41055
60.88092
61.87747
61.79305
64.21453
63.73348
64.80383
65.30692
63.26763
64.40345
65.7451
67.09587
67.40758
65.83031
65.91196
66.27979
65.55473
65.67024
67.25894
68.7175
67.35389
65.7337
66.69416
66.07694
66.28491
66.28838
66.10841
65.54088
66.88917
65.45382
65.12582
65.90597
66.22624
66.41362
67.7402
68.15744
67.27781
67.616
67.20168
67.27166
66.7346
65.14477
64.46338
64.84607
66.05171
65.93324
65.75219
63.59322
63.40246
64.11871
66.28019
65.47821
65.88505
65.91753
65.71605
65.18589
65.69392
65.56626
66.30027
67.94592
67.14794
67.41958
67.47878
67.97309
66.99532
66.89808
66.84787
66.60563
67.2311
66.69799
65.63743
65.23708
65.93014
64.9451
65.19311
63.40466
61.84864
60.1828
59.32396
61.18086
61.39485
61.7616
60.96957
61.97574
61.1342
60.95492
61.1487
60.19146
61.55806
61.86078
60.79278
59.28954
58.35875
58.46961
57.95097
57.49169
56.40031
57.47201
55.86814
56.5024
56.15774
54.61487
53.45919
53.56998
53.35632
53.06705
52.50062
52.4213
51.31964
50.83974
50.59634
50.40604
52.0334
53.19386
53.76449
53.06283
53.18456
54.33144
53.57953
53.81456
53.25137
54.06172
53.41668
53.18106
53.92247
55.09165
55.46712
56.41069
55.50149
54.28377
54.97042
55.77363
56.03575
55.62654
55.97462
55.685
56.88692
57.47323
57.18743
56.31235
57.19122
57.6471
58.24927
59.42031
60.1734
62.73692
62.91782
62.86322
63.05528
62.36035
63.66661
63.65414
62.98295
62.11509
61.98917
64.60411
64.05163
62.97598
62.92715
62.12632
63.03387
61.84824
62.11123
62.25026
62.52901
61.88362
60.35304
61.34715
61.64221
61.48178
61.08266
61.08386
59.83537
59.53722
59.93421
59.26995
58.64947
59.57555
57.49219
57.98001
56.96833
57.72847
57.78294
56.72206
57.48858
56.79318
56.19742
57.22839
57.72845
57.82303
56.67451
59.15879
59.97437
58.91128
58.70406
58.51412
58.97603
58.24456
59.02292
58.01215
57.16079
56.86637
57.55144
57.00609
55.99591
54.4245
54.28714
54.04178
54.16978
53.28901
54.0779
53.51814
52.84095
53.30936
52.31382
52.97237
52.11565
51.5143
52.16789
51.93655
51.78663
50.74728
49.31365
47.418
48.17208
47.25404
45.67108
45.42458
45.92354
45.96795
46.21996
45.97794
47.67349
49.68399
49.62732
48.88457
48.40866
49.37938
48.80567
48.75382
48.74005
49.2777
49.27151
48.0137
47.82701
47.70843
48.27809
49.04689
49.08761
48.18931
47.62299
47.3252
47.75869
48.12177
48.55496
49.40677
48.62918
47.23111
46.34488
46.29848
45.57717
45.13287
45.37843
43.77362
42.55558
42.75505
43.06685
41.60252
39.79154
40.591
39.24317
37.31993
35.79874
34.72008
35.27538
34.68789
36.44891
36.57578
37.5167
37.5989
36.7474
36.18599
36.5231
37.174
35.68051
36.78075
36.70829
36.84172
37.3379
37.18758
37.32198
37.15539
35.39823
36.32112
36.66095
36.70065
36.07962
36.33908
37.64142
38.47842
39.60003
38.63556
37.75087
36.90448
38.82851
38.19925
38.05913
39.50985
39.81648
39.47701
38.74772
38.54836
37.49821
36.57264
38.23148
38.01691
39.22548
38.39476
38.37051
39.76059
39.41929
38.78351
38.52364
37.92686
38.81802
38.95798
38.04576
36.97936
36.72108
36.01881
34.90621
34.50507
33.28915
33.25578
32.17306
32.26111
31.75374
32.49003
33.38943
34.62864
33.90318
33.63613
34.15115
35.78128
36.03089
36.7884
38.47103
38.0391
37.23286
37.80242
38.38004
37.13298
35.56789
36.44794
37.7384
38.48342
37.98658
37.53671
38.9883
38.4251
39.07833
39.0066
37.21839
37.13521
37.63096
38.01024
38.2083
38.7665
38.39792
38.82772
38.79152
37.0179
37.81389
37.55071
35.61819
37.12842
35.16173
35.46408
34.65708
36.72077
37.06235
36.73117
36.66567
36.94059
37.44239
37.25493
37.27037
37.01988
37.62683
37.82253
37.31967
37.31695
36.66165
38.9025
38.91189
39.53235
40.24192
40.23701
40.06462
40.72858
39.65018
39.82981
42.06289
41.37942
39.88545
39.99758
41.27307
40.33713
40.88392
41.22025
41.40814
40.74903
40.03205
40.99619
40.59491
40.32771
40.87535
40.36302
42.1065
42.64799
41.46332
41.38803
40.58961
40.5673
41.03156
42.3531
43.17108
42.76308
43.76886
44.17345
42.0437
43.23617
42.84795
44.11353
44.88994
44.18582
44.69767
44.61399
43.70028
44.22414
43.92661
42.24808
42.35284
42.29242
42.72063
42.98802
43.78333
43.33736
44.11638
46.99073
46.8311
45.76578
45.50208
45.79013
44.5721
44.05229
43.71953
43.62476
44.64715
45.43318
45.49536
45.21892
46.05132
47.18068
47.53414
47.7861
47.08967
49.42251
50.40823
51.74045
51.05205
50.28703
52.24358
53.76211
53.50393
52.28252
54.28475
53.12162
54.6853
53.93801
54.50136
53.29608
53.9335
53.31326
54.78317
55.9534
56.44632
56.42895
56.9044
55.85022
55.08051
56.12989
55.84807
55.66348
54.41587
54.72834
54.51082
57.23895
56.99349
56.69242
57.31296
58.72372
59.73934
59.47829
59.85979
60.66433
61.2248
60.33552
59.7327
58.9429
60.23242
59.46404
58.58402
58.90919
58.86404
60.97443
61.66746
61.86823
62.81746
63.05074
64.16173
65.08345
65.26435
63.92878
63.0723
62.66718
62.87433
62.04358
62.1049
62.70686
63.23627
63.12261
62.98625
60.92958
59.7307
61.27056
60.69222
60.87121
61.91797
63.52587
62.78489
62.56991
60.89318
60.53958
60.01365
60.94674
59.80945
58.28663
57.43631
56.14531
57.65558
60.11754
61.40828
60.77064
60.87103
61.47239
62.21091
61.20618
60.86904
62.01695
62.47218
62.49568
62.35601
61.72379
61.20453
60.701
59.1483
58.97395
59.6296
59.43042
58.49288
58.8918
58.52725
59.05264
59.33596
59.0914
57.17652
57.08485
58.31319
57.59984
57.62874
56.79901
57.06961
55.73777
55.21654
54.76174
55.23166
54.52575
55.66748
55.67093
58.93362
59.04708
58.99817
58.47846
59.05762
59.73085
59.8599
60.46674
59.40644
60.02543
61.01565
60.67363
60.90898
60.73989
61.43861
63.32087
62.83162
61.61389
61.3497
61.23849
61.65294
62.20761
63.34775
63.29518
64.82716
65.40798
65.80354
67.02005
67.62705
65.66821
65.31532
64.5383
63.7953
62.27323
62.19997
61.7739
61.58238
62.7951
60.84316
60.08172
59.79898
58.12211
58.39103
57.07216
57.67232
57.92957
57.8863
57.16327
56.81236
57.086
56.82492
57.52232
59.11101
60.36284
63.54405
63.99324
63.79599
61.32047
61.20975
60.27134
57.87212
58.13624
57.39894
56.37983
57.25947
56.88767
56.10755
55.3677
54.90585
54.72856
54.06459
53.80743
52.49834
53.29938
54.18246
53.94145
53.28235
52.09163
51.97074
52.52246
52.55865
52.30211
52.46493
52.47721
51.57166
51.12331
51.50255
51.67229
52.07176
51.8756
53.69267
54.1952
56.59543
57.54439
57.50294
56.90464
56.75218
56.76339
55.76943
56.19041
56.28292
56.41775
56.72443
56.84202
57.50714
55.54884
55.23789
54.41598
55.46555
58.21075
58.67637
56.66424
56.72094
56.29591
57.5434
58.08503
58.90827
59.43564
59.90147
60.74887
61.86383
63.3193
64.27073
64.87349
62.95258
62.30624
62.12619
62.52158
63.69477
62.94996
62.13014
61.39468
62.44336
63.19279
63.86402
62.31217
62.50332
62.87371
62.87768
62.39546
61.71874
60.58586
60.07539
60.36033
60.83131
59.62539
58.38115
58.53124
58.09079
57.72547
58.72391
58.71856
57.81659
57.70704
57.27149
56.69101
56.84252
57.25002
56.06973
54.95519
54.58471
53.80384
56.20358
55.53181
55.54949
54.83865
54.12549
52.65549
52.97125
52.10685
52.10406
53.89497
52.88414
52.3516
53.25189
53.52574
54.5349
54.7269
54.33031
55.36303
55.99677
57.20493
55.8709
56.56459
56.81224
57.39918
58.68008
59.039
57.88853
57.18198
56.8559
56.50857
57.666
57.96436
57.62468
57.0678
57.62072
58.63621
58.72063
60.44829
59.82892
59.91811
58.93845
58.33255
59.09404
59.22847
60.06197
61.04749
60.11344
60.6431
60.15618
60.56535
60.12674
59.58821
60.9071
59.59597
58.8594
59.27773
58.57316
58.06696
59.21164
59.51803
61.59847
60.11645
59.12007
60.60234
61.06142
62.09172
64.09495
63.68223
63.56258
63.45836
64.32394
65.29521
65.64466
65.82794
66.04272
64.97308
65.97756
66.67671
66.57682
64.56263
64.72128
64.36451
66.28813
65.76281
65.45324
67.68385
67.73439
68.46208
68.8908
68.21626
68.15634
68.51671
69.77457
69.06756
70.22245
70.247
70.3708
71.12962
72.21699
72.02563
72.83641
73.64212
75.064
74.10108
73.14402
73.3162
73.46243
73.91989
73.6681
72.56959
71.76855
71.52673
73.51016
71.20268
70.91606
70.52575
69.62856
70.17849
69.44042
69.14527
69.71926
71.05523
71.82671
71.93082
72.2711
73.95418
71.11472
71.74611
72.52282
71.66228
71.06924
72.24317
72.4154
72.86371
72.16436
71.78414
69.97873
70.21765
69.8695
68.73747
67.17032
68.1083
67.88923
67.88273
68.26079
67.84842
67.60643
65.51538
64.67818
64.45609
64.71068
64.7315
64.62273
65.08253
64.17936
63.59932
63.28866
63.03513
65.06375
65.67006
65.08939
66.78182
65.62565
64.88854
65.37199
65.50244
