3.574185
2.083928
1.621726
1.360613
1.222869
0.8310871
0.7119982
0.7935187
0.5630925
0.6185534
0.6743013
0.6039496
0.6149511
0.5340931
0.5523082
0.6519235
0.6098008
0.7528223
0.6143704
0.7204728
0.4933525
0.7892075
0.6165642
0.5348464
0.6372362
0.7053122
0.6638917
0.7106369
0.7297574
0.6893711
0.6672027
0.5497587
0.5424644
0.6080039
0.6962026
0.9044712
0.6719976
0.5164311
0.6620959
0.6593842
0.583851
0.7383263
0.5589472
0.5505532
0.6129656
0.710823
0.7954368
0.5546639
0.672182
0.7096423
0.661489
0.7513055
0.5905881
0.5452115
0.4349228
0.5905287
0.8338143
0.8120662
0.7893084
0.7265463
0.6625002
0.7779501
0.5389331
0.6978889
0.6079725
0.6400292
0.6340237
0.6509756
0.8608545
0.7819832
0.7999621
0.7984064
0.7541438
0.7008096
0.8087862
0.7304088
0.6744337
0.6208393
0.6760941
0.9284093
0.7089821
0.7132945
0.5693978
0.6328745
0.6477252
0.6222831
0.5656906
0.694931
0.5759832
0.6078286
0.6368898
0.7756688
0.6538748
0.7374016
0.6137621
0.6906391
0.6405798
0.5915567
0.4754371
0.538381
0.4947087
0.66092
0.5891876
0.5943636
0.5900041
0.6327061
0.5071883
0.5782348
0.8053941
0.6491819
0.7027474
0.6053724
0.5049959
0.460669
0.4956558
0.7681957
0.6084129
0.5595999
0.5578837
0.6815305
0.5879917
0.5601965
0.6465205
0.6297093
0.6104745
0.5288721
0.5266426
0.675728
0.6555037
0.7174798
0.5062863
0.5200177
0.86857
0.7474935
0.497993
0.843629
0.583579
0.5034775
0.6037876
0.5722762
0.6291104
0.9858825
0.7661189
0.7280648
0.6956062
0.6135449
0.625991
0.8098712
0.6550671
0.738131
0.7363417
0.6205637
0.5476876
0.6804252
0.4947692
0.6899179
0.6531971
0.6849081
0.6365113
0.8865282
0.4057087
0.6524894
0.8640009
0.9310818
0.8165023
0.5883266
0.6898182
0.6193952
0.5425615
0.6110522
0.7340699
0.7160325
0.6776873
0.4635641
0.5856441
0.5264281
0.6136243
0.591842
0.5945327
0.7029579
0.7552789
0.6347184
0.5851829
0.6503778
0.5726542
0.6720895
0.7637413
0.7676298
0.8942228
0.8469391
0.8065769
0.6701871
0.6362774
0.7113376
0.5202877
0.4590774
0.4931077
0.4904725
0.3866262
0.5202124
0.5488427
0.5350863
0.4246857
0.4678316
0.6118928
0.6220352
0.6207282
0.6966108
0.8102394
0.6137887
0.7444034
0.6488642
0.5691318
0.601159
0.4779509
0.6112772
0.7986571
0.5147237
0.5110338
0.5054099
0.5251581
0.5852991
0.413251
0.6306379
0.6134466
0.5351363
0.5561332
0.5975716
0.5105857
0.5904894
0.5699878
0.5665435
0.5190192
0.4640236
0.5687115
0.5872306
0.7796405
0.6683061
0.689711
0.5919169
0.644902
0.8265607
0.7841929
0.6848029
0.6324615
0.5641674
0.6753778
0.6773604
0.637169
0.5648077
0.4267918
0.6669122
0.6740457
0.5527091
0.6174042
0.8660438
0.8256928
0.9760096
0.8411696
0.7113238
0.6241983
0.8468563
0.640861
0.5642456
0.6915517
0.5968751
0.7573466
0.5576587
0.7399773
0.6014258
0.7266394
0.558332
0.5788369
0.5155155
0.6285835
0.4794483
0.7535034
0.6646306
0.6023963
0.8527779
0.6523418
0.7779339
0.8036466
0.6398772
0.6262463
0.6666426
0.7177547
0.6162937
0.6974369
0.7825663
0.6932492
0.568803
0.5542983
0.6993516
0.833606
0.8070168
0.6788991
0.6774857
0.6285246
0.5524625
0.6599821
0.6637594
0.7213283
0.6425074
0.4475962
0.5848852
0.5494536
0.6909942
0.850324
0.6524994
0.7938603
0.5252145
0.5513598
0.5810089
0.6035741
0.6315896
0.5692718
0.8840754
0.7288376
0.6546773
0.625942
0.5986416
0.5858827
0.8041133
0.5699048
0.5287074
0.6193889
0.5107197
0.5903607
0.9252513
0.771805
0.7335953
1.041714
0.8743169
0.898399
0.8065348
0.7595779
0.5898452
0.7319049
0.5474476
0.7091225
0.579675
0.6163561
0.5451072
0.5969044
0.4976382
0.5910842
0.5649525
0.5827237
0.4505735
0.5446517
0.6665938
0.6437289
0.7435671
0.6289932
0.5593574
0.7056751
0.6084134
0.6150709
0.7436197
0.4009869
0.7857072
0.7024076
0.6255893
0.7221864
0.8836902
0.8329727
0.5076198
0.627672
0.6123982
0.4632696
0.7316187
0.5575424
0.529374
0.6519588
0.7487506
0.6233654
0.6437797
0.6206874
0.4888977
0.6219386
0.6190074
0.5712979
0.6239129
0.5272608
0.673282
0.5390374
0.4995978
0.4720001
0.5547708
0.4934562
0.418438
0.412817
0.5143078
0.7669905
0.7428615
0.7772455
0.7551806
0.7193295
0.6988894
0.684132
0.5162769
0.6232243
0.5936782
0.5832358
0.4889148
0.5545902
0.6145692
0.4668517
0.6079905
0.5992444
0.5202781
0.7359937
0.7512551
0.8331022
0.7228159
0.696564
0.731841
0.6765387
0.6833642
0.5403743
0.6690201
0.9242854
0.8515783
0.5486754
0.6465463
0.5403841
0.5210322
0.5779521
0.4878154
0.5653546
0.4601553
0.635728
0.5271634
0.5270669
0.6498251
0.5051294
0.7615558
0.5015039
0.5023882
0.6499633
0.6575026
0.6598145
0.7165116
0.7097439
0.8340459
0.5462654
0.6781359
0.6629525
0.7495115
0.6704292
0.6369532
0.622247
0.7328017
0.7327944
0.7152704
0.5460781
0.6230361
0.6264283
0.8052354
0.494854
0.6994617
0.5067911
0.7340039
0.8475699
0.8053158
0.6903117
0.7887569
0.607109
0.5535672
0.6698114
0.5402372
0.5018831
0.5408626
0.5295293
0.7094895
0.6399934
0.6423074
0.5405506
0.6130012
0.7175945
0.4830186
0.6210667
0.6165647
0.6000203
0.6312091
0.723681
0.6921017
0.8305221
0.5014009
0.7851119
0.5310259
0.6043024
0.489982
0.5645014
0.6063923
0.710487
0.9230243
0.9461953
0.7949706
0.8016627
0.6179407
0.6081684
0.6916873
0.5963213
0.6479006
0.6341075
0.6620746
0.6368856
0.5598454
0.5761851
0.6765782
0.5893297
0.6346695
0.7482006
0.8360327
0.5871116
0.6268752
0.5606832
0.9320697
0.5901537
0.693348
0.769785
0.7287569
0.5894371
0.7688968
0.7633471
0.5157648
0.798604
0.7819246
0.6608258
0.7674551
0.5676944
0.5999115
0.5497716
0.5234905
0.5897495
0.5186702
0.5368237
0.648074
0.569145
0.6817758
0.7484389
0.6177589
0.6845208
0.6380158
0.5898261
0.6822226
0.6274359
0.6218691
0.7069587
0.6067067
0.6825442
0.6746954
0.8134206
0.6515
0.7210574
0.8550024
0.8681014
0.7518308
0.6950971
0.6395415
0.6034631
0.6295119
0.5337628
0.5029919
0.7008044
0.6899062
0.57661
0.5160537
0.4298504
0.4176488
0.6698616
0.7565326
0.6575919
0.4789467
0.5076747
0.5801605
0.5622016
0.585629
0.742855
0.5830331
0.5147329
0.5785434
0.5067864
0.6389821
0.6594133
0.5989627
0.4653975
0.6045731
0.6894286
0.6091691
0.6607531
0.5398308
0.5401579
0.6209023
0.631095
0.7016323
0.5197222
0.6385112
0.7594032
0.5362428
0.6057213
0.5673457
0.7033501
0.6139114
0.7640675
0.7369043
0.741296
0.7083701
0.8442607
0.7125709
0.4617771
0.5702843
0.5623402
0.7292538
0.438786
0.5541862
0.6095125
0.7731853
0.7838045
0.7499728
0.7042259
0.6562647
0.7399006
0.7390747
0.537433
0.74467
0.7355682
0.6087012
0.6719412
0.7871954
0.5235275
0.6112261
0.4732689
0.5586555
0.7812782
0.5790157
0.6406901
0.8178364
0.4880475
0.6048497
0.903894
0.7598104
0.5737398
0.6028717
0.5470621
0.5863915
0.7602991
0.7572557
0.5635982
0.6372264
0.478325
0.506303
0.5621205
0.5628711
0.5722648
0.5594841
0.6804828
0.7065127
0.5167789
0.6997887
0.5882584
0.7924022
0.7494382
0.6356814
0.8222868
0.6197677
0.7345848
0.6763076
0.554694
0.504118
0.570776
0.6760523
0.6002703
0.5507578
0.5005469
0.5439487
0.673695
0.4793774
0.5645779
0.5893903
0.7812297
0.6614874
0.5488074
0.5725692
0.4493184
0.5060999
0.5412817
0.5203121
0.5729417
0.7099905
0.5808626
0.7621044
0.5686063
0.7722158
0.6579395
0.5532582
0.5047596
0.620806
0.5095382
0.6664084
0.4613625
0.5584149
0.5774305
0.5393593
0.7066528
0.5891967
0.61305
0.7039045
0.6582875
0.7110332
0.7850326
0.486325
0.6143169
0.6840053
0.661873
0.5780152
0.6558892
0.889342
0.9742514
0.6947871
0.7363443
0.6401255
0.5850506
0.7345767
0.6237146
0.4794706
0.4906923
0.5753571
0.6532462
0.5397971
0.6150266
0.7291777
0.677318
0.5713227
0.5716446
0.5125681
0.7624279
0.8349307
0.8082164
0.6497287
0.5183944
0.6941944
0.6519605
0.5298047
0.6633851
0.8101114
0.657972
0.7948231
0.7586914
0.6892161
0.7259727
0.7200938
0.6445127
0.5954605
0.5413287
0.6352788
0.5418223
0.5933532
0.7024618
0.7329747
0.6893497
0.5833586
0.8269476
0.7008035
0.6067336
0.7183427
0.508912
0.5502905
0.7567979
0.7233194
0.5938117
0.5506052
0.5407958
0.6003474
0.4841726
0.6664491
0.5925819
0.5398907
0.5663859
0.499147
0.5990343
0.5144759
0.6281672
0.4754754
0.5104467
0.5820319
0.6281535
0.8281418
0.7911331
0.5680109
0.6310327
0.7175214
0.6596782
0.5713514
0.5628994
0.7997336
0.9152197
0.6624391
0.5561626
0.523575
0.4073603
0.5211605
0.683865
0.5383338
0.7003921
0.9608321
0.8178686
0.6057636
0.5865361
0.5113845
0.5740929
0.6964325
0.5014801
0.6196805
0.7331254
0.492693
0.7194456
0.5400187
0.6233833
0.7115118
0.7103202
0.7250335
0.8648294
0.7523215
0.9477863
0.6774328
0.709632
0.7179637
0.5752368
0.5033612
0.640283
0.6468902
0.5841466
0.6407992
0.6432519
0.7946758
0.8049482
0.8595965
0.8323467
0.844051
0.7301352
0.7157741
0.6571565
0.488075
0.5971909
0.6960994
0.6525677
0.565034
0.6097392
0.6984069
0.6876174
0.6599184
0.690147
0.5074351
0.4547707
0.5092808
0.5987481
0.810955
0.6493519
0.5906153
0.5421901
0.6733411
0.6425149
0.7750533
0.6487159
0.5318042
0.6038506
0.6203149
0.6382314
0.7148598
0.5790258
0.6605961
0.5906059
0.5036445
0.6318817
0.759681
0.5809884
0.5597141
0.6157418
0.6892529
0.8147379
0.634322
0.5166655
0.6180614
0.4871854
0.5876597
0.6094145
0.6831378
0.9309794
0.6987411
0.5934169
0.857749
0.7949765
0.7507496
0.6688103
0.5894485
0.7024913
0.5848363
0.7945522
0.790362
0.6535521
0.7406588
0.5672104
0.6589257
0.4816105
0.5388264
0.6341059
0.5678054
0.6541918
0.7459784
0.5887826
0.4873895
0.4811933
0.5038
0.7319217
0.5402879
0.5569251
0.4652682
0.6478789
0.9157805
0.7207108
0.6878726
0.5816414
0.4799513
0.8019102
0.6115223
0.4764193
0.6061785
0.6150113
0.5133213
0.5107346
0.5245034
0.6896252
0.7551298
0.7348739
0.8789149
0.544227
0.5110183
0.5035906
0.582799
0.8831334
0.6591327
0.4294495
0.5152257
0.5980711
0.5175875
0.615707
0.8076333
0.8126545
0.914771
0.8297386
0.7054699
0.68434
0.6330766
0.6504826
0.6134382
0.6972689
0.5047393
0.5312357
0.5387052
0.8491555
0.8216906
0.9519992
0.6171283
0.6451959
0.5125804
0.4355887
0.7738497
0.840797
0.4035879
0.6242946
0.6160529
0.7661043
0.7026262
0.572497
0.4876521
0.5416667
0.6169808
0.5002037
0.6455365
0.8130505
0.7219768
0.6055877
0.6366767
0.6531209
0.6723412
0.8497763
0.8973284
0.9513428
0.7096996
0.5515924
0.6437127
0.6308002
0.5387812
0.425719
0.459595
0.5263005
0.6079664
0.4081289
0.5842642
0.5573564
0.5855497
0.6751555
0.9238025
1.100367
0.7420704
0.9242143
1.136648
0.7752782
0.7760973
0.7974288
0.8966647
0.6098426
0.4786462
0.7159144
0.6664541
0.594274
0.6071489
0.5809214
0.5545085
0.70234
0.7401996
0.6856021
0.5775598
0.6264194
0.6801567
0.7349018
0.7238543
0.71778
0.5465187
0.6241688
0.6222741
0.5547556
0.5241355
0.7330349
0.7634298
0.5662203
0.6873406
0.5954477
0.5093302
0.7325198
0.7863414
0.5375939
0.5972844
0.5722219
0.5512596
0.5283677
0.6790337
0.5585309
0.5964588
0.6945443
0.8174723
0.6251106
0.5408479
0.5708754
0.5256564
0.6025767
0.708024
0.587728
0.4786946
0.495796
0.5870222
0.8424765
0.7030712
0.6642841
0.758465
0.6657118
0.7296105
0.728305
0.6796318
0.7186555
0.8584137
0.7922333
0.5747585
0.3956877
0.6477566
0.661121
0.6250029
0.8251528
0.6449507
0.5364125
0.5719486
0.7324843
0.5382834
0.5028318
0.5779697
0.3981497
0.5063546
0.5743743
0.6748451
0.618725
0.4373619
0.5031642
0.5851416
0.5180317
0.7907655
0.7126352
0.5457701
0.751979
0.6501238
0.5465479
0.6897257
0.6417467
0.5476716
0.6263945
0.6971669
0.6341652
0.7714561
0.7034818
0.7831218
0.6777769
0.6692242
0.6790296
0.607911
0.5709571
0.5501545
0.4524676
0.4529134
0.4989871
0.672075
0.4987656
0.5404057
0.5705336
0.5169884
0.5557968
0.686438
0.5752522
0.531511
0.5518925
0.9214503
0.7152447
0.8072915
0.7452944
0.6890478
0.8334664
0.6109985
0.5859762
0.5234654
0.6108838
0.6090051
0.6217114
0.678458
0.5819696
0.4826414
0.6209819
0.7997804
0.7269211
0.7506164
0.5252733
0.6176918
0.4638367
0.572478
0.687265
0.6929937
0.6318763
0.5601257
0.522846
0.4821454
0.566469
0.4762853
0.6237192
0.4854979
0.6232884
0.6042925
0.5938338
0.5480521
0.5681597
0.8043561
0.8849554
0.7604746
0.6543863
0.6452969
0.7957166
0.7297667
0.6623111
0.6362873
0.5918558
0.5257372
0.6242876
0.5329379
0.6311843
0.6449257
0.7276269
0.5589084
0.5835964
0.480234
0.529021
0.550442
0.602618
0.6593358
0.5850472
0.5293817
0.6851197
0.8193709
0.8535992
0.7210006
0.7039967
0.5256851
0.5734117
0.6182506
0.6047696
0.5234273
0.8795352
0.7365758
0.4958766
0.734742
0.7189357
0.715079
0.6724941
0.7633259
0.7258
0.5375466
0.6335386
0.6793218
0.5990519
0.5912392
0.6070868
0.7027287
0.7087632
0.7292933
0.9057373
0.9654842
0.7894789
0.5243573
0.7095782
0.6640397
0.8654546
0.7156512
0.700991
0.597609
0.9795045
0.6848985
0.6754586
0.9975012
0.861102
0.5503641
0.6464249
0.7301815
0.5092338
0.462249
0.5135354
0.7079946
0.730432
0.6701736
0.7485363
0.6467873
0.7225695
0.5849413
0.5815862
0.6521418
0.4773744
0.5527935
0.6446966
0.7606034
0.576525
0.4882953
0.6193117
0.4574865
0.491314
0.4281177
0.5688674
0.5471375
0.6176703
0.5777963
0.5558918
0.4778803
0.6244043
0.7222546
0.5965966
0.5276661
0.6982659
0.6976175
0.6154378
0.7019599
0.7572096
0.7630376
0.8886413
0.8300582
0.7027782
0.7005431
0.7655153
0.7544822
0.6806238
0.4702707
0.6544759
0.6327984
0.6342676
0.5657347
0.5582827
0.544352
0.7764074
0.6679568
0.7635114
0.8875951
0.6380714
0.5123908
0.6383742
0.7196811
0.6618702
0.7063347
0.5324483
0.6579309
0.7326154
0.7438891
0.701486
0.7013899
0.5932852
0.6084093
0.6307538
0.4976183
0.5232104
0.7261245
0.5689221
0.563298
0.5761636
0.5959993
0.4845217
0.6054678
0.6036038
0.6194488
0.7434918
0.8319065
0.5964541
0.6489612
0.6000534
0.77407
0.7035128
0.6043065
0.4641235
0.574843
0.6593527
0.67653
0.5735799
0.6720794
0.6588766
0.7249185
0.5715913
0.5443373
0.5044487
0.458216
0.411667
0.6715983
0.6488087
0.6190195
0.7265447
0.6284752
0.8445614
0.8675519
0.5727068
0.8470816
0.6489574
0.5277288
0.666159
0.9193493
0.5960558
0.478853
0.6858933
0.527368
0.6139399
0.7180538
0.6295983
0.77194
0.6178875
0.5826873
0.6399081
0.6706416
0.7363865
0.6499873
0.6817095
0.5716167
0.542845
0.5757604
0.5443675
0.5867979
1.057053
0.7947107
0.6698353
0.4629174
0.503221
0.5804611
0.5691763
0.5099999
0.568797
0.621109
0.7643843
1.044793
0.8374119
0.6692962
0.6869141
0.5796673
0.7582801
0.5548274
0.5104013
0.5633028
0.6824713
0.7691386
0.7321035
0.5601094
0.678871
0.6752309
0.6426235
0.7615456
0.614202
0.6255235
0.6403924
0.6907699
0.7148729
0.6212677
0.8130924
0.6799276
0.7504275
0.6542906
0.6565997
0.6302009
0.8194828
0.5207289
0.5261023
0.6213336
0.532735
0.4946095
0.4906204
0.7171159
0.5873897
0.8501636
0.5541641
0.7363191
0.8589189
0.684633
0.589146
0.4938671
0.5774396
0.4416509
0.5236811
0.671168
0.5357697
0.681281
0.9631066
1.110707
0.7704799
0.4962858
0.5200635
0.4090536
0.6780101
0.6761064
0.511155
0.4093042
0.579932
0.553962
0.5708826
0.6280013
0.6474359
0.8647726
0.7838408
0.632427
0.7327292
0.6301139
0.5335932
0.797551
0.6370674
0.7629083
0.599447
0.6204424
0.6733794
0.5292645
0.4960413
0.8917901
0.7430378
0.84663
0.8095768
0.6296583
0.7342598
0.9360519
0.952228
0.7448299
0.922047
0.8970346
0.8201876
0.5466265
0.6586431
0.6427722
0.5399383
0.6761726
0.725582
0.8034501
0.7120438
0.6946518
0.6504809
0.8220787
0.6068431
0.5233323
0.602982
0.6155343
0.6402626
0.5852277
0.4693255
0.7972408
0.6783276
0.6433168
0.5992771
0.5528548
0.5058544
0.6019231
0.6033304
0.5880422
0.573637
0.5700823
0.6227956
0.4777313
0.5490707
0.559173
0.5537666
0.4477889
0.6017554
0.5842063
0.5265604
0.5809093
0.5187488
0.6402995
0.6780466
0.7414129
0.6326643
0.8126394
0.7938579
0.5593356
0.4544482
0.6732551
0.5527647
0.6503933
0.6535187
0.6125982
0.5478444
0.8418312
0.8099816
0.73881
0.7160732
0.5920017
0.7221744
0.7566998
0.7127484
0.7919618
0.9443264
0.6179309
0.6825907
0.7248799
0.6168327
0.7565859
0.5862079
0.6858759
0.6767228
0.6858118
0.5488716
0.57018
0.7762029
0.5584086
0.5255438
0.4658606
0.5373832
0.543013
0.6547331
0.5407784
0.6314433
0.6801849
0.8393734
0.7044649
0.6308037
0.6513423
0.5584499
0.7645102
0.7883411
0.5693293
0.5610738
0.6246611
0.5269453
0.6718037
0.4922651
0.4351693
0.6527522
0.5540232
0.5228618
0.6613194
0.8855499
0.8228652
0.7998879
0.8225048
0.6459144
0.5324639
0.5485883
0.5120481
0.8916673
0.6536294
0.5744647
0.6115155
0.6665142
0.3957104
0.4579164
0.4943332
0.5208748
0.6813009
0.6258242
0.6209344
0.768568
0.6072273
0.7203345
0.6312385
0.6315871
0.5864311
0.6649104
0.6619886
0.5035087
0.5002486
0.5607449
0.6275296
0.7019359
0.6777729
0.523168
0.5463082
0.5790205
0.6472663
0.7492221
0.7423708
0.5290465
0.5485693
0.5883233
0.6799904
0.4725933
0.7039186
0.5133134
0.6147661
0.6297903
0.5576034
0.7554012
0.697098
0.6021134
0.7563182
0.6317749
0.4311541
0.6879605
0.6532639
0.8281791
0.7901952
0.6962212
0.901757
0.6539448
0.5430929
0.5074207
0.6602643
0.6202906
0.6919506
0.666741
0.4770612
0.6473792
0.5934733
0.579098
0.6052148
0.8588487
0.778639
1.034188
0.7263197
0.6444338
0.5456027
0.5180227
0.5382415
0.4246594
0.4418984
0.5513093
0.5151593
0.4967
0.7594815
0.5602454
0.601745
0.851535
0.6132252
0.5662931
0.5869354
0.6138264
0.7437496
0.5711254
0.6592758
1.080841
1.017386
0.8635427
0.5712851
0.8630811
0.8769041
0.633194
0.6400879
0.6976074
0.7470247
0.509711
0.5015469
0.5024898
0.6243464
0.8617705
0.6716619
0.6706183
0.4994236
0.4722769
0.4580406
0.5896799
0.6342344
0.6280274
0.6167117
0.5702784
0.6904481
0.7082862
0.698432
0.756319
0.576581
0.8546097
0.7029629
0.7946209
0.5094189
0.5339667
0.6259531
0.5185284
0.5587874
0.5783157
0.5559994
0.6052236
0.579819
0.5784879
0.5405872
0.6284362
0.6667233
0.6251774
0.6985457
0.5807175
0.9715598
0.5378204
0.731651
0.7023439
0.6505752
0.6145392
0.5962576
0.5595157
0.4981335
0.7374792
0.6414352
0.5858263
0.5210521
0.491443
0.4788737
0.586028
0.6494566
0.6372077
0.6157652
0.650929
0.5678374
0.7693499
0.5975693
0.601995
0.6565241
0.6414225
0.7917214
0.5955715
0.5870483
0.6546771
0.8740213
0.7418116
0.7590181
0.4395075
0.6257066
0.5101505
0.5938231
0.5452683
0.5679419
0.5933812
0.9142106
0.6851317
0.6767063
0.4962555
0.4877511
0.5895788
0.5904764
0.5057739
0.5970113
0.4671613
0.6930277
0.4948167
0.4576527
0.5953053
0.6433099
0.7648263
0.6993502
0.5625734
0.5161173
0.5109415
0.5967135
0.6486032
0.7681764
0.6950683
0.6374207
0.7407367
0.6926242
0.5942541
0.6226002
0.5842941
0.6653843
0.661163
0.508531
0.4192671
0.4631023
0.5898282
0.8443673
0.7357249
0.6194736
0.5281919
0.7315687
0.9703959
0.9262614
0.5944759
0.4912902
0.4994618
0.5378082
0.7369777
0.7814211
0.559987
0.6582985
0.4884525
0.5425944
0.5892417
0.5711141
0.75778
0.7120634
0.7811771
0.6159536
0.5702786
0.5972165
0.4584037
0.5939852
0.772058
0.801689
0.7076604
0.7949774
0.6666005
0.6099202
0.5710831
0.5846083
0.5215678
0.6776595
0.6357195
0.5797284
0.6739214
0.5575566
1.036861
0.8044796
0.549319
0.5711402
0.7270402
0.5201527
0.7050579
0.6765926
0.6850953
0.5224065
0.7118448
0.5794207
0.5933746
0.6705787
0.5712371
0.564293
0.5993624
0.5961578
0.6244897
0.6725438
0.6276847
0.4664949
0.6605192
0.6877701
0.5563024
0.563494
0.727306
0.7130165
0.8325154
0.6585914
0.597899
0.512833
0.5382299
0.605015
0.6367695
0.5763036
0.6905768
0.6025065
0.5360747
0.6113791
0.6907481
0.8609548
0.9593298
0.7676139
0.7022773
0.6379631
0.5865315
0.4193244
0.5862624
0.6743722
0.6427742
0.6055772
0.8007039
0.8496044
0.6883323
0.6286136
0.884112
0.639364
0.5699808
0.8398205
0.7718082
0.766184
0.695835
0.7102346
0.5966042
0.6127407
0.4701188
0.5775372
0.6823036
0.6414754
0.6483549
0.5418314
0.5092922
0.590133
0.4983565
0.6306754
0.5741817
0.4736077
0.6912839
0.6964742
0.6314809
0.5208433
0.6728621
0.8095036
0.6321548
0.5438641
0.7905324
0.6413451
0.8486501
0.6294083
0.7879323
0.8329098
0.7511174
0.6296283
0.6223057
0.7222312
0.7035607
0.7220152
0.7268205
0.6796431
0.7085135
0.6505495
0.6467739
0.5760982
0.6530323
0.5428701
0.511391
0.5832827
0.6810255
0.6331092
0.7447335
0.8142411
0.8379479
0.8748514
0.5902113
0.6788056
0.4947821
0.668002
0.6234824
0.6222165
0.6957266
0.6300936
0.5098824
0.638907
0.6341032
0.9099245
0.8061299
0.7269956
0.776794
0.6668929
0.5860637
0.5474802
0.7895231
0.6635078
0.5965755
0.5313128
0.6262004
0.5330382
0.4563891
0.7455586
0.5109015
0.5804545
0.4996563
0.5539849
0.5406859
0.5928167
0.8046297
0.8026611
0.728509
0.6974693
0.738386
0.5624533
0.7414914
0.6202013
0.7316739
0.6801204
0.7527521
0.8438656
0.6869582
0.8585803
0.8532862
0.5529642
0.707105
0.519853
0.5120089
0.4278678
0.6049824
0.6125664
0.6330265
0.5101852
0.6708188
0.6233321
0.6371599
0.6367583
0.7604655
0.6085526
0.7851563
0.5892834
0.408115
0.6785378
0.6948066
0.8874512
0.7662583
0.8152807
0.5957395
0.5137136
0.7118548
0.7034363
0.5309618
0.7343998
0.5367305
0.6384255
0.7327037
0.7100448
0.5255944
0.698152
0.5688985
0.5920856
0.5515154
0.825031
0.7174138
1.088853
0.7681395
0.7702185
0.7298791
0.8619227
0.7189301
0.8552678
0.7157718
0.7931828
0.9657026
0.5493654
0.6701825
0.688343
0.5210078
0.567921
0.7702772
0.5991958
0.5301389
0.6554577
0.6977813
0.5302249
0.4092539
0.4373564
0.6277778
0.7327986
0.5587552
0.6564316
0.5943951
0.7478889
0.6418288
0.8002354
0.7016239
0.6325951
0.6618666
0.5439399
0.5134104
0.5986826
0.5382347
0.5443669
0.5730018
0.6484619
0.5084991
0.789385
0.7412224
0.7456798
0.5945127
0.5429975
0.6436961
0.6060461
0.7558804
0.5680281
0.6606064
0.6150852
0.7890547
0.6457437
0.7605214
0.7810068
0.7341819
0.7573622
0.580256
0.5614718
0.63783
0.6835045
0.8580751
0.829201
0.9049875
0.6633758
0.5517748
0.5611319
0.6072808
0.5342423
0.7022875
0.709707
0.8437173
0.6151061
0.65492
0.7253061
0.6354518
0.6440611
0.6673967
0.7128176
0.710116
0.7560052
0.5238425
0.7261965
0.5340601
0.5342336
0.4848732
0.6838726
0.4955797
0.654586
0.6769156
0.5099174
0.5595818
0.5668379
0.5159315
0.5407189
0.570252
0.5434305
0.5728613
0.4938936
0.5295306
0.6487567
0.522126
0.5497935
0.6245677
0.4374469
0.4652252
0.5258221
0.5191786
0.7574735
0.6768715
0.7084448
0.5774122
0.4996568
0.7050456
0.6332355
0.636624
0.4856734
0.600199
0.8811322
0.6579664
0.6111464
0.5446425
0.6026053
0.6887196
0.5816014
0.6485205
0.7226781
0.7027927
0.5435648
0.5946289
0.6415762
0.6080158
0.8637926
0.7519045
0.647785
0.8198978
0.5536522
0.630144
0.6715024
0.6503578
0.721804
0.6957261
0.6029228
0.7480271
0.4653621
0.4922719
0.7188723
0.6040012
0.6623698
0.7262383
0.9330261
0.8611946
0.6231783
0.7113785
0.7678164
0.6828724
0.6568071
0.8150991
0.6980387
0.6427732
0.5587962
0.6813617
0.8309378
0.7442204
0.5811841
0.7296846
0.8745554
0.7258194
0.6852597
0.6927697
0.6546901
0.6200648
0.6076798
0.5474418
0.549283
0.5387911
0.6026467
0.5934131
0.5511209
0.6151579
0.6662677
0.6739072
0.5566841
0.5608104
0.6660421
0.5992647
0.5633946
0.635126
0.7061444
0.8159953
0.6505096
0.6328867
0.6758207
0.6310236
0.7252151
0.6227747
0.6547438
0.8305623
0.6997709
0.8045615
0.7097274
0.576309
0.5761487
0.5072802
0.5944353
0.7230391
0.6260543
0.4976856
0.6688159
0.5782618
0.7966106
0.7164716
0.4684541
0.5643424
0.6896311
0.7935426
0.7690549
0.6655636
0.6433192
0.6723931
0.6792433
0.733538
0.6273782
0.6757573
0.6962806
0.6741427
0.7942716
0.6463934
0.5420594
0.4918447
0.7722481
0.6259055
0.7017405
0.6014601
0.5141977
0.6225635
0.6951775
0.5430028
0.4944713
0.5065922
0.5184164
0.4371543
0.5700359
0.5082583
0.6157064
0.5135471
0.7280879
0.5039001
0.513075
0.6353354
0.6640828
0.5340632
0.6872773
0.5799691
0.5958529
0.5414557
0.4753746
0.5636145
0.5849267
0.7613377
0.8145914
0.5979457
0.7203153
0.9297443
0.8610717
0.5515718
0.4812787
0.4674882
0.5339047
0.5745211
0.4827052
0.5012205
0.6280218
0.5216919
0.4532377
0.6849761
0.6019681
0.6285224
0.5957866
0.743835
0.7354122
0.716904
0.4600376
0.548102
0.6661876
0.5590963
0.5216628
0.519839
0.4915623
0.5501927
0.7645402
0.9131777
0.4385037
0.5803515
0.651043
0.7328255
0.6537838
0.6285385
0.6193191
0.7484559
0.5205187
0.7038168
0.8267306
0.7449678
0.7089794
0.5531719
0.4797738
0.5506405
0.4880519
0.6843314
0.7240562
0.3968128
0.5789359
0.5653721
0.571882
0.6292702
0.4919063
0.7163188
0.6210637
0.8784109
0.7248213
0.6790194
0.6051699
0.6522524
0.6338592
0.711892
0.5878007
0.6036804
0.483686
0.5389527
0.5975941
0.7988865
0.6903415
0.7261317
0.5515535
0.5161441
0.6658287
0.6755992
0.5836254
0.5439818
0.4720239
0.6826728
0.736397
0.6124926
0.6447241
0.7067612
0.6222629
0.617558
0.5160878
0.6941501
0.7123075
