0.007828258
0.01118736
0.01291479
0.01682326
0.01864022
0.0158306
0.02350414
0.02158462
0.02034139
0.02128692
0.0249236
0.03953317
0.02649459
0.02692004
0.03048215
0.02539212
0.02877601
0.02751735
0.0250009
0.0234935
0.01938641
0.02836965
0.0261247
0.02611873
0.02267849
0.0293448
0.03851822
0.02439527
0.02552901
0.02372751
0.02554182
0.01970107
0.01821941
0.01396773
0.01637243
0.02171549
0.02180746
0.02132866
0.02385432
0.02065405
0.02012395
0.01514369
0.0147523
0.01905901
0.01986359
0.02688969
0.02437468
0.02763413
0.02439445
0.0322849
0.02122232
0.01623244
0.01581023
0.01968918
0.02049109
0.02173297
0.0245633
0.02168676
0.0174868
0.02133033
0.02925351
0.02738177
0.02538363
0.02588099
0.02132063
0.0260676
0.04053484
0.03101968
0.02703431
0.0364514
0.02261745
0.02250035
0.02260919
0.020664
0.01650719
0.01719862
0.02048444
0.02057212
0.02065303
0.01866817
0.01636419
0.01427156
0.01097583
0.01477976
0.01166263
0.009156486
0.009450784
0.009051016
0.008641497
0.009609479
0.009645544
0.007540622
0.006737605
0.007832414
0.008243403
0.007642344
0.01467445
0.02433401
0.02148668
0.02599992
0.02283555
0.01589068
0.02121748
0.0167695
0.01943492
0.0169917
0.02408854
0.02022761
0.01463032
0.01677351
0.02220225
0.02156186
0.0183478
0.02176105
0.01979898
0.02553144
0.02291384
0.013453
0.02022264
0.02280906
0.02271246
0.02326082
0.01960589
0.02235583
0.02388985
0.02562897
0.02912499
0.0276482
0.03097796
0.03436376
0.02245904
0.02282364
0.02368626
0.02495778
0.01573906
0.01699593
0.01622074
0.01948192
0.01981869
0.03081753
0.02868731
0.03334381
0.03508355
0.02104139
0.03079467
0.02711645
0.02282292
0.03097928
0.0298702
0.02466173
0.03794064
0.0353767
0.02750269
0.02063255
0.0147297
0.01465652
0.01550978
0.0122527
0.02094708
0.02156254
0.02258028
0.02122435
0.01855981
0.02002238
0.02827889
0.03419755
0.02822689
0.01792991
0.02297573
0.02772281
0.02883976
0.02773179
0.03162415
0.03158246
0.02657088
0.03192744
0.03257273
0.02968221
0.02332152
0.0150745
0.0228365
0.02198626
0.01990728
0.020972
0.01778687
0.01594323
0.01179872
0.008876019
0.01428816
0.01931909
0.01576185
0.02299082
0.02862016
0.0301758
0.02575789
0.02705778
0.03148073
0.03189174
0.02075656
0.02338272
0.02588094
0.02064663
0.02344233
0.02547472
0.02997901
0.03230898
0.0225741
0.02376315
0.02975069
0.02309594
0.01760064
0.01810048
0.02162997
0.02089206
0.029358
0.01691811
0.01320489
0.01305481
0.02001943
0.02026569
0.01877811
0.0174416
0.01864096
0.01273451
0.01681045
0.01976627
0.02423415
0.03167839
0.02583557
0.02649738
0.0206052
0.02111879
0.01516397
0.01708178
0.01701645
0.02518936
0.0227184
0.02593496
0.02135126
0.02683954
0.03146672
0.02801363
0.02678764
0.01817403
0.0150088
0.02385446
0.0187718
0.02358528
0.02162568
0.03034708
0.0310069
0.0348384
0.03530856
0.03803152
0.02359271
0.02916199
0.02810028
0.02823912
0.03784135
0.02721119
0.02558155
0.03312386
0.03655908
0.02412304
0.02253125
0.03255171
0.0394972
0.02513099
0.02219134
0.02182361
0.02175445
0.02404052
0.02213738
0.02107822
0.02631983
0.02834447
0.01906863
0.02228624
0.02538366
0.02292227
0.02382615
0.02601528
0.02623018
0.03100498
0.02918397
0.02410338
0.02348795
0.02715498
0.02212389
0.01745211
0.01929554
0.02551383
0.02182609
0.02490239
0.01885778
0.01696121
0.02213518
0.0131401
0.0186675
0.02116765
0.01804826
0.01789487
0.02024194
0.02560672
0.013872
0.02097468
0.0258179
0.022505
0.02428511
0.02924996
0.02859938
0.03259824
0.01874446
0.01771061
0.02520754
0.02208421
0.02508732
0.03069114
0.02601031
0.03534036
0.03072423
0.01796896
0.02029159
0.01406913
0.01533347
0.01145897
0.0140029
0.02190393
0.01683607
0.01772799
0.0188017
0.02312314
0.02182839
0.01896658
0.02053862
0.02180765
0.01965056
0.02323882
0.02255802
0.01856833
0.01372774
0.015914
0.01626333
0.01690322
0.01520028
0.02528747
0.026836
0.02738861
0.0265682
0.02297005
0.02245275
0.02083712
0.01737512
0.02818191
0.03163357
0.02706825
0.02573191
0.02293124
0.01690197
0.01874106
0.02007262
0.01616318
0.02276629
0.02254801
0.01972342
0.02352129
0.02657067
0.02522806
0.02371161
0.02428173
0.02014011
0.02142679
0.02050754
0.02745902
0.01928046
0.02726824
0.02333558
0.02147982
0.02175287
0.02352922
0.01997342
0.02130544
0.02257396
0.02557786
0.01932351
0.02165591
0.01596151
0.01418142
0.01530688
0.01884011
0.01468526
0.01253521
0.01387478
0.01445005
0.013001
0.01795394
0.02862887
0.02056734
0.02365448
0.0166921
0.01503583
0.01932496
0.02227308
0.02407886
0.02632832
0.02283573
0.02341401
0.02327223
0.01323612
0.01533239
0.01896826
0.01995158
0.02921193
0.02368659
0.02626468
0.02437224
0.01597372
0.01373807
0.02134247
0.01812522
0.01709796
0.0212299
0.02523481
0.02308144
0.02000185
0.02060291
0.01456971
0.01796357
0.02127758
0.02437247
0.02405872
0.01573175
0.01989443
0.01641601
0.02194019
0.01570434
0.0155814
0.01506392
0.02168915
0.02232114
0.01389577
0.01703499
0.02336242
0.03072906
0.02598328
0.02420606
0.03570701
0.0166979
0.01516266
0.0128078
0.01706034
0.01355461
0.01634587
0.01961553
0.02280177
0.027607
0.02825932
0.02332938
0.02624214
0.01624712
0.01888689
0.02942565
0.02410209
0.03591659
0.03329439
0.02133774
0.02373509
0.02542235
0.01918055
0.01653004
0.02222266
0.01518311
0.01606753
0.01500248
0.01909903
0.02015497
0.01655561
0.01653539
0.01751245
0.01653906
0.01339577
0.01277036
0.01197674
0.02692447
0.01681765
0.01063099
0.01332638
0.01208488
0.01088055
0.01606333
0.02188228
0.03431393
0.01783515
0.02378992
0.02124988
0.02250072
0.02292713
0.02431149
0.02354959
0.02690068
0.02960526
0.02555709
0.02071197
0.01495132
0.01476593
0.01816396
0.01532022
0.02179924
0.02829606
0.02992202
0.02424512
0.02119193
0.01813471
0.01567328
0.01401325
0.01402825
0.01415812
0.01932681
0.02393143
0.02302667
0.02860513
0.02054785
0.01428089
0.01746968
0.02036437
0.02115151
0.01421986
0.01209573
0.01644284
0.01924266
0.02518861
0.02701241
0.0281942
0.03149435
0.02928722
0.0270224
0.0240338
0.01972075
0.02345237
0.02375242
0.02099647
0.01823061
0.01932686
0.02386232
0.02279798
0.02890189
0.02568734
0.02191096
0.02507237
0.01908228
0.0166638
0.0203653
0.01765505
0.02368776
0.02398811
0.02955219
0.02952863
0.02843698
0.02021363
0.02111234
0.02547705
0.02721977
0.01664469
0.01240015
0.01575315
0.01736307
0.02260373
0.03339312
0.0266915
0.02427028
0.01956802
0.02039842
0.01607387
0.02466245
0.03559579
0.02978712
0.02779507
0.02416063
0.02979741
0.02976275
0.02550417
0.02574297
0.03099181
0.04295056
0.02849069
0.02141145
0.01536439
0.01937377
0.0239247
0.02146249
0.0151593
0.02066995
0.03025184
0.01866585
0.01585897
0.01052917
0.01155925
0.01616078
0.01445647
0.01533247
0.01420886
0.02666306
0.02047054
0.02451643
0.02699557
0.01936153
0.0244667
0.02265714
0.01761948
0.02045839
0.01584015
0.01639386
0.01639528
0.0195663
0.01635138
0.02182164
0.01775492
0.01871036
0.01761542
0.02002179
0.01709742
0.01505945
0.01367287
0.01256416
0.01280226
0.01170003
0.01540741
0.0155215
0.01242356
0.009215655
0.01051507
0.0111087
0.01458584
0.01754681
0.01470079
0.01624126
0.02120306
0.02405316
0.0182548
0.01951794
0.0230052
0.02453652
0.03611132
0.03555066
0.02898069
0.02404541
0.0166958
0.02856389
0.03540186
0.02604905
0.02233677
0.02582611
0.0350444
0.03250323
0.03799269
0.04026969
0.02911522
0.01922601
0.0217273
0.01591205
0.01660108
0.02247275
0.02182684
0.02260019
0.02578651
0.02936564
0.02451199
0.020198
0.02325613
0.03171061
0.02717008
0.0293713
0.03016073
0.01883429
0.01982882
0.02336327
0.02384069
0.02988304
0.03495766
0.02255309
0.02638742
0.02237946
0.0147109
0.01553789
0.0174972
0.01851027
0.02470689
0.02820544
0.02271738
0.01986117
0.02983355
0.01940842
0.01789202
0.0189642
0.02315996
0.02213166
0.02145373
0.02284794
0.02138247
0.02710646
0.03585488
0.02951972
0.02651297
0.02171719
0.02237726
0.02476555
0.02372618
0.02490405
0.01980352
0.02663303
0.01922482
0.02541351
0.02045585
0.03109846
0.02362566
0.02643574
0.02525769
0.03285707
0.03584627
0.0338539
0.02147877
0.02182196
0.01591209
0.01683813
0.03040671
0.03592849
0.02464688
0.01908136
0.02536306
0.02679994
0.02562311
0.03022039
0.03018476
0.02513232
0.02889444
0.03304787
0.02665398
0.02144824
0.03862858
0.0224675
0.01794866
0.02736293
0.027914
0.02660565
0.02882349
0.0208938
0.02075796
0.02984203
0.02447433
0.03338615
0.02171289
0.01609671
0.0154968
0.01445347
0.01538404
0.01725754
0.01887134
0.01599456
0.01467949
0.02242769
0.02036575
0.02407071
0.02146383
0.02727702
0.02714897
0.02707246
0.02200183
0.02022739
0.02715929
0.02667454
0.02865046
0.03171637
0.02245479
0.01951037
0.03255506
0.02665949
0.02477778
0.02143305
0.01733022
0.01629857
0.01821722
0.01994988
0.01487291
0.0195943
0.02387901
0.02577587
0.01887805
0.02006008
0.02653433
0.02101734
0.02579731
0.03118181
0.02862416
0.03424625
0.04127748
0.04457319
0.03205052
0.02774397
0.03125646
0.02309926
0.01889765
0.02299167
0.02474748
0.02429578
0.03702419
0.02548215
0.03023469
0.02505738
0.04134382
0.04139716
0.03325651
0.02613094
0.03305715
0.03213433
0.02330471
0.01982697
0.02213313
0.02471092
0.02785582
0.01560765
0.01486109
0.01377621
0.01608772
0.01529556
0.01782165
0.02028914
0.02479474
0.02235009
0.02524414
0.02499149
0.02286023
0.02182682
0.0292726
0.03310987
0.02837192
0.01915773
0.02520398
0.02333014
0.02745647
0.025887
0.02927747
0.02724782
0.03240457
0.02861643
0.02029567
0.01862931
0.01380905
0.01743026
0.02202832
0.02592267
0.02336264
0.01754313
0.01784878
0.01861122
0.02219884
0.02082063
0.01569679
0.01836353
0.01874122
0.02097955
0.01630667
0.01681923
0.02225667
0.02051582
0.01927363
0.01837222
0.01610784
0.01275396
0.01496893
0.01598014
0.02074345
0.02530374
0.02235936
0.02842563
0.02338098
0.02715605
0.02160141
0.01790438
0.01635102
0.01614487
0.02101103
0.02213756
0.0301644
0.02774761
0.03007468
0.02307804
0.02530057
0.02694154
0.02327424
0.01801508
0.01486258
0.01238043
0.01638033
0.02197555
0.02278061
0.03111881
0.03814149
0.02741459
0.02507587
0.03214418
0.02334162
0.01774778
0.01936933
0.01870789
0.01933046
0.01960931
0.03082236
0.02435956
0.02237913
0.01587249
0.02179108
0.02174728
0.02066555
0.0198001
0.02012832
0.02045934
0.01850285
0.02221099
0.02151193
0.02779751
0.03731816
0.03448389
0.02984305
0.02508369
0.02165128
0.02784641
0.01373088
0.02038766
0.02159858
0.02359183
0.02755485
0.03179084
0.02914697
0.0378028
0.03460299
0.02649579
0.03434102
0.02484742
0.01798109
0.01924894
0.01675326
0.02228292
0.02560099
0.02880533
0.03563117
0.03761669
0.03249097
0.03247793
0.03645254
0.03292116
0.02808085
0.02250425
0.0224254
0.02382831
0.02455959
0.02367305
0.02256712
0.02155758
0.01810793
0.02206388
0.02799272
0.02384894
0.01995974
0.02058998
0.02118992
0.01700358
0.02394768
0.01620002
0.02253181
0.02204005
0.01848377
0.01590263
0.01224946
0.01073742
0.0136795
0.01567936
0.01498872
0.01269832
0.01744466
0.02001517
0.02148541
0.0195672
0.02280702
0.01615807
0.01450279
0.01492178
0.01285551
0.01370289
0.01469798
0.01896424
0.01442207
0.01435924
0.01563972
0.01582492
0.01645162
0.01734814
0.02309937
0.01790333
0.01218046
0.01862416
0.02043985
0.01750615
0.01907092
0.02627195
0.02132547
0.02526235
0.02184026
0.02120379
0.02473782
0.02216695
0.02089329
0.01920775
0.02385253
0.02232149
0.02113895
0.0242494
0.01815477
0.02227761
0.02538007
0.01933919
0.01932883
0.02531229
0.02895156
0.03644721
0.02981601
0.02441927
0.02520395
0.02002097
0.01610534
0.01793337
0.01085326
0.01452497
0.01726671
0.02253281
0.01394469
0.02079151
0.02087975
0.02130839
0.01963826
0.02001166
0.02811518
0.03340916
0.0342229
0.03465238
0.03095878
0.019629
0.02201575
0.02235934
0.02378429
0.02663689
0.02544864
0.02286465
0.0213081
0.02606402
0.02434676
0.02847995
0.02411647
0.01824563
0.01703561
0.02160533
0.02632522
0.01786427
0.02212782
0.01543375
0.01881125
0.01763025
0.02101221
0.02593961
0.02039464
0.02610438
0.02166852
0.02036346
0.02330259
0.02479973
0.02506087
0.0202901
0.02501594
0.02892399
0.02585003
0.01859112
0.0213446
0.01990108
0.01800374
0.0133276
0.01573774
0.02381634
0.01853618
0.01706327
0.01722768
0.01896858
0.01615612
0.01806944
0.02353455
0.02079504
0.01994056
0.01568327
0.01653448
0.02900136
0.01992417
0.02174602
0.02505596
0.02581876
0.01829646
0.02208448
0.01672677
0.01529392
0.01202342
0.01959561
0.02391928
0.01665957
0.01688384
0.01818704
0.02437287
0.02449985
0.02580912
0.02738771
0.02667357
0.03527133
0.03282021
0.02933268
0.02711825
0.02310532
0.02236363
0.01772246
0.0156398
0.01727451
0.02204589
0.01607319
0.01619246
0.01585318
0.01972763
0.0202736
0.01811748
0.01447734
0.0173458
0.02333862
0.02083915
0.01670036
0.02017513
0.02248243
0.01926619
0.02146362
0.02125285
0.02662062
0.02404989
0.01586721
0.01786273
0.02056548
0.01517816
0.01180151
0.01929795
0.01905851
0.02074271
0.02296928
0.01884859
0.02493885
0.02582967
0.03010982
0.03255967
0.03049578
0.0314377
0.03210668
0.02464998
0.02530101
0.03021871
0.02938079
0.02592262
0.02418405
0.02280639
0.027481
0.02195545
0.02212975
0.02169527
0.02249748
0.02539887
0.02710005
0.02822397
0.02336183
0.02546295
0.02870892
0.01941152
0.02269175
0.01662458
0.0116295
0.01092874
0.01082835
0.01187568
0.01146456
0.01696735
0.02020808
0.01734892
0.0165448
0.01585284
0.02152077
0.02405234
0.03067626
0.02673109
0.0385702
0.03534036
0.03747263
0.02999004
0.02865667
0.02507395
0.02489044
0.02848822
0.0330358
0.02890204
0.02517076
0.02517234
0.02115386
0.0217706
0.02059107
0.02112205
0.01276762
0.01409556
0.01565246
0.0250973
0.02104756
0.01895182
0.02231398
0.03041623
0.02547583
0.0246712
0.02230771
0.0184452
0.03269409
0.02138422
0.01843271
0.02451326
0.02403094
0.0233743
0.02899097
0.03380865
0.03266284
0.02133103
0.01931244
0.02348678
0.02729682
0.01861912
0.01850501
0.01834857
0.0202386
0.01545893
0.01597413
0.01913813
0.01982812
0.02622754
0.02165852
0.01885376
0.01748658
0.02110405
0.02636866
0.02810301
0.02622807
0.0240104
0.02558924
0.01904807
0.01697581
0.01603978
0.01915818
0.02314941
0.01858759
0.02529947
0.02476319
0.02563571
0.02308666
0.02297752
0.03463274
0.03795497
0.04086906
0.02326635
0.02584238
0.02383892
0.02114439
0.01951551
0.02542142
0.01991127
0.02667772
0.02952281
0.02514401
0.02849215
0.02724277
0.02692731
0.03145378
0.02286732
0.01813827
0.02016324
0.01711537
0.02076485
0.01580615
0.0152286
0.0153389
0.01322803
0.01340158
0.01384879
0.01428531
0.0164296
0.01414107
0.01315417
0.01859359
0.02812567
0.02668146
0.02458337
0.02909247
0.02477823
0.02430787
0.02344083
0.02631942
0.0215758
0.02615493
0.02603541
0.02408346
0.02174502
0.02416536
0.01779953
0.02160914
0.02222693
0.02119146
0.02317614
0.01980848
0.01257352
0.01183703
0.01382937
0.01546152
0.0211239
0.02033685
0.02443537
0.02697148
0.02344497
0.02865846
0.02912711
0.03369952
0.02897594
0.03241241
0.04143867
0.03299864
0.02508683
0.0162483
0.0104738
0.01537688
0.01751078
0.01974704
0.01568354
0.01371338
0.01537259
0.01563536
0.01811568
0.01472826
0.02257247
0.02292676
0.02793439
0.02855862
0.02178817
0.02465758
0.01976354
0.02460554
0.01814042
0.01905383
0.02973832
0.02238147
0.02092292
0.0234107
0.02006434
0.02057041
0.01760915
0.0231925
0.01916935
0.02419042
0.02288133
0.02037566
0.01966116
0.02622819
0.02890645
0.02466805
0.02594405
0.01999434
0.02220538
0.02232201
0.01581393
0.01246779
0.01464738
0.02329555
0.0184135
0.02111946
0.01644972
0.01979034
0.02037235
0.01771632
0.01427089
0.01435614
0.01667987
0.02136699
0.01892505
0.02370952
0.02882437
0.02872466
0.02862407
0.03038759
0.04051533
0.02750865
0.02563892
0.02648879
0.02795422
0.02551093
0.02681707
0.02870718
0.02800941
0.02662324
0.03181543
0.02714176
0.02072325
0.01967219
0.01393346
0.01846413
0.02219081
0.02067396
0.02061882
0.02495765
0.02647813
0.02288519
0.02149019
0.01890285
0.01697737
0.0169236
0.01565008
0.02002807
0.02248118
0.02148444
0.02465465
0.02007478
0.02258783
0.02703508
0.02930337
0.0291606
0.03864004
0.03504138
0.04729346
0.03581828
0.02532089
0.01700706
0.02071564
0.02506153
0.02001081
0.02118835
0.02554921
0.02708665
0.022638
0.02514548
0.02763477
0.0316255
0.03037508
0.03109179
0.0292327
0.0247779
0.02429434
0.01998115
0.02037585
0.02040801
0.02161463
0.0137086
0.01196906
0.01222917
0.01328683
0.01276357
0.01507177
0.01335603
0.01648438
0.01564655
0.01908648
0.01503982
0.01799318
0.01532204
0.01179623
0.01522297
0.03010108
0.02395664
0.02732218
0.03064571
0.02201676
0.0188205
0.02275553
0.03811679
0.03500803
0.02865123
0.02219479
0.02072398
0.02025369
0.02108812
0.02016707
0.02205481
0.01700707
0.0221097
0.02045588
0.02266153
0.02302989
0.01933728
0.01546616
0.01756754
0.02591098
0.01938299
0.01669157
0.02285273
0.02981924
0.01984734
0.02762216
0.02648114
0.01750019
0.01723521
0.02115037
0.02592931
0.03367602
0.02993984
0.02166805
0.02221895
0.02029389
0.02548007
0.02362063
0.01501896
0.01297369
0.01686659
0.02026997
0.02271883
0.02665663
0.02903686
0.0242033
0.01868918
0.02659597
0.02433725
0.02569122
0.02881987
0.03425034
0.02809067
0.03244827
0.02910678
0.02721256
0.03100653
0.03866648
0.0339147
0.03168705
0.03615445
0.03025813
0.03273766
0.02658458
0.02862489
0.02076528
0.02697507
0.0362283
0.03521258
0.03114995
0.02657826
0.02795417
0.03102735
0.03350117
0.03255876
0.03228153
0.02284167
0.02048271
0.02551113
0.02620817
0.01668546
0.0201402
0.0260709
0.03690129
0.02448029
0.02444629
0.02413564
0.02912375
0.02308319
0.02331317
0.01781526
0.01689339
0.0131516
0.0150658
0.02466981
0.02539226
0.02568507
0.02409914
0.03184383
0.03165906
0.0266135
0.02353989
0.03169346
0.03030353
0.0241765
0.03213003
0.02631593
0.01494899
0.01471443
0.01275937
0.0116194
0.01340765
0.01766696
0.02159723
0.01596687
0.0166098
0.02022444
0.01967805
0.0224597
0.02515072
0.03474123
0.02777038
0.02361207
0.02153882
0.01837121
0.02574094
0.02586844
0.02135908
0.02068418
0.02223881
0.01963016
0.02435835
0.01857672
0.01716078
0.01269341
0.01311245
0.01313426
0.01357475
0.02045059
0.02216764
0.024557
0.02781694
0.03450193
0.03729684
0.03325866
0.02998421
0.02561618
0.03133215
0.02958145
0.03548393
0.03504291
0.02755658
0.03106607
0.03051304
0.0262797
0.03109386
0.02431148
0.03608239
0.02778416
0.02687724
0.02476477
0.01866054
0.01952838
0.02535008
0.01403059
0.0163437
0.01993299
0.02780871
0.02717762
0.02189564
0.02577536
0.02818216
0.02767879
0.02344634
0.02276725
0.02475739
0.02019944
0.01548426
0.02525536
0.0214835
0.02648488
0.0286395
0.03141664
0.02352369
0.02725424
0.02764456
0.02274771
0.03222166
0.02460513
0.01861806
0.02088819
0.02174505
0.01707841
0.01453057
0.01824558
0.02062381
0.0283667
0.02203116
0.01880176
0.02343986
0.02121195
0.02454617
0.02222723
0.0248025
0.0274271
0.03165241
0.02565154
0.02910095
0.03340463
0.0314524
0.02399761
0.01821583
0.02565373
0.02635766
0.02930675
0.02512172
0.03755526
0.02907823
0.02102136
0.02033906
0.01369624
0.01205321
0.0143158
0.02814809
0.03100175
0.0256285
0.02129867
0.02676176
0.02200379
0.01390085
0.01459517
0.02970495
0.0260872
0.03162593
0.03315749
0.0260268
0.01893164
0.01987757
0.01837919
0.01913128
0.01776594
0.01965982
0.02079745
0.01801526
0.02316509
0.01554469
0.01573468
0.01365145
0.01735923
0.01833541
0.01940222
0.02206696
0.02684552
0.01990226
0.02283769
0.02794286
0.03461782
0.01747604
0.02407965
0.02132422
0.02181987
0.01449049
0.01522903
0.02003399
0.02156067
0.02951895
0.03534133
0.02334229
0.02558878
0.03098393
0.03629968
0.02836356
0.03239089
0.03688616
0.03630349
0.02255729
0.02114771
0.02562133
0.02044899
0.01573856
0.02089303
0.02272725
0.02324971
0.02467848
0.02076056
0.02570583
0.02142081
0.02553171
0.03225502
0.03080381
0.03267228
0.03080114
0.02009473
0.02215109
0.02422624
0.01826227
0.0215545
0.02204898
0.02146123
0.02220953
0.02164325
0.0255006
0.0232794
0.02437676
0.0239235
0.02154498
0.01866327
0.02433154
0.02682275
0.02723484
0.03321183
0.02983686
0.02428167
0.01982958
0.02495601
0.03003851
0.03414289
0.03419072
0.02958679
0.01942938
0.02076974
0.02162476
0.01696966
0.01244972
0.01421494
0.01596693
0.02193565
0.02481713
0.02577865
0.02215652
0.02131008
0.0252866
0.02826053
0.03088865
0.02045406
0.01221665
0.02152525
0.02138525
0.01687045
0.02379274
0.02574466
0.02501485
0.02182235
0.02502422
0.02276865
0.01854389
0.0145261
0.02053045
0.0178128
0.01946853
0.01815551
0.02300498
0.02386107
0.01769204
0.01925582
0.02280516
0.02809181
0.02775545
0.03574352
0.03366097
0.02730673
0.03005902
0.02160876
0.01679188
0.01358969
0.01005679
0.01359001
0.01699607
0.01647092
0.01833977
0.01579717
0.02154459
0.0188072
0.02147963
0.01862325
0.02997908
0.03324294
0.02382992
0.02388957
0.02035039
0.02303551
0.02997603
0.02814628
0.02416726
0.02535821
0.01837582
0.01351312
0.01868234
0.01830748
0.01179734
0.01679443
0.01525061
0.01777241
0.01970654
0.024364
0.02954186
0.02351623
0.02240727
0.02454146
0.03361638
0.03323029
0.03345069
0.03726732
0.04033865
0.04253916
0.02613404
0.02164801
0.03546856
0.03050742
0.03216901
0.02545682
0.0203992
0.01898859
0.01959574
0.02017857
0.01728313
0.02003813
0.02473132
0.0216986
0.02135034
0.02259843
0.02851595
0.02635269
0.0338633
0.02538011
0.02850357
0.03610261
0.03151784
0.03141228
0.02055348
0.02230879
0.02667192
0.02102484
0.022031
0.01717015
0.01538056
0.01626972
0.01373815
0.01035926
0.01264747
0.01117523
0.02007732
0.01820216
0.02205844
0.02287502
0.03135024
0.02150154
0.02702979
0.02264037
0.02728284
0.02805399
0.02060784
0.02186945
0.01501431
0.01602159
0.01504792
0.01723254
0.01689516
0.01773656
0.02062653
0.01488012
0.01660138
0.01445039
0.02230633
0.01666976
0.01670651
0.01812293
0.01820544
0.02294351
0.02354251
0.02005537
0.02919156
0.03052567
0.01801423
0.01814952
0.0196677
0.02584563
0.03223194
0.01972596
0.01580887
0.01438238
0.01878052
0.0265735
0.03003367
0.03057343
0.02337626
0.02225884
0.02218107
0.02280825
0.02812832
0.02672073
0.02249931
0.02416456
0.02141767
0.02490529
0.02040369
0.01940627
0.03897456
0.02471816
0.01990456
0.01929393
0.01915749
0.01709705
0.01691419
0.01643081
0.01334181
0.01751173
0.02977123
0.02012392
0.02070696
0.02698167
0.02697455
0.03441643
0.02255516
0.02400984
0.03454042
0.0262938
0.02634409
0.02257674
0.02411829
0.02511179
0.02514972
0.03346801
0.03791161
0.02918938
0.02487436
0.03243731
0.02656096
0.0296458
0.0238609
0.01800213
0.02275469
0.02662881
0.01529007
0.01873145
0.02268528
0.02517789
0.02774578
0.02124197
0.02533114
0.02307962
0.02535508
0.03037997
0.02547114
0.03361727
0.03080398
0.0345408
0.03890236
0.02987827
0.03253675
0.03421378
0.02421215
0.02729229
0.01790533
0.01729641
0.01574998
0.0194677
0.02236299
0.02725027
0.02554439
0.01794242
0.0246648
0.01843677
0.02190179
0.02255388
0.02325959
0.02820985
0.02275947
0.0193897
0.01864237
0.01883393
0.02135255
0.02350912
0.02377534
0.02768726
0.02824848
0.02879688
0.03051197
0.02556928
0.02739638
0.01999463
0.02557018
0.02181329
0.02384832
0.02481645
0.02665735
0.02573757
0.02109846
0.01434554
0.0216562
0.02186355
0.02055468
0.01830248
0.01278864
0.01755091
0.01948418
0.02074094
0.02004894
0.02178285
0.02207904
0.02499144
0.02236793
0.02263364
0.02286467
0.0243048
0.03269613
0.02383612
0.02844346
0.02229465
0.02316256
0.02041925
0.03247415
0.02033799
0.01752496
0.0195642
0.02152448
0.02215642
0.02011973
0.02746199
0.02434317
0.0182128
0.03405684
0.02238994
0.02590719
0.03408255
0.03706603
0.03525893
0.02962277
0.03088701
0.02579813
0.0192357
0.0164117
0.01727291
0.02120317
0.02338849
0.02997224
0.02454299
0.02920885
0.02983752
0.0248242
0.03022608
0.0246086
0.02436984
0.01657033
0.01458594
0.01833843
0.01795975
0.02228004
0.02145574
0.02911489
0.03147198
0.02820801
0.02576219
0.02541669
0.03027698
0.02823472
0.03407706
0.02790233
0.03081094
0.03331367
0.02231158
0.01970701
0.01513252
0.01818673
0.02004671
0.02052705
0.02288828
0.01628705
0.01993064
0.01772599
0.0218262
0.01980193
0.02303437
0.02225666
0.02269222
0.02330662
0.02288217
0.02407124
0.01996066
0.01863882
0.02040702
0.02126664
0.01894188
0.02214495
0.01875332
0.015902
0.01705657
0.0213404
0.02107977
0.02126835
0.02688726
0.02547907
0.02840727
0.02894809
0.02826426
0.02902888
0.02408749
0.01684291
0.02212523
0.01810632
0.02537407
0.0272583
0.02165723
0.01685411
0.02997678
0.02512617
0.01752068
0.0188572
0.02075218
0.02075638
0.01803265
0.02099926
0.01871928
0.01300836
0.01761477
0.0176924
0.02127175
0.0224132
0.02363626
0.02700229
0.02121382
0.01721821
0.02199454
0.03221397
0.02644268
0.02687512
0.02948578
0.02429962
0.02335437
0.01898944
0.02367629
0.02258711
0.02480929
0.0267751
0.01993217
0.01781539
0.01712142
0.02712692
0.01860836
0.02170751
0.0272025
0.03172458
0.03171632
0.03118081
0.03428975
0.02878581
0.02628667
0.02258011
0.02408712
0.02538942
0.0284172
0.02769005
0.02518241
0.0363187
0.02590057
0.02779958
0.03028317
0.03862653
0.03298678
0.02628778
0.0201665
0.01649876
0.01366436
0.01656964
0.01346551
0.01397499
0.01584913
0.016321
0.01449215
0.01818755
0.01887202
0.02408119
0.02666075
0.02713434
0.02248863
0.01943727
0.01606966
0.01292311
0.01530075
0.01263295
0.01830803
0.01504435
0.01985934
0.01894829
0.02010066
0.02464286
0.03474257
0.03056696
0.02435264
0.02222524
0.01832098
0.02233749
0.0307157
0.03393695
0.02048132
0.01816787
0.02050145
0.01749231
0.01918331
0.01798569
0.02442427
0.02131315
0.01892099
0.02085733
0.02486462
0.02365751
0.02090318
0.02662181
0.03011464
0.02937937
0.03492096
0.03239013
0.03633495
0.01577459
0.02096863
0.02235267
0.02857915
0.02642215
0.02318492
0.01428952
0.02653504
0.02531514
0.02031367
0.02804611
0.03023311
0.03128932
0.02548238
0.02924622
0.02963008
0.02673981
0.02417159
0.01987788
0.03669015
0.03023515
0.02708162
0.02452359
0.01979159
0.01959982
0.01822963
0.01715063
0.02036109
0.01741147
0.02053037
0.02198383
0.01781049
0.01612916
0.01722593
0.02304142
0.02197727
0.02263531
0.01967482
0.01524766
0.02301655
0.02266585
0.02769322
0.02102783
0.01696422
0.02458915
0.02012709
0.01781556
0.01778473
0.01868591
0.02378143
0.0205379
0.01682046
0.01492949
0.0165864
0.02364101
0.02501321
0.02897791
0.0216493
0.02992378
0.02808639
0.02900557
0.02396032
0.02314374
0.02545352
0.017755
0.02363864
0.02593351
0.02372302
0.03041903
0.0302397
0.02186823
0.02073277
0.02102241
0.02198401
0.02120671
0.01679451
0.02105934
0.03234745
0.02788678
0.03202105
0.02711932
0.03201906
0.01936503
0.02120901
0.01258553
0.01661071
0.01866365
0.01401055
0.01485969
0.02173865
0.022767
0.02122422
0.02064258
0.02744639
0.02620312
0.0228267
0.01926712
0.02180899
0.01775302
0.02040716
0.02403201
0.0316879
0.02778593
0.03493902
0.02863044
0.03050093
0.02595641
0.0212262
