28.18832
28.77184
27.3859
26.96703
26.24545
25.43462
24.76968
25.93469
25.52014
26.40073
27.13087
25.41139
25.1731
25.65977
26.54592
26.65408
25.32601
25.57458
26.50165
24.8897
26.18245
25.1218
24.78625
25.00501
25.36761
25.82519
25.32451
26.66483
25.8319
24.6941
24.80257
24.70381
25.55735
23.99902
25.10926
26.08044
25.75271
25.7315
25.72629
27.14243
27.44853
27.9847
28.44763
28.92089
28.34484
28.95523
28.5382
28.41563
27.08943
26.23134
26.63987
26.43722
26.73769
25.7418
25.7047
25.90111
24.9859
25.36025
25.05345
26.09618
27.04222
25.78978
25.20341
24.63735
25.19006
25.0079
24.62717
24.68376
24.91054
26.48955
27.05871
26.72541
27.35314
27.61555
27.77457
27.50272
27.70038
28.04899
27.21205
26.91399
26.92508
26.24079
27.25693
26.83874
26.43865
25.97981
27.85152
28.37027
29.01993
28.85157
28.49657
29.32128
29.76958
30.59057
30.10142
31.35253
31.74103
31.79208
32.22941
32.49314
32.89025
34.20542
32.82453
33.11642
32.58037
33.84345
34.0956
33.84329
34.13216
34.21378
35.89108
35.99727
37.30346
38.84355
39.60497
38.89188
39.05604
38.09361
37.6719
37.03351
35.21779
34.05357
33.17501
33.99131
35.30153
35.02566
33.28756
32.35989
32.09874
32.51373
32.16107
33.28687
33.25087
32.88993
34.00408
34.66623
33.96728
33.86259
32.8598
34.20233
35.19931
36.91296
38.33306
37.29857
37.73743
39.12954
39.97528
40.27388
40.33674
41.16258
42.73817
41.78667
41.39803
41.67463
41.88385
42.33156
41.72531
41.07382
42.94862
42.86893
43.10729
42.31837
44.12098
42.85501
42.7975
43.0348
41.60999
41.82766
41.22058
40.7077
40.84447
41.59268
41.35622
41.78925
41.59927
40.3258
40.75559
39.41548
39.81047
40.74053
40.05993
40.2955
39.27449
38.07112
38.82892
39.12805
38.32627
38.37741
38.01077
39.1077
38.76822
38.19114
36.23767
37.48576
38.16952
37.72746
38.20711
37.21581
36.28446
36.99285
37.18718
37.60889
36.20746
36.00413
35.65226
36.3371
35.7585
36.71895
38.49368
38.97752
38.48431
38.37269
37.71007
37.36224
38.51224
39.15162
39.5126
40.7866
40.71137
41.15853
41.02175
39.87557
39.53291
39.25747
40.01297
39.35711
40.30121
39.96621
39.71002
38.90813
38.94015
39.76723
38.48183
38.00023
38.57253
37.14805
38.22918
38.24246
38.0507
38.7734
38.68133
38.50884
38.07744
38.68856
38.21354
38.42765
38.64428
39.13092
38.20952
37.989
37.00283
37.94631
38.26935
39.67483
39.64302
40.10281
38.406
37.81894
39.32281
40.28466
40.41845
40.10065
38.28273
38.09855
37.37462
38.23382
37.01375
39.03618
39.47207
39.27075
39.40554
40.13749
39.64565
39.79988
40.83304
39.56107
39.43437
38.08684
39.01928
40.18318
39.0705
39.74654
39.87802
41.40121
40.83405
40.46673
39.20906
38.84299
39.0859
38.4382
38.01966
38.37769
37.46722
37.84999
37.67419
38.68728
38.56745
41.07905
40.66555
40.11329
41.22175
42.17167
42.19896
43.00301
43.19239
43.46877
43.56795
43.22101
44.35073
44.2316
43.94821
43.16663
42.87552
41.94827
41.85777
41.50744
42.63448
43.12059
43.81097
43.89959
43.03213
43.96031
44.93252
45.09665
46.93528
46.53289
47.65209
47.66975
47.58516
48.05132
46.94296
46.55005
46.17792
45.58595
45.49819
44.76194
45.16008
45.51897
44.27394
43.42421
41.92754
42.68084
43.81239
42.27258
43.45052
42.68585
41.86565
41.41247
43.60978
43.34512
44.27996
44.96965
44.40549
43.55449
43.32564
43.8426
43.5937
43.04427
42.78057
42.17372
42.19844
40.72738
41.98346
43.41321
42.57663
43.99111
44.15421
44.31073
43.01077
44.37453
44.96441
45.45853
45.3409
45.99249
45.69635
45.45973
45.67697
45.93182
46.68849
47.67007
47.81736
47.88303
48.39672
48.53646
48.79963
48.64608
47.80408
49.32948
49.85752
48.28068
50.25553
50.81866
49.912
49.9213
48.62832
48.80661
48.24558
48.75045
48.17967
48.29926
49.02758
49.66822
50.87377
50.54272
51.0649
50.78228
50.29041
48.63522
47.84807
49.17306
49.57736
50.86596
50.33969
51.08095
50.74059
49.50798
49.05997
49.0151
49.26957
49.31515
49.63974
49.61254
49.48133
49.01298
48.42318
48.62133
49.08731
49.07577
49.73218
50.14746
50.33459
50.70532
52.45064
51.31104
52.0463
51.89831
52.04742
51.58217
52.1286
51.99462
51.97502
52.67746
53.05069
52.70755
51.69064
52.34766
52.71262
52.45514
51.41788
52.22603
52.58903
53.02896
52.03413
51.90867
50.53704
50.29392
50.41442
49.00247
49.64488
49.19227
48.87167
50.08249
52.07392
51.10642
51.14711
51.5579
52.00898
51.19828
50.68332
50.82428
50.47912
49.28853
49.26245
49.03404
47.87375
48.05339
49.33709
49.14272
48.80356
48.95294
48.92853
49.88
50.07006
50.92611
51.20138
51.97288
51.68294
51.85293
53.01152
51.01406
52.26458
52.56509
52.36241
51.4818
50.24624
49.55736
50.08191
50.25843
49.90869
48.94867
47.86436
49.06634
48.85912
47.87525
47.61384
47.52799
47.12175
47.18932
47.89897
48.49763
48.93942
48.28892
47.44605
49.31286
48.30285
48.6747
48.8792
49.31579
49.79402
49.57769
48.27639
49.00216
49.92708
50.10595
49.92983
50.63932
51.81108
51.48762
50.41175
50.70704
51.8666
52.79973
51.63289
51.59417
51.18423
50.18791
49.24002
48.39583
48.49473
48.3949
49.56125
50.08147
51.80519
51.94958
52.23398
53.1712
53.25918
53.1437
53.11303
53.15853
52.96128
53.76608
52.31293
52.16083
53.10778
52.10232
52.35623
51.68802
51.86794
50.36754
49.42851
48.94319
48.80791
48.74181
49.04985
49.68513
50.05992
50.07218
49.63605
49.33096
50.65843
50.18892
52.01817
52.20569
51.89135
51.11842
50.1261
51.7945
51.42626
51.19027
51.33898
51.75091
50.95934
50.88563
49.20574
48.29643
47.47529
46.32368
47.77035
47.81504
47.08681
46.11162
45.42624
44.62228
46.17355
48.15715
45.99614
45.17542
42.30569
43.28826
43.92124
43.03709
42.89279
44.38071
45.15719
45.97304
45.80272
47.00573
48.0996
48.81199
49.18484
49.60863
49.47056
49.21794
50.77685
50.35991
49.86178
49.70775
49.2089
49.79811
50.21092
50.60351
49.32
49.55768
50.14114
49.39491
49.10514
48.94633
48.05204
48.75632
50.07816
50.35682
49.80352
50.01299
49.70076
47.59891
47.84388
47.9709
49.99108
49.3427
48.22735
48.55814
48.94858
49.30444
46.84016
47.18923
48.14776
48.14523
50.07594
49.76788
48.2832
45.35776
44.71042
44.51542
44.72608
45.84031
45.82636
44.34017
45.84648
45.8676
46.60798
45.64992
43.9313
44.97643
45.06246
46.11596
46.19667
46.32552
45.55017
45.45099
45.90507
45.69874
45.65132
45.4604
45.85092
46.3691
46.47432
46.16903
46.53224
47.54131
48.42028
49.60982
50.34725
51.34381
51.82854
52.87136
52.58803
52.4589
52.27078
51.24141
51.40157
51.45999
51.10356
52.1187
51.39656
52.36215
53.25138
52.88672
52.6116
52.93294
52.70633
52.22362
52.87811
52.88248
52.42634
53.03016
53.25972
51.92749
52.0713
52.75489
53.15537
54.1377
54.34284
54.20649
53.72889
52.47908
52.30687
52.96864
51.46828
51.33184
51.70495
52.7549
52.68844
52.16909
52.18256
51.01733
49.53518
47.7168
47.05389
44.90663
45.73718
45.92166
45.60402
46.26261
45.90838
44.27708
42.38647
40.22766
40.657
41.08923
42.248
42.58011
43.55588
44.26252
44.02911
43.73957
41.91556
41.54111
41.03345
39.39368
39.25497
40.15385
40.60621
40.49674
40.28754
40.58173
39.66479
39.23449
38.15197
39.03683
39.21159
38.68436
38.65887
39.81059
40.88129
40.64642
40.53643
42.28602
42.85724
41.67211
42.5923
43.25026
44.2084
45.85962
45.91796
46.34134
45.37776
47.53145
48.57415
48.71239
50.11627
49.91654
49.6072
49.19574
48.95183
47.99216
48.117
48.21053
49.66655
48.37997
48.6007
47.39681
46.82576
47.14395
47.40589
47.65302
47.76909
47.26667
47.36704
49.41939
49.24155
49.701
49.01554
48.18547
49.53252
49.07964
49.62888
48.93153
48.6127
47.07155
47.35674
45.34856
44.9766
44.7341
44.10169
42.51158
42.23568
41.63191
39.93252
39.01953
38.57665
39.07529
39.39968
39.46915
40.29052
39.9112
40.28207
38.97261
39.44771
39.17916
39.90285
40.89536
40.11167
39.8746
39.84109
40.98224
39.5294
39.77048
40.0223
40.08614
39.52397
40.33631
40.56035
41.75365
41.75431
42.53786
42.46644
41.87652
41.74042
41.80756
42.88333
44.1913
44.07772
44.69248
44.51004
44.63753
44.37671
43.0366
42.26343
42.15751
42.64772
42.14527
41.08197
41.38622
40.56744
39.70913
39.73017
39.72936
40.02633
39.88342
38.60085
38.97123
39.91845
40.80479
40.39273
40.7462
41.40796
41.04603
40.27207
40.47289
40.21837
39.53799
39.70511
40.20174
40.23989
38.45399
37.18756
37.09211
36.44213
37.18634
38.46187
40.08766
38.69561
37.78616
38.70813
39.02476
39.73305
38.6177
37.4414
37.41345
37.37334
38.20737
37.41204
37.20287
36.66288
36.95378
36.82106
36.9411
36.46341
37.44361
36.97313
36.21354
36.2507
35.66847
34.87747
35.17026
33.80767
34.52249
34.38325
34.63982
35.49755
36.51051
37.66423
37.84296
37.95711
38.22262
39.39943
39.81217
39.54193
40.75025
40.82101
39.91933
40.59834
41.19861
39.34491
39.28769
38.34043
38.2604
36.9421
35.2502
34.05306
34.30073
33.90671
34.00569
34.98644
34.4243
34.51492
34.40871
34.52555
34.45169
34.33544
35.00224
35.11913
34.4797
34.06271
33.80797
33.78318
32.06246
32.31118
33.53823
32.44696
32.23897
32.32799
32.91001
33.132
34.2173
33.69474
32.79196
32.75885
32.02321
30.53148
30.36534
32.22903
33.03701
33.29724
32.66913
33.32196
33.4394
33.21613
32.26466
32.31428
33.38746
33.33148
33.86821
32.67581
33.5166
34.13928
34.84114
34.14519
34.14216
34.61999
33.42067
31.84902
32.34005
32.1987
31.50123
31.40399
31.64639
31.87223
30.97261
31.19754
31.87395
32.72916
32.60281
33.67679
34.26542
35.25972
35.11127
34.78632
34.68553
34.53769
34.31769
32.26628
31.92341
32.61988
33.01279
33.00545
32.40504
31.70026
30.74105
32.12147
33.02569
31.84483
31.38944
30.77344
31.34513
31.88846
32.00943
32.40229
32.58079
31.61144
33.33348
34.99628
34.80072
34.85753
34.19559
33.45233
33.58732
35.12994
36.52267
36.09644
35.69203
36.0732
33.03946
34.25518
34.7487
34.80849
34.27327
33.4749
34.6285
34.23679
35.21447
34.97956
34.6537
34.56766
34.69898
33.27656
34.48584
33.11301
32.17428
31.18668
30.03595
28.86782
29.19767
29.33826
30.46265
28.5817
28.65591
26.91979
28.13837
26.57243
28.03151
27.02305
26.24147
27.14952
26.75232
25.82413
26.0097
25.58296
25.1285
24.99892
24.49008
25.22187
24.8639
24.84523
24.58151
24.77176
24.84087
24.62652
23.07566
23.42266
24.09121
24.97641
24.64732
25.61145
24.25375
23.60379
22.64514
23.18063
22.70374
21.53568
21.23381
22.01199
23.70754
23.94688
22.13523
22.52596
22.89558
21.56488
20.45666
19.99313
19.89711
20.22052
20.72349
20.19325
21.46392
22.29573
22.44129
24.68392
24.84448
24.20667
24.66121
24.88879
25.09874
25.19158
24.72069
25.9857
25.21798
25.04737
24.50794
25.88184
27.09667
27.34068
27.8925
27.85873
27.71258
28.39337
28.61564
27.63705
26.51037
26.45715
27.1747
27.36236
27.88352
27.85845
26.58065
26.85465
26.93546
27.34667
27.27265
29.20771
29.78094
30.3513
31.0082
30.57151
29.54304
28.56008
27.86849
27.52987
27.70669
28.2627
28.93982
28.46929
28.78648
29.12678
29.50035
29.96135
31.2444
30.8167
30.15547
31.00297
32.21396
33.67124
32.66955
33.39514
34.21895
35.48474
36.04402
36.42709
36.83086
36.07915
33.79263
33.98106
34.77127
35.00446
34.50836
34.21295
32.67042
30.16443
30.96383
31.38667
31.58214
31.9545
31.96408
30.94535
31.75172
32.78418
32.29258
31.36656
30.97965
31.94455
33.12922
31.88193
31.45233
30.5144
30.61793
31.72534
32.40531
34.16023
33.79075
33.19827
33.13128
34.24959
33.94518
34.66272
34.94195
34.86069
35.55081
36.9236
36.75103
35.51874
34.8705
35.33238
35.92204
36.34922
37.1793
37.01695
36.65655
36.49182
36.22097
35.7657
36.88073
36.82694
37.44812
36.01257
35.86984
35.46073
36.62102
36.71572
37.3419
37.22221
34.46253
34.76087
33.21249
32.82494
34.13418
33.83679
33.46885
34.02926
34.59087
35.45734
37.68823
37.50225
36.81587
36.8824
38.88395
40.034
38.62343
38.27417
38.17771
37.87828
38.16067
38.1088
37.47351
36.71861
34.89945
35.08053
35.47031
36.33531
37.16757
36.70738
36.89378
39.80219
40.44263
40.56198
39.64008
38.49167
39.13194
39.50083
38.92898
37.69022
37.27804
37.11106
36.24678
36.85437
36.59894
36.30674
34.47925
34.22402
34.45296
34.71184
33.38295
33.08866
32.19894
33.91256
34.09825
35.64146
36.06309
37.86685
37.7577
36.93022
37.44435
36.41794
36.51207
37.48975
37.82932
37.51954
37.54366
39.70366
40.71349
39.57254
39.51858
39.69709
38.55948
36.51367
37.27451
38.52624
37.2396
37.66303
37.51942
38.50053
38.10462
39.0518
39.31159
38.90609
38.0612
36.89343
36.63643
36.05359
36.4909
35.37819
35.06646
34.26768
35.15946
34.34883
35.33543
35.8189
35.33641
34.1311
34.72323
35.76702
35.86934
36.43425
37.40258
37.04871
38.00959
38.6225
39.67033
40.2697
39.54487
38.10124
37.93967
39.54241
39.519
40.40524
40.52925
39.32698
38.36605
39.64511
38.51808
37.76264
38.8448
39.30391
37.27873
38.78134
39.25318
39.22776
40.49402
39.80669
40.51866
41.09775
42.67566
42.02594
41.27691
40.98626
42.06833
41.32095
41.33122
42.19756
42.94879
41.78778
41.52436
42.49199
42.26715
42.60564
41.2345
41.58087
41.52924
42.8515
42.54595
43.15749
44.42924
43.2929
42.40213
41.6299
40.30961
41.11728
41.40043
41.41901
41.39176
39.27871
39.68418
38.78232
38.43516
38.31317
39.29861
38.05152
38.02282
38.03485
36.15146
37.58836
37.78512
38.74132
39.07961
40.32134
39.27948
40.58764
38.44722
37.59394
37.33155
36.48527
36.23847
35.76387
35.7482
35.60801
34.71315
34.73888
33.82685
34.80064
34.63331
34.62241
36.69652
38.49301
39.29347
39.33731
40.1901
41.5903
41.59772
41.85431
41.52802
42.55471
42.64374
41.83523
42.15356
41.5498
41.04039
42.00325
43.66607
43.26547
42.56063
43.17783
41.8522
41.76668
42.38527
42.31453
43.06493
43.34584
43.89612
42.86781
43.81688
44.6997
44.46853
45.42839
46.74352
46.50837
46.95044
48.0426
47.6122
48.11237
49.83001
49.4322
49.35046
48.23978
49.32747
51.32519
51.12065
52.6445
53.44502
50.86715
50.94875
51.29928
49.9599
50.88452
50.86785
50.78249
50.23416
51.1755
50.56925
50.62151
50.75293
51.34522
51.50336
52.51828
52.68705
51.82939
51.76383
51.57944
52.35804
51.8997
53.141
53.2085
53.88722
53.17729
53.30812
53.15831
52.30304
52.53961
51.4512
50.84248
51.99864
51.79029
52.4127
50.85335
52.73749
51.98745
51.69529
53.08428
52.90922
53.42398
53.94054
54.94804
56.29601
54.25674
54.39545
53.94128
53.81826
53.47367
53.1152
53.7745
54.47985
55.30724
55.12871
55.95952
55.66394
55.21122
53.61564
52.60096
53.78865
53.5694
54.09149
55.29894
55.28684
55.75263
56.1454
55.80919
54.55351
53.63777
54.08066
53.13158
52.48792
53.50606
52.22485
51.74067
52.55596
50.91244
50.4492
49.40504
48.4897
46.84725
48.06771
47.91412
48.26178
48.38867
48.22724
47.94499
47.50541
46.62919
47.35291
48.55023
47.03502
46.8166
47.71696
45.74225
44.54257
44.31413
42.92289
44.47266
43.74223
43.86717
43.93084
46.57608
45.54214
45.19927
44.96694
46.41961
47.44717
46.16808
45.26495
45.72204
45.56431
43.9619
45.2402
45.46948
45.06006
45.47466
47.52014
46.99327
45.61349
45.51671
46.12131
46.44458
48.8748
47.8748
48.00443
49.17272
48.39633
49.57848
50.32515
51.16118
50.49343
50.59477
50.58812
49.71367
50.75358
50.85109
50.98465
51.21349
50.2535
50.35773
51.52054
50.63575
50.09896
49.96084
49.24188
47.92743
48.18711
50.65945
51.37918
50.94315
52.56183
50.9318
49.34658
48.71368
48.90015
50.29927
50.02669
49.75018
49.97373
49.3814
48.9745
49.07058
49.18247
48.8514
48.6074
47.67456
47.78036
46.77648
50.03744
51.4375
51.02796
49.80876
48.91046
48.28951
47.63494
45.1991
44.32022
43.97867
43.66541
43.94219
43.99846
42.73211
42.35399
41.11739
41.71424
41.38413
41.3862
41.66345
42.04376
41.34869
42.69154
42.8651
42.51591
41.94353
42.31563
42.12124
43.24476
42.39071
41.09126
43.31158
41.92184
42.80117
44.49132
44.42536
43.8271
43.94306
43.49403
44.70938
45.26966
46.35957
44.41254
44.29691
44.62135
47.19665
46.01209
44.1835
45.35869
45.05488
44.55489
44.87872
45.88819
43.56723
44.42712
43.26126
41.07955
38.87501
37.42162
39.15998
39.47734
38.94625
39.4367
38.42257
36.93832
37.33582
37.51365
36.41829
36.44585
35.84259
35.0238
35.33581
35.2445
35.43665
35.11184
35.54076
36.96687
36.84376
37.93813
37.91939
35.92941
34.86559
35.58368
35.24496
34.33659
34.96475
33.68947
34.42935
33.73538
33.73854
32.11293
31.281
30.9404
29.6243
29.29357
28.95066
27.95029
29.9842
29.69249
29.54142
29.61191
29.12997
27.23387
28.39285
29.16637
29.04474
28.92502
30.21187
29.37675
30.11734
29.94431
29.11092
28.0213
28.54805
27.5357
27.76482
27.91644
27.24159
27.19749
27.63301
26.91763
27.0586
26.22058
27.46243
28.68103
29.18881
29.49694
28.29444
29.34645
29.09062
30.29038
31.60233
32.21324
30.99689
32.53176
32.8989
33.22658
32.06217
32.43379
31.51564
31.05576
31.6318
30.24194
30.82328
30.65699
30.66006
30.50225
31.39655
31.1638
30.63229
30.64038
29.65385
30.74972
31.09262
29.62305
27.74996
28.14842
28.72356
27.62036
27.53237
26.96284
28.14799
28.5387
27.65219
26.04347
25.60391
25.29502
24.88497
24.64141
25.51528
24.96136
25.3159
25.16641
25.21256
25.64168
25.75401
26.55873
24.47133
25.24681
25.33553
24.61149
24.03023
23.6263
24.68549
22.5508
20.99803
21.22607
20.81886
20.79363
20.29164
21.6387
22.76369
22.06356
20.007
20.86061
20.07453
18.00136
17.78313
17.69787
18.27123
17.77586
18.60611
18.72159
17.30607
16.3891
17.45671
17.41571
17.995
18.1968
18.28174
18.99354
17.56764
19.18548
18.95687
19.69878
18.08883
18.62954
19.75475
20.21784
21.17296
20.55483
20.4001
19.91997
20.16612
19.27528
19.58288
19.3576
20.97049
21.32926
21.29518
21.3166
22.73375
22.07207
20.97832
21.39696
21.08932
23.35894
21.44596
21.51313
21.97253
22.20134
22.22079
21.65957
21.98511
21.46366
21.75975
21.21315
20.82159
22.94255
22.14763
21.2066
20.87188
21.85991
21.74994
22.81627
23.33087
22.56852
22.82093
22.12212
23.03294
22.94589
22.18193
23.1313
22.9384
23.6466
22.64149
22.00922
21.27944
21.12156
20.37961
19.05145
18.74771
18.75285
18.13536
19.78146
19.82493
21.68139
21.49398
20.88972
21.7872
22.83514
22.57462
22.10672
21.65288
21.76366
22.39101
22.28818
23.23626
23.10801
23.06901
22.83199
23.06028
22.49821
22.52813
22.96808
22.55863
21.93795
20.81011
20.8542
20.00453
20.56415
20.26186
21.18319
20.85164
21.37524
21.69737
22.00329
23.15324
22.92585
22.31477
22.79524
23.18741
23.8844
22.89371
22.24152
21.69498
23.38329
23.40068
23.98925
24.67681
24.34127
25.54301
25.20139
24.42602
25.03861
25.3299
25.18407
23.41113
23.71136
24.87415
23.75596
24.5979
25.72563
24.44799
23.58992
23.88294
24.75788
23.95366
23.32411
22.85048
20.87915
21.62465
21.60768
20.79921
20.13663
19.86057
19.83787
17.80645
18.26302
18.26836
18.64441
19.40522
20.6257
20.06319
19.78031
19.6323
19.92799
18.38269
18.06056
16.73971
16.03841
17.61381
18.146
17.09288
17.24338
16.74915
16.65204
16.49423
16.02345
16.28788
16.46495
18.01363
17.85265
18.17882
17.88903
16.75078
15.9329
14.95863
16.04027
15.91485
15.83905
15.30804
15.28037
14.33816
13.12224
13.91557
15.31126
16.69923
18.4679
18.52109
18.19001
17.2463
19.60842
19.93503
19.90415
20.48258
19.78707
18.91187
18.89351
18.69293
20.00409
21.43013
22.44114
21.08456
20.42488
19.71864
19.62866
18.90105
18.68559
19.33919
21.26016
22.72423
25.27802
25.0452
26.16455
26.60384
26.57596
26.48446
26.78301
26.8688
27.64187
29.47801
29.79281
29.42048
30.1703
29.85359
31.37087
31.30619
31.1635
31.18178
30.64507
29.50826
30.50767
29.49657
29.546
30.57713
31.55683
31.92059
29.12401
27.9934
29.34207
28.59963
28.60553
27.42317
26.87097
25.59322
24.95129
23.62955
21.57565
21.31875
21.93211
22.27125
22.25255
20.17543
20.64525
22.27799
20.61565
18.56086
17.86774
16.31163
16.39528
16.36836
17.34778
17.33779
16.69258
16.41792
16.37747
16.15503
15.96382
17.07553
16.52446
16.22139
16.29546
16.92263
18.85222
18.64878
18.46852
18.76249
18.88363
19.04984
19.71492
20.5842
20.85375
19.60221
20.08287
20.54705
19.35972
20.46367
21.7101
22.1493
21.94263
21.25339
20.36757
19.13888
18.22555
18.1477
18.29359
18.58469
18.10742
17.42487
18.95725
20.30136
18.71244
18.95398
19.92319
18.98784
19.9341
19.86849
20.99806
21.59011
21.69958
22.20787
22.09093
21.87528
22.08114
20.85863
21.59483
23.42441
24.7514
23.72706
23.85492
25.08731
25.14451
25.0764
25.36053
25.94938
24.64714
25.80529
24.20106
23.86157
25.32667
24.7297
26.23662
25.8768
25.21741
24.86581
23.85973
25.18124
24.17407
22.54384
23.78437
24.21111
24.59933
24.12491
22.44696
22.11541
21.46159
21.03167
20.78893
19.91903
19.87084
17.3163
18.16859
16.8638
15.1433
14.42436
14.12077
15.86118
14.81944
15.46857
15.73974
16.7944
16.47568
16.60681
18.01416
19.56113
20.75151
20.89998
21.49063
21.85012
21.315
21.3495
21.58876
22.18358
20.97133
21.72668
22.09688
23.02813
23.21664
24.40246
23.29192
23.776
24.2703
24.28552
25.11593
25.93659
24.90402
23.54543
24.03388
25.87514
25.67037
25.97702
26.16484
25.12996
24.95333
24.60781
24.94988
25.64107
26.79034
27.63112
25.91945
25.00715
25.64492
27.01121
27.03401
27.54443
27.50983
27.99504
26.35895
28.00087
29.00518
29.03861
28.43751
27.99461
26.95768
25.76781
25.01428
23.47698
23.88819
23.48146
24.19789
24.76206
23.97809
23.935
22.95338
22.2756
22.98271
24.11772
24.70237
24.99243
24.50412
25.43675
25.87943
26.14096
25.56957
26.19698
25.06037
24.35243
24.4581
25.94227
26.40751
27.38291
27.54941
27.44176
28.59084
27.35103
26.89991
25.17234
25.72608
26.23194
27.95226
27.92364
27.84108
26.97399
26.79106
26.95664
26.85309
26.53925
25.63037
26.6006
25.56316
25.57708
26.52079
26.11959
24.45037
24.52077
22.05421
22.2998
21.73376
20.38132
20.65197
20.21922
20.95275
20.74838
20.21132
20.31869
20.01397
20.65854
22.31243
23.20862
22.34128
21.97694
23.53881
23.01693
22.00154
23.66637
23.29629
25.00587
24.35107
25.94973
26.12657
25.31489
24.98092
24.85867
25.6645
27.03766
27.09449
27.79028
29.33227
30.19574
30.18969
29.93317
29.09844
27.77368
27.90493
27.22157
26.92788
26.79945
26.40269
25.62495
23.69395
23.62875
22.69414
23.25006
22.44471
21.79054
22.52407
22.82003
23.18177
24.37934
23.8021
23.04226
21.89799
20.80953
21.43229
20.04015
20.6896
20.00191
20.47467
22.52167
23.31134
22.36585
23.22767
22.0813
22.78155
22.71514
21.00269
19.91723
19.39908
17.05103
19.30104
18.92908
19.71044
19.09981
19.85983
19.23684
18.71142
18.35546
19.21845
19.73338
18.66161
19.53451
19.04309
