11.52363
8.093791
8.045501
9.718828
8.54386
8.032154
7.461587
8.845892
7.079849
5.53685
4.959727
7.507371
7.091098
7.250696
9.335133
9.862689
7.928892
6.742068
5.303356
4.64767
4.222286
3.42113
3.626472
4.019942
3.560765
5.540586
5.368546
3.80797
4.132126
6.611088
7.330322
13.63243
15.45896
23.12592
13.65983
11.59958
12.08473
12.21267
15.07419
18.51925
17.128
11.98841
15.93433
13.74643
10.8843
10.97635
9.995773
9.690434
16.55128
16.50036
12.68624
14.78995
11.34354
18.54035
12.44639
10.9221
7.776748
6.95569
7.238759
8.015626
7.845151
12.9197
15.62239
13.68662
16.96512
18.21847
23.62785
16.81313
10.62482
10.21076
6.418311
6.084996
8.721875
10.00287
7.968733
6.542654
8.697523
8.503819
11.07504
14.02077
14.05344
14.04004
12.46204
13.6482
12.33931
8.756401
8.191079
5.927665
7.791412
6.036385
3.914315
5.213406
4.578768
4.13161
4.312926
3.873097
4.701396
4.381488
4.452703
4.679734
5.293477
6.286378
6.222547
9.969108
18.59927
21.62423
19.20634
20.74381
20.21627
9.812441
6.304747
4.041808
5.563459
6.588683
6.747846
8.844888
9.914811
13.24871
10.06447
7.213211
5.576072
5.501255
5.850482
9.149754
9.941916
9.055547
14.31174
18.16175
33.28326
26.53945
20.79851
14.34778
11.74643
12.35154
9.31358
10.84238
9.995529
12.55519
11.40506
9.657736
7.252262
6.172071
6.786995
7.133799
7.180113
9.746229
8.626793
11.26805
11.7464
12.36082
10.63875
16.22995
13.81277
12.21082
13.23683
11.95127
11.25774
11.06641
10.48478
11.95483
15.51799
17.13041
17.3174
21.97183
19.05685
14.14933
15.10923
18.2361
17.91104
12.30638
8.32404
8.04898
9.077949
12.3396
12.30071
10.21762
8.838793
7.268228
5.344056
7.987443
7.724067
4.774886
6.738426
7.518127
7.953573
6.327136
7.331999
8.819719
10.03222
11.70839
11.28403
16.37554
17.92276
17.13061
19.51669
18.45034
26.91746
19.0925
14.61743
13.06295
15.0603
16.24012
20.18936
20.65869
15.65214
16.87867
15.33535
22.71516
22.57415
17.31444
11.5564
8.200246
9.249451
11.58183
16.16142
16.25985
18.04794
18.73853
18.99363
22.49123
20.64804
14.39761
12.20913
10.29438
10.43813
10.73317
12.33179
18.55071
21.77506
19.42731
12.35192
14.1831
8.640571
9.13596
11.64524
10.14744
12.14691
11.08547
6.270257
5.3578
5.620315
6.553316
5.854822
6.341967
6.530756
5.33471
7.230451
8.626206
11.26612
7.418366
7.96286
9.609765
9.007183
7.422136
8.438244
10.56336
8.939041
10.14967
14.75238
17.02824
16.98771
16.93992
24.9618
28.77017
26.97822
22.4599
19.0578
15.92247
20.42381
20.91753
17.74624
12.51035
10.8972
13.24448
11.05296
12.12293
12.78892
13.58259
13.6769
21.62887
14.9021
18.46641
14.35949
10.73147
9.166769
7.589545
7.571112
6.632919
8.567469
8.645214
11.13467
11.77984
10.33406
7.75429
9.750857
10.99763
11.96223
16.91958
21.62545
23.47487
22.28763
21.60131
27.42818
28.07247
19.66879
18.45778
16.59866
12.28292
16.19392
24.56787
26.40217
24.1046
18.24782
18.5689
17.29641
26.7241
22.28944
26.67841
29.57738
20.54601
21.37098
17.49934
13.37172
9.882195
8.484455
16.32671
13.83748
14.65501
16.71664
13.04569
9.986961
7.862604
8.736452
6.628312
7.175443
8.327828
9.487299
8.838988
9.507768
9.804192
9.620738
7.229871
6.773078
7.084598
9.125342
11.95824
9.74762
12.49446
10.91035
10.00809
6.523036
7.619343
8.990127
7.762555
9.421163
8.706704
9.545958
8.707105
11.76865
8.657243
9.90838
9.554572
9.478693
8.257341
5.686531
7.965228
8.779006
8.814203
7.904109
8.641727
6.470813
6.497564
6.413791
8.562468
14.29497
15.20012
15.09194
18.25747
25.65679
17.11636
17.95053
19.63335
20.91486
21.17752
19.29704
19.81606
10.74821
11.72341
8.715953
6.904362
5.966284
6.833104
6.631975
6.556803
5.697608
6.852395
7.169674
4.67026
4.992739
4.926525
6.611804
6.216884
6.19581
6.073085
4.978601
5.503189
7.929466
13.54981
13.51745
7.594916
7.036925
9.942379
8.271801
7.635914
9.032616
9.442722
10.36562
7.576452
12.64661
12.99775
8.89962
9.805936
16.21537
22.70477
24.08504
30.31999
24.91604
28.11313
23.00938
28.18355
22.5522
21.22592
11.04734
9.990737
10.56664
7.489172
8.248763
7.196845
12.53499
14.18466
12.13736
12.95623
15.2288
24.13423
23.84496
25.05303
25.44156
27.32645
20.80748
15.31489
12.7123
10.07026
11.32716
17.05649
18.1505
23.15
24.87134
18.94819
21.79174
24.36185
21.48425
29.88026
21.57886
19.99893
25.06813
18.76765
18.35212
15.14188
14.0465
22.0546
19.99411
17.5995
13.47428
18.73477
18.52027
21.01834
18.27047
17.97692
20.8356
20.936
25.22904
18.74267
23.26668
31.88233
25.2871
39.04476
19.78072
22.84679
27.50691
21.21665
15.41294
18.68387
16.6806
11.55634
16.05991
11.6777
13.97018
14.31205
19.43857
13.27765
15.5314
11.18236
14.53175
15.985
11.93934
13.32865
15.5886
14.32491
16.82474
20.19833
15.17404
17.74187
19.83521
20.91788
12.28563
16.62052
17.76103
12.84215
11.11708
11.15136
11.31748
14.82659
18.94096
17.93989
27.88978
28.01278
22.68306
15.86418
17.63015
16.25986
21.08848
16.54413
21.09516
30.09129
27.31279
24.84875
25.21822
24.10008
15.75515
16.66084
16.18194
17.63572
17.46435
19.9148
13.92829
14.75097
19.34506
13.39115
13.38443
10.45825
15.5615
18.49274
15.26573
9.160856
8.759848
11.2395
9.942463
8.945261
12.11905
11.8794
10.62756
13.4247
8.546914
7.920444
7.619304
10.41685
7.700407
10.03717
13.50712
10.30313
11.81861
12.93627
13.76266
14.42222
14.83055
10.91017
11.61469
8.84545
12.36723
10.77328
9.431012
8.122203
7.425235
8.464453
8.00514
8.47672
10.52572
9.817108
14.18482
15.93581
10.0086
7.228108
8.927936
8.494822
8.594512
8.737935
8.357214
8.539699
9.29499
15.18885
18.73062
28.25647
20.27281
20.72206
13.62409
17.57843
15.60962
14.76217
15.87935
16.16201
14.31752
21.0511
15.93105
12.0788
10.14277
16.27198
20.03964
17.52551
15.32713
17.57033
18.95444
15.23584
17.01271
9.30513
11.05502
9.49461
12.52492
14.85435
16.17227
14.8535
14.77288
15.66542
14.00083
15.35635
12.10708
12.80529
11.91333
10.56814
8.832892
5.811785
6.005219
5.773313
6.022212
9.165604
9.846323
11.03215
12.27297
14.71499
15.96779
16.57258
15.69907
19.81161
16.55164
21.11414
25.08584
34.66056
31.72256
27.37693
20.80357
22.63189
22.00561
21.0922
20.71671
35.07461
29.23263
25.28452
19.03226
21.4231
20.05058
22.24977
24.65218
16.9683
13.46635
15.64749
20.17987
24.85148
21.84684
19.56171
10.7918
10.42764
11.79171
15.61934
12.82133
8.578705
15.12239
16.64985
12.16294
11.08875
15.00884
11.81122
13.30402
9.532719
8.322329
10.49261
12.14079
9.188944
6.502108
5.084034
5.690919
5.087153
7.191146
6.013997
8.363513
8.416746
10.66578
10.58965
9.277934
6.40219
5.012544
4.233851
6.452808
6.738567
5.216146
5.012768
6.738454
9.463871
11.8125
10.93706
17.49176
16.25273
15.36382
13.11584
24.51873
17.65313
18.25876
12.58497
10.99115
9.094521
15.24999
17.21611
28.04548
20.51631
23.73976
13.40942
13.88776
10.18719
9.722197
8.724376
6.562855
8.052012
6.68064
8.644474
15.01484
16.19382
19.29963
18.23345
19.42664
20.86237
18.28591
17.58051
14.81597
18.9384
13.96282
14.64009
12.68628
11.02429
8.52226
6.98638
6.095824
6.730556
4.009265
3.99669
3.656168
2.61062
3.59803
4.036823
3.297348
4.234796
3.573765
4.276939
4.8328
2.854464
3.817086
4.817593
5.31906
6.944475
6.515314
9.436637
11.59089
17.71085
10.68355
8.725915
11.64888
14.21313
13.32878
15.25502
16.50109
16.086
12.58538
8.955185
8.33963
10.61948
8.172712
8.324133
8.930145
9.457091
11.18988
11.55476
7.905638
9.877333
13.7068
15.95561
19.80904
20.15588
24.41713
16.03403
16.83106
24.79869
17.86411
13.03402
11.64575
13.06757
14.68334
18.65647
18.46302
18.29537
20.27635
20.74423
19.94743
19.17326
13.75163
16.84475
15.60992
10.90708
11.05085
8.510927
7.207559
6.360586
6.300379
9.268211
9.514992
7.846037
8.053151
10.78308
9.628719
12.52069
12.59939
10.80556
12.06364
9.895297
8.427784
7.458964
6.600397
7.711526
8.160029
10.23147
12.56468
11.47172
8.79628
13.66856
19.11877
17.63163
15.62232
24.26953
27.12466
20.71368
24.08361
17.76664
17.1088
27.01824
16.55057
13.32182
15.51688
17.43119
14.01094
17.46697
18.35737
24.17551
22.23935
19.25296
16.37498
9.595776
12.97765
14.52047
15.41165
15.42208
13.95935
13.68772
11.50194
13.42505
14.76872
15.18637
12.17495
11.6343
12.23438
10.62508
8.934086
15.56632
13.57255
15.93973
14.03293
16.57623
19.70951
13.26005
13.25208
18.57461
22.68783
27.99291
17.91234
16.8057
13.8698
13.33145
12.82395
14.91553
22.18932
19.79353
25.45233
32.59782
37.1507
29.96049
29.87356
28.43155
26.38395
28.42768
37.99139
27.11643
29.25198
23.00608
20.54704
12.9008
14.13957
15.4858
18.38764
13.94717
15.07244
11.80954
10.54792
10.2547
10.13524
10.98331
8.949782
8.238097
13.16762
16.04955
11.46947
12.78544
18.11928
14.33561
15.04626
10.53925
14.61252
13.48554
17.6306
22.2958
15.68038
24.2326
19.98408
13.7671
14.32542
19.67971
20.10629
19.80287
23.961
22.25788
15.57523
18.52681
13.15096
11.51173
9.08865
9.377211
7.804958
9.60244
10.67466
11.64774
12.05389
15.58774
14.76679
16.37387
12.41577
10.13636
11.35869
6.759252
8.427937
6.859001
5.556244
5.217542
6.346865
5.579139
5.268795
6.410245
7.880654
8.114036
7.6703
8.479605
6.010715
9.339824
6.884968
9.113517
7.042085
9.871394
10.347
11.10511
11.13253
12.18278
10.53768
9.759982
7.841603
8.345025
6.391337
6.795512
7.9692
6.975944
5.941596
6.492778
7.292167
6.675512
6.423218
8.532224
9.537951
11.34594
15.66147
11.54853
7.350114
8.178913
7.400738
10.81295
9.363842
8.525912
14.15741
14.9677
11.63687
12.02493
15.4164
16.70698
16.14957
11.90719
10.54705
10.49643
8.79941
11.08927
13.01662
13.81723
16.97782
10.65927
7.664831
8.080445
7.243301
11.04416
11.6413
12.16991
9.33536
10.17948
7.977903
8.38667
7.027781
9.25397
6.616674
10.4228
11.56942
13.29961
10.53121
11.51457
12.56111
17.16973
15.36025
13.29932
17.66119
15.00857
10.33168
10.15959
12.5537
11.29848
10.00944
9.245008
11.87088
11.53089
13.54069
15.76301
9.938566
9.508207
7.745264
7.805927
8.300602
9.953517
8.971334
6.905941
6.577388
12.29656
11.83622
11.93244
14.7758
14.38149
13.92392
9.579563
11.18386
9.487798
9.96517
10.62539
14.92653
9.17189
16.02733
17.86913
17.45855
11.56382
8.807316
7.772916
11.77651
8.957511
10.49103
12.89984
13.00649
11.83045
13.30648
12.82837
11.09356
9.958259
9.480339
9.535423
14.84403
15.96524
18.81261
20.76945
18.11116
15.57185
16.44276
11.13742
17.43191
13.91466
11.33023
11.67964
12.27529
10.96068
13.87633
19.64414
24.61954
32.60075
22.26307
23.47797
21.50345
20.79692
17.51644
17.3902
10.11046
10.18935
8.400112
13.83863
12.95439
13.20027
10.5429
15.48385
15.93613
24.77911
27.48513
22.18651
16.89219
15.57354
17.94228
16.19009
15.5265
14.29143
13.85571
15.02344
15.14183
14.33032
15.15746
18.4316
10.9834
10.64849
17.29938
21.73408
22.9783
16.97043
20.1554
12.87161
14.93821
11.23313
9.356679
8.126215
17.15166
16.88858
10.29043
12.35899
20.52087
18.45261
16.70019
18.76108
20.61611
14.93129
15.34594
13.63747
8.968237
10.09535
9.732242
6.279015
6.236297
5.777765
6.598634
5.919764
4.670789
4.93487
5.543334
5.196222
7.969358
8.96131
10.50686
13.34176
19.83577
14.60907
16.97568
16.20891
10.47028
13.37556
9.400662
9.002484
12.21397
12.32496
9.196454
6.510184
5.973247
5.376458
6.148842
7.31078
8.636375
7.973975
5.806447
7.347277
6.61097
5.883569
7.04571
7.282518
6.886343
8.086505
12.4735
19.40123
17.79103
17.54487
8.189225
11.37123
11.86895
18.24292
14.77033
15.72536
12.90256
10.8213
9.672996
10.88936
8.137532
9.16693
10.02076
15.246
19.71892
12.40441
6.892211
6.502469
5.631373
6.701014
5.831485
5.742101
5.677941
5.703797
8.154807
7.942829
7.749075
9.029606
11.88467
18.86953
14.00396
13.99487
10.14342
10.56974
9.987704
8.904861
8.51355
9.235346
10.97423
13.90324
6.92321
9.386897
12.96437
11.01338
6.642033
9.695761
14.2649
8.612675
10.50127
8.339383
8.069862
11.3065
10.842
6.703807
8.298046
5.486012
7.260739
9.047058
11.41554
15.0364
17.81977
18.03398
16.63391
11.47603
12.23408
14.79741
16.40986
14.79544
13.30145
11.88633
12.31506
12.59796
12.8518
16.68644
16.46428
14.48355
10.96007
11.83161
17.49401
13.12323
11.67739
15.06123
16.66041
21.94038
21.70859
24.67317
24.66323
20.71964
20.85766
18.98744
16.61428
11.78561
14.96008
15.31669
13.86548
18.93685
17.87419
10.47177
8.343882
8.165701
9.926616
11.45808
13.47875
12.8978
11.67439
9.639649
9.62917
11.52689
10.86108
10.728
13.32732
16.35768
18.31432
19.70773
18.93289
19.46935
22.26135
29.83033
24.21233
20.67823
13.97533
14.55272
12.11236
10.43608
11.2597
12.46066
8.036555
11.47326
12.41468
16.62381
21.92645
15.41101
12.71943
13.40003
7.689023
8.670983
6.523662
8.316357
9.387549
7.513469
12.27652
8.955274
8.405069
8.039553
9.927449
7.205763
7.266163
6.545478
8.586876
8.378559
9.379692
13.859
16.1632
19.18814
17.21313
19.67994
16.47259
16.45369
13.78511
9.769921
10.38687
16.65568
8.26914
5.230487
4.613567
4.073357
4.923461
6.274582
6.78113
8.065496
5.967383
6.286069
4.963985
5.880396
5.344724
4.090075
4.575905
7.68375
5.23875
4.616878
6.619279
12.78381
13.35386
16.99426
17.08735
13.58532
11.16795
9.886517
9.201511
10.27173
10.02011
10.4858
10.31463
15.36105
13.70789
13.29561
14.73465
14.04667
12.55185
13.62218
15.2178
10.94504
8.728502
9.871887
11.392
11.56929
17.25191
16.75511
14.36091
16.97892
14.80172
15.23941
17.39587
14.78361
11.38676
12.98349
11.06435
11.20976
10.23036
10.98275
11.51516
11.49705
11.53142
9.19994
10.1056
14.41511
11.20272
11.2663
11.5338
10.28727
12.64577
11.1936
7.020006
6.505842
6.754259
8.391683
7.096474
7.77749
7.371026
9.407624
8.727631
9.181194
8.316495
10.74613
11.75272
12.24443
10.9592
12.60015
12.97279
10.34868
12.37098
13.1884
15.11077
18.3238
13.97991
11.86721
11.51022
8.570769
9.240643
9.502399
10.75023
12.9592
18.1308
21.95372
26.13427
26.03238
25.00977
18.95401
20.91356
15.97372
17.59079
17.48776
23.03318
23.14193
22.44892
20.52277
20.22103
28.02421
24.77676
30.09539
28.97283
25.62919
23.42315
21.6503
24.88536
23.08805
19.72758
22.67274
16.55788
19.02552
19.23372
15.11698
13.14081
14.8725
17.10991
12.57193
15.66896
14.45669
11.7431
16.90833
17.64955
24.16384
25.75907
25.52248
21.66393
20.79539
15.66079
14.00419
12.48839
10.60577
10.38717
15.34565
9.150582
15.01092
13.56562
15.98908
14.35059
13.4414
13.72368
16.76451
13.32399
11.12678
14.20605
8.659649
8.437036
7.502576
10.07593
7.736708
7.155938
6.158354
5.366302
4.622501
4.709727
5.295426
6.000512
5.997948
9.679624
12.27175
12.85545
10.34596
9.503831
9.45059
8.599277
10.94696
12.89591
11.47925
10.63872
9.656431
9.888931
10.43908
13.04021
9.926249
9.92452
13.77087
18.15268
16.66685
11.57681
12.53095
11.21899
9.706257
11.90743
17.96232
18.513
16.14692
16.13893
18.40344
17.1577
16.84107
18.69776
27.04486
29.27371
22.55546
18.34571
13.07506
15.46317
14.18362
10.41608
10.40694
9.566825
12.24462
11.93874
10.58694
12.50524
10.15263
9.422794
6.805777
6.448065
8.754112
6.894011
6.140873
7.889182
7.82925
7.765186
11.31119
9.103561
8.171077
9.292176
10.84786
11.1546
12.26719
11.99195
13.21356
10.79454
10.71522
9.473264
8.305507
9.096233
12.95881
16.13142
23.53411
20.81575
17.05581
27.83432
27.58873
28.32949
25.17046
34.32476
28.19966
28.61412
26.97771
25.37174
17.93456
15.55037
15.15926
11.70865
13.39901
12.27716
16.47143
16.4582
14.34777
7.713068
8.002183
9.489942
15.17371
13.0767
11.44022
14.2155
13.88258
19.05445
19.41373
18.7287
15.15656
17.57159
17.44975
15.39335
11.54577
10.62865
10.91424
9.288633
13.25656
14.8886
18.33886
19.85786
21.74237
17.30293
15.0543
21.6651
34.82093
33.93648
27.51144
29.35726
20.10036
17.29529
12.49831
14.43797
10.1767
6.082278
6.681863
5.443811
6.212455
5.707707
4.876389
3.724754
4.758251
5.229119
5.368589
5.75508
5.757394
6.241296
4.658583
4.362641
4.507055
6.899343
5.706189
6.393341
6.152367
7.110645
9.658397
9.286567
6.54524
5.318089
11.37818
10.44131
15.96817
11.73297
16.16813
15.68363
19.40245
18.28345
19.30339
11.14728
9.020458
10.79512
8.095
5.902838
8.114559
8.909216
6.493929
6.84715
5.644015
3.936756
4.965038
5.990753
4.692922
4.508922
7.428136
13.1663
12.37908
18.4736
19.08381
14.44728
14.72421
12.64552
17.5744
24.31998
24.15795
30.66124
26.23028
18.17952
12.66887
11.74085
11.29403
14.09106
13.55268
11.85496
19.68228
25.14103
14.96384
20.62593
15.75281
11.17441
11.25454
15.78027
12.42265
11.50203
10.51837
11.90223
11.03644
7.29593
6.366455
7.826383
7.553476
5.047286
6.261758
5.681304
5.242762
3.770909
4.016705
5.561455
4.782822
5.403237
6.846121
6.897493
5.48968
4.592545
7.270663
11.52759
11.39518
8.80762
7.743895
10.49462
9.735601
9.511596
9.010892
13.63491
12.86414
8.691376
8.534267
8.754617
8.597194
8.168881
7.527269
7.036798
9.481942
12.60909
11.07099
11.22486
12.67235
9.814727
6.970332
9.578029
12.72529
9.890294
17.27767
11.96074
11.56866
20.10429
18.29015
9.775764
7.100681
6.661923
7.686473
8.550381
6.059303
5.994113
5.705171
5.077825
6.04315
6.987352
7.350654
6.90241
7.484231
6.598955
7.825232
12.11859
15.53394
15.37191
13.50076
10.02172
12.33771
16.16376
12.34521
9.919748
12.10638
11.26912
14.16074
9.649468
8.659173
11.41822
6.191915
5.921132
5.713999
9.276411
11.43195
8.263876
6.426852
5.583094
4.917197
4.518351
6.46671
5.310132
5.458328
6.370532
5.395927
4.582543
4.860256
5.283487
6.177502
8.800341
13.74439
11.00574
9.024002
9.676587
11.68588
10.9683
9.43297
9.815351
15.63396
18.85188
16.16823
13.74599
9.735748
15.13549
13.90256
17.56381
14.67276
16.19975
12.39462
15.832
21.65183
17.76077
19.69038
14.77402
9.391769
7.460262
7.598266
7.674755
6.984646
7.686094
7.765589
12.32654
16.57456
19.24449
17.74797
22.44324
23.24672
19.94128
16.1276
17.24452
20.58701
22.2918
21.81533
18.98594
20.52188
16.21629
15.59125
14.37226
9.285572
13.92723
13.52305
19.84599
16.6709
12.36234
15.02364
11.02529
13.75095
12.04349
15.44706
19.16108
26.49884
23.73671
23.79621
24.71374
20.23435
27.07049
28.5759
23.0406
21.21018
26.17673
22.53621
21.96493
21.89919
19.01208
16.86233
10.96726
13.64141
17.70089
23.81004
20.37518
21.55713
22.99792
24.12953
13.88151
9.453116
11.06444
11.6088
9.65592
9.355798
12.34466
24.21221
26.90643
17.70339
14.02909
14.78347
13.10409
12.70307
16.17718
17.67781
12.26876
13.26026
14.77712
18.96261
27.27096
19.11196
28.02026
21.8134
18.70119
12.92907
11.97678
12.18904
17.47055
14.84949
11.64773
12.2703
16.37757
18.78559
16.91836
21.68094
20.82258
18.29748
12.98947
15.08521
13.00736
14.54478
13.29516
15.03415
13.41438
12.90198
11.27598
15.42602
14.96559
11.51142
9.245267
13.75781
12.77954
13.4787
13.64931
13.83048
14.22527
16.70563
14.80695
18.53898
20.16138
12.70567
14.90368
21.00079
14.83165
16.32175
15.35193
15.02753
12.0288
14.63595
21.09087
18.73553
14.22823
12.843
14.93596
12.31145
7.198405
8.073485
9.401136
12.03446
8.770366
9.813538
8.184697
9.724662
15.57803
17.82032
17.24199
20.77708
24.85325
22.96951
17.96598
15.35896
16.33754
16.49243
18.55348
14.36137
11.48339
16.56129
17.64535
16.56609
14.50844
12.99677
11.593
11.19127
12.67361
8.692853
14.29416
23.35449
16.82476
14.98655
13.20547
18.63126
18.72339
15.58989
12.30699
14.06954
12.0868
7.763947
8.14019
7.124392
8.128167
12.27506
10.467
9.931639
9.819222
12.80203
16.89864
18.04212
18.98714
15.83364
17.79154
17.656
13.84535
18.08107
11.52411
10.04635
8.475863
17.63873
18.88019
18.97846
21.71918
13.23809
13.78827
16.44246
12.92271
16.80803
21.60399
31.20653
28.02682
22.45355
26.09093
28.58259
35.08369
32.58456
22.04979
21.21113
16.60182
10.88704
9.322154
7.879732
5.881927
5.332484
5.42102
7.821854
11.97892
9.600334
10.88993
8.33452
8.945427
10.44205
9.877671
16.64381
13.17214
17.80087
17.66003
11.20467
12.35357
10.05008
7.657573
8.527485
8.000978
4.918681
5.938681
4.626632
5.386358
5.089977
4.187163
4.690724
4.940376
6.521755
9.759535
9.194634
10.27929
13.32718
14.263
13.29205
12.0625
9.252515
9.913036
9.148332
6.976296
8.771622
9.779427
6.243603
6.038442
6.719558
6.183169
6.860803
7.503008
8.81583
9.466935
8.633162
10.03358
6.654179
7.044287
11.21724
8.614187
7.584527
6.795474
6.343227
4.209548
4.360625
4.523978
4.366932
5.521683
5.101556
6.600861
7.804326
6.491385
6.811019
6.410597
7.415743
10.12926
8.254016
11.84595
10.64791
12.77837
11.21998
15.66735
14.54808
12.51876
13.29553
15.40708
20.21041
23.77642
28.24726
19.7225
26.75472
31.84185
24.66063
27.48269
22.59419
14.03333
15.14292
11.22889
12.33407
13.83966
20.04258
21.6718
20.76907
21.50955
16.14894
12.53443
14.24407
18.28707
24.55754
22.58397
21.1826
24.37133
19.02371
19.42135
10.18355
10.86593
12.29321
9.377782
7.349904
7.325959
6.402273
7.690091
10.58529
12.26444
9.756222
7.825481
8.410083
9.884393
10.7732
10.13305
9.698233
6.977762
12.98231
17.24351
22.25936
16.51396
18.91601
14.63717
10.93504
9.281796
11.44344
15.5389
18.39819
14.69715
11.89443
11.77585
11.93079
11.9722
16.55657
10.49367
7.411889
7.996076
10.22782
12.91761
10.20578
10.50813
12.06388
11.58154
19.71547
14.20649
12.62784
15.75155
14.73484
14.17622
12.13071
9.374172
9.606758
8.465408
8.44238
6.875336
7.196522
6.096668
9.557159
9.365072
10.21819
15.55089
26.7156
15.9433
23.03648
28.89878
13.50183
19.13745
15.90718
19.02203
21.29909
26.75849
30.24704
29.51781
27.0153
24.17956
17.60203
18.63922
17.04891
17.27947
13.44183
20.04948
18.29003
17.66586
17.61918
16.79624
11.28538
11.94204
10.28996
8.474108
9.539729
8.147724
8.005064
6.708152
5.569921
9.017784
7.488229
6.908359
5.318289
5.741532
8.184049
8.62635
7.082186
10.83921
11.38465
6.698371
9.474195
6.359444
7.294348
8.74512
10.86306
11.53655
13.95278
12.44538
15.75811
14.238
14.90957
18.7064
15.5788
12.09197
15.90138
12.7643
11.90136
10.13422
12.77296
11.31741
12.71513
12.67683
9.360725
11.43377
12.70267
14.70826
16.11325
20.24092
19.57926
15.63815
21.51295
22.92521
13.90378
15.81104
14.15484
19.8101
23.40629
22.99416
16.83926
14.2314
12.45515
16.43586
19.64957
16.5941
13.99278
14.52348
13.99208
10.11139
10.2281
11.73203
8.015775
7.70515
10.72508
12.99659
11.12914
11.49917
9.79261
9.769286
18.97426
17.83809
18.42403
11.32587
10.0237
9.163463
11.04293
