74.17827
71.50878
63.24057
57.44579
57.96922
47.74057
40.9294
52.99974
51.90404
44.00389
36.9047
45.45129
43.08987
39.21337
36.40872
45.82177
46.11185
49.55757
39.61104
49.29118
52.33076
56.57205
46.8772
48.60598
48.39296
46.73747
57.1925
55.22136
49.04908
54.68724
59.78732
60.84935
51.97941
53.07234
59.89332
45.18847
42.77799
54.78069
58.47289
55.28867
53.27239
43.02156
45.56709
42.53758
46.89067
47.84075
42.04952
47.93007
47.62855
60.13667
58.16437
50.53694
44.26076
49.42237
49.7797
49.39839
43.15442
45.35185
42.09025
44.17917
50.88949
52.32872
44.71249
54.36057
47.40265
42.62423
39.02544
41.99721
40.60789
45.88545
43.05584
49.54302
49.07298
39.69853
55.20563
54.39756
55.9951
52.77058
51.53993
51.57384
49.50823
50.50644
46.35606
40.57323
42.48527
52.26873
52.38751
43.19444
48.96751
46.33099
49.89245
43.62959
47.2048
55.43254
47.11393
47.03468
51.84709
45.67772
39.7075
49.52675
49.86979
50.98679
50.06422
61.91696
57.82461
51.87189
43.48277
57.56921
49.18174
45.34173
42.05214
48.48777
53.36702
48.10961
46.13618
43.42686
44.71158
44.99069
48.64844
44.06243
53.67371
59.36329
46.87679
46.61009
52.88485
50.47768
53.50568
44.78819
39.69378
55.59636
52.80551
59.28631
52.23791
48.97733
51.01525
57.89146
55.19713
50.88717
42.31293
47.64297
52.66994
38.40648
44.13847
44.01431
50.04619
44.06174
49.90535
47.40083
49.21322
47.58159
47.19209
48.08276
50.83925
53.84173
47.05324
43.10116
47.2525
44.16971
44.3376
41.33908
49.07245
39.69509
42.73158
52.79877
43.3323
49.48233
50.5124
54.96744
54.70542
50.23396
45.80057
42.7575
42.07614
43.98111
48.52073
46.52342
46.2051
42.50829
45.86326
44.37662
53.68754
43.92103
47.10321
46.30442
44.80305
48.5906
41.95412
42.48758
51.305
48.06999
46.03292
44.80825
40.00617
44.35673
40.22477
45.72475
45.26605
46.89678
50.68244
48.8914
59.58481
47.8423
48.10635
53.13393
47.801
58.96224
53.39146
50.64133
56.42577
53.15007
55.48419
50.50522
44.14885
48.44144
46.63108
45.94622
50.43719
42.35122
39.89137
46.30325
56.33135
44.95409
45.2992
47.34888
43.2023
53.05499
53.04557
60.03601
55.00589
57.90204
51.27884
53.54162
46.24687
52.79345
55.93203
60.34786
60.65634
58.30401
52.10471
42.93606
47.46522
53.48826
45.93821
39.49931
43.59417
54.04984
56.14544
50.42541
56.38076
59.19646
53.89297
55.72002
42.78947
54.37695
56.67764
45.42115
53.54116
46.7054
50.23291
44.47013
47.01136
51.43039
51.87537
50.18675
55.20705
52.36626
50.67093
53.84681
50.88318
54.48401
53.95923
48.35638
50.48385
53.03534
46.59638
45.29697
42.32247
41.79467
61.17713
55.9209
53.73328
56.05541
59.64129
50.57366
44.81104
40.54847
41.41371
49.33443
42.8348
40.72623
48.12189
57.14283
54.85615
61.40199
56.39496
52.0465
48.21055
45.76151
46.14527
48.8011
44.63629
45.59197
50.46702
38.69721
40.3484
44.40724
43.12328
49.52406
55.4868
51.06155
52.06499
43.5168
41.94955
39.61306
45.84344
50.55093
53.84848
50.52292
48.28339
46.10392
50.91555
48.70077
42.79776
43.75371
43.90693
46.73839
58.0307
53.79617
56.06936
57.65064
51.72761
54.28368
49.59474
61.87646
42.37073
42.41505
47.59254
50.23082
48.95472
48.44204
50.8255
58.67934
57.17174
50.52822
54.40447
55.33564
54.90389
52.50068
66.5557
61.84952
57.79001
64.76181
57.43914
69.79263
62.83572
57.8712
60.42587
61.72509
53.91297
53.46359
54.67836
50.55904
54.6574
56.99625
51.39603
52.35082
47.1329
49.26066
51.34693
52.37627
45.98852
44.12997
41.46827
40.65536
42.36504
41.59922
40.75999
50.48279
56.29824
47.88502
56.34756
50.67383
51.11786
47.81561
54.76858
50.97427
50.02865
51.19426
53.96678
52.56009
46.67573
44.69548
48.05403
51.00427
43.74828
48.63444
64.02357
53.95136
46.11843
42.67725
47.422
47.03065
47.05803
46.40466
49.12133
49.44779
42.86667
44.56798
44.80002
44.1408
49.21292
48.76662
41.19286
42.23103
52.54267
43.27742
46.70061
42.27485
44.37281
56.71043
44.96553
52.15159
49.64958
41.51094
40.13349
44.16754
44.04729
44.97708
45.92703
52.25032
45.92066
52.00186
54.4311
49.69457
45.71186
43.01482
35.3576
48.29709
50.02208
47.68635
40.91279
49.12496
47.72987
39.46621
56.37419
50.55097
43.93279
50.0378
43.66552
46.76249
49.81634
49.86808
47.10166
40.18407
47.97348
39.68437
46.91336
47.32631
53.19439
49.20898
50.50556
44.84347
46.844
45.86591
44.16666
48.35014
47.21426
41.7494
48.37756
59.24259
47.26399
52.02745
49.4875
47.68765
53.16474
62.06848
57.29727
52.36307
53.61076
60.93084
50.4304
55.74381
48.68844
44.72235
57.29427
57.69786
58.25833
49.77712
43.39057
44.52025
41.25636
41.90437
37.73779
47.0048
38.47128
48.66958
49.94427
43.01177
41.39058
42.64497
49.22476
44.28718
44.24566
41.73555
45.88231
43.06516
43.92011
40.59416
49.91212
54.94111
49.84388
47.35254
49.53514
45.71188
37.52449
48.6636
40.3019
54.84695
47.76552
47.9538
41.11316
40.63778
42.07668
44.80928
44.53229
48.66153
54.50716
47.18471
49.97693
43.05222
58.28155
46.92952
46.31973
56.21062
51.91852
45.99985
48.45374
49.71752
43.12155
40.93985
42.38875
48.68162
43.23542
43.36707
45.44357
45.61431
49.40398
45.82596
53.50786
52.37272
37.14081
44.62397
45.0594
43.07868
46.84534
48.11457
42.62139
42.00978
41.30094
38.62399
38.4709
41.9836
46.3117
48.95974
45.69985
45.79133
51.69443
47.00111
46.3594
55.21251
53.09616
58.60774
41.3939
36.77669
49.21551
43.58312
47.87399
50.42222
49.61553
54.31219
55.47519
46.22245
51.57402
61.99186
46.26466
58.85469
54.79416
62.09984
55.35962
45.10068
51.17185
44.28207
51.68959
59.33223
47.608
48.3143
53.88738
51.25763
42.80941
46.02588
45.37181
38.74831
47.55787
52.07806
44.48622
47.01414
49.54525
47.52569
45.16403
40.29295
45.46089
50.82606
45.78265
49.08989
46.00123
49.05604
49.91364
44.75675
50.16007
53.72058
49.07373
53.27191
51.49102
61.92442
55.69913
50.03466
55.55385
46.73003
44.19677
48.62642
47.08761
44.45147
45.5288
41.69958
47.22446
48.43703
56.22962
50.97949
47.70816
43.41807
49.01257
53.59577
47.89072
53.88157
46.71844
50.25172
56.93778
50.70976
54.41068
47.82662
49.78925
52.04598
54.0007
49.55244
57.04615
64.24862
62.91963
50.23793
50.29962
52.29735
44.982
47.71432
50.10706
48.32303
47.98929
51.02707
51.22298
56.10347
50.25366
48.53917
47.16829
54.1586
49.39377
46.9726
52.87239
53.27697
59.83741
47.64037
44.2573
41.48414
36.02206
45.57212
47.12903
38.10555
52.34864
50.18579
48.7447
53.02771
43.49418
49.79217
51.18538
49.85257
52.21285
50.92183
44.0344
50.61052
49.69176
49.17414
45.51058
47.22431
59.70614
48.33508
47.55728
50.3507
54.78903
54.30735
49.65308
47.07043
50.53806
46.38136
46.96336
49.07815
39.54245
34.86259
32.99512
47.17206
48.90409
45.72192
56.94545
45.89802
50.08078
47.92046
49.35005
43.95593
47.07279
39.57443
39.21249
45.46637
40.49851
46.38603
48.14521
48.42163
42.75272
41.94033
43.89859
48.88598
50.89377
39.9557
50.40514
49.27332
52.93958
51.4464
55.93339
52.74545
45.37541
43.42335
40.2661
46.01376
47.46374
44.15517
50.91906
46.79141
47.34965
50.14285
50.33854
59.32786
50.88264
47.31262
49.21568
54.91218
56.04582
52.73449
49.38091
51.99551
57.51499
54.48855
50.39058
52.34716
51.70604
48.64071
53.47944
50.77371
46.75971
51.05851
52.36472
55.8989
48.79735
54.21265
51.67607
61.37872
48.65536
47.51388
51.57793
47.57405
49.55196
53.30055
49.99
61.57666
71.28366
52.43112
58.27915
55.65559
43.7051
43.86987
50.49538
49.13166
56.63351
58.39103
47.64551
49.92476
47.52031
47.9555
48.56013
49.64125
50.73018
46.29724
48.38977
45.47017
50.08868
49.93039
46.72364
53.09097
50.5632
45.57072
53.44077
50.30916
56.02045
55.00734
55.37928
47.70926
46.80436
56.51307
51.14728
51.14572
51.21863
46.49755
46.73689
48.66413
46.31962
56.49364
53.35335
46.09296
54.72147
40.04849
42.61552
44.07772
47.14409
50.37787
52.16808
48.47732
42.81695
54.32239
45.7623
44.48498
48.82629
45.97736
45.03015
45.5052
50.68209
54.22033
45.3838
49.0173
43.99656
45.40925
44.40091
47.46276
43.88463
46.78992
48.80532
52.33324
52.92247
49.96511
48.62079
37.13626
48.95015
45.53507
44.25775
53.5995
61.90036
48.21239
56.48752
50.21635
51.85607
51.60708
50.7853
43.57156
49.67189
42.91765
43.76093
47.01245
39.89324
41.53602
44.91173
45.17399
43.15233
46.78228
44.2047
43.74924
46.91153
46.28982
47.98662
42.63638
50.92839
53.14009
54.85876
39.77973
46.17492
45.72372
49.99351
48.32164
47.23114
47.97576
54.15135
47.99569
56.48597
54.15629
45.78844
46.09023
53.23348
45.16703
44.69545
51.65892
53.23115
51.0147
47.14747
56.05299
54.30378
47.42073
52.66169
49.98863
58.20121
45.71061
50.04201
42.07637
40.51878
52.02865
48.25556
55.65343
47.84201
40.55564
43.04324
40.83957
44.65439
42.69573
42.02361
47.8591
46.35521
41.90668
46.78961
46.59681
42.15325
51.82061
52.50322
49.56935
48.42208
43.81095
41.51811
45.10101
40.30194
44.31539
46.85548
47.90204
39.7713
43.18897
48.54034
54.21852
55.22341
48.55378
60.34742
58.03621
55.08375
53.07901
50.55667
49.59787
51.20949
44.59541
48.18231
45.48084
47.48208
49.90876
47.32413
47.53473
44.31879
47.27287
59.04622
48.2031
50.79849
48.17723
47.30428
48.42726
42.8367
49.56709
46.0776
49.71882
53.09369
49.45331
59.68381
58.33725
57.78913
48.30687
46.10166
40.23191
48.32984
49.29164
44.20259
40.35818
36.75794
40.47664
43.38017
43.56596
39.81407
40.42437
45.44548
42.82762
42.17168
44.07753
41.79368
46.22705
48.77234
44.66362
47.90567
40.18742
45.99927
49.74233
41.01203
45.30276
41.87969
41.12418
50.05211
45.69584
42.14807
53.04953
47.5568
51.85237
57.04911
47.93611
54.78902
54.61673
47.01671
51.14001
48.17877
53.65477
40.05597
44.79323
44.74885
42.61386
45.45119
44.07893
40.48
49.30059
49.69544
52.10759
44.3906
49.72525
51.32672
51.1407
48.72465
51.1946
54.39941
45.80669
41.34809
55.37468
45.84201
48.50108
50.97639
39.96658
44.61085
48.78363
51.92703
47.60541
55.78955
53.81772
47.84589
50.80463
48.28807
43.22805
52.04044
48.59058
48.00843
42.86439
46.84594
50.39773
50.00676
47.38536
44.58199
40.79482
43.5422
48.21912
50.89847
54.12211
48.90115
43.72296
45.28348
36.77096
48.80587
48.85866
44.29535
61.04792
52.46487
63.74641
61.45842
46.72012
53.25642
49.57105
40.54237
42.56967
47.54695
51.82625
46.42083
44.03866
42.64195
45.95066
51.23393
50.46337
50.29303
49.48861
56.76537
45.77198
49.76115
55.45724
46.59696
46.58839
52.54344
51.83726
47.9702
47.18785
46.90847
54.67021
52.81161
51.08159
52.28348
45.97407
53.90222
53.72909
49.34622
52.09852
47.25712
55.67825
49.43085
45.10229
46.44224
51.69299
46.72868
43.49123
45.0583
52.19824
43.06649
51.30127
44.69408
41.75544
46.68307
45.79224
43.47105
51.2451
45.67985
43.65345
48.88908
48.62464
50.94267
50.53601
41.24966
46.31201
54.43234
55.12875
54.93972
44.65387
45.31179
47.39768
44.2106
49.43725
48.21072
38.23293
43.70939
44.42385
41.52711
45.50249
47.92497
46.8825
49.52154
43.8494
41.12917
50.76645
47.26799
50.39416
53.57319
47.84847
45.04441
45.22568
45.49222
54.52219
53.68659
51.54813
49.75104
58.49099
54.925
52.52588
47.4369
46.31339
45.43804
46.80632
47.54921
42.42003
45.36114
50.916
53.28001
52.93097
41.48809
49.583
64.02827
54.61296
53.56372
52.58236
51.2877
48.9853
57.31598
49.95323
55.96135
54.09904
57.22048
51.84681
43.553
46.64048
57.50149
47.99748
56.53212
50.15697
51.74963
53.01606
46.42331
51.98113
48.20273
46.61689
54.058
44.96953
49.71208
42.37189
49.24217
51.36003
49.0674
49.76235
50.03856
55.49789
63.17732
57.71978
60.08252
56.85061
44.91358
43.18817
52.84625
52.46453
57.86564
51.74018
47.19491
48.95263
48.25212
53.92935
42.69531
53.48513
43.31365
45.76053
54.28184
58.7979
53.95616
55.47686
58.89305
53.12933
48.00749
51.55824
50.48658
57.82496
47.73075
54.81034
54.15099
53.79135
46.6292
56.18958
50.63086
45.76087
46.54835
49.79289
41.6556
48.35192
40.70633
44.4768
42.54101
40.36249
40.32665
47.5603
44.8036
47.08292
44.70471
53.34711
35.50867
50.0359
48.9086
40.76585
40.7198
46.44881
50.30573
35.23845
40.41151
41.92763
44.02753
37.99986
35.37518
47.04978
51.50334
44.89937
52.40989
47.28157
47.1844
44.10971
46.8627
39.94675
41.85842
54.0526
54.61911
47.23427
42.0079
40.95275
43.77022
48.28938
43.54658
45.02028
51.66707
49.33102
55.22447
52.42507
54.49756
48.83198
45.85094
46.92474
46.64558
40.02057
49.2397
50.2455
45.4084
51.87178
46.61032
42.10255
38.82664
38.0453
43.75626
47.12048
44.2164
36.93714
40.98288
30.77916
46.6265
39.66146
35.26904
35.29795
44.15132
42.89132
41.2844
55.29959
55.90808
49.98631
55.23217
58.04534
51.42207
51.30629
44.41022
44.43351
52.82347
42.81225
53.7535
47.77858
50.35509
43.21599
45.40847
49.22043
46.88015
48.69695
48.43621
53.2994
50.10856
56.57625
52.5537
53.03638
45.8311
48.80447
50.70308
45.03732
47.08695
49.67693
49.30107
56.55302
48.34561
47.66628
51.30034
46.35026
49.06543
47.619
43.60487
50.29717
49.45768
53.63571
55.97894
66.98452
53.73262
53.88855
48.40732
50.81891
43.79335
45.87378
56.78835
50.64436
42.86915
48.42849
48.31573
51.48446
57.73528
54.46079
51.43005
46.60195
49.82709
48.34459
42.65106
52.93403
52.64318
45.77934
44.94181
39.62496
46.42235
51.1535
49.91589
50.96932
50.1624
49.03357
52.18545
51.60945
48.73694
45.89186
55.91711
49.58909
50.891
57.81768
45.7532
54.02236
58.60333
60.69056
54.15971
61.42874
52.3562
50.04384
51.62534
58.89837
43.63071
46.15278
47.00857
43.1521
46.73636
44.62507
53.83292
47.12469
52.40353
49.5605
58.04437
55.36485
57.25166
50.71132
52.67675
57.10641
48.36396
49.54101
46.76577
47.3973
54.06078
49.83155
45.236
52.95782
48.6035
52.41913
54.38252
51.37552
54.45272
48.09924
45.83093
52.52213
52.59693
50.68759
55.25852
45.98769
45.67095
57.15808
53.49638
48.26153
40.2034
39.1188
42.10802
45.76834
43.15839
49.68095
53.93781
47.26301
48.75641
39.51771
47.12792
47.30706
46.00046
43.86465
44.70477
44.9094
36.54294
46.44227
52.96957
40.21769
39.82816
41.41504
37.8141
38.91537
40.33132
45.71466
44.98231
46.92333
40.94374
36.96689
42.82601
45.35493
40.15798
47.48129
39.45092
55.49157
54.17671
42.43158
45.08633
47.0275
41.48152
42.08885
44.95582
44.13614
55.38916
51.73443
45.36154
46.53132
39.60771
43.91498
50.05724
42.86311
42.42076
45.09258
44.86584
45.12574
52.3875
41.89376
48.52841
54.98357
48.96154
47.24345
46.32365
57.49443
49.91354
51.38326
52.14937
48.55281
50.91116
59.68177
49.81003
55.7061
44.91577
52.54096
45.18623
44.19413
45.90442
45.75813
42.65466
44.24164
38.17681
47.77465
45.3756
47.80575
47.67907
50.49045
42.01062
42.5711
46.09632
43.78945
46.78323
47.09071
47.00949
49.17185
45.61997
52.08441
46.36821
57.04185
51.46298
53.04543
46.31076
45.30052
43.28336
48.34372
41.35554
38.84423
43.02489
43.38244
40.20184
47.52497
46.22872
45.34931
48.67671
49.43157
42.92141
56.60601
37.07438
53.7774
51.3535
46.93806
48.34129
43.37084
40.33364
47.63787
46.72676
40.32153
45.968
52.8971
54.30607
54.16382
49.45048
46.02039
47.51357
46.15956
46.29801
42.22756
49.11041
46.50638
42.72683
44.22263
48.21747
45.08842
46.25614
55.46431
51.30751
56.96853
65.06377
47.14225
47.16603
51.49617
50.39891
50.17238
47.62586
53.54348
42.65953
44.05298
47.76884
44.71027
45.80643
43.51618
39.19736
53.84784
45.3238
45.63172
44.29309
45.11158
42.24549
52.04063
52.98909
54.78804
50.3641
45.16317
47.81886
48.3305
47.6713
45.24497
46.68249
44.93534
49.13993
51.48136
54.94896
48.02137
50.18803
49.77092
47.31166
44.46386
47.58237
43.97525
41.18051
46.21175
48.65212
42.75934
45.37717
47.69958
41.71599
45.42669
42.5955
45.85933
44.05397
38.52828
46.47307
48.08285
42.81931
46.17813
46.00451
46.09169
46.82229
46.31173
38.62336
48.97078
47.66946
48.89453
40.63639
45.25277
39.43766
48.35408
46.29957
47.37552
47.75996
50.9799
59.04395
48.91105
52.2913
47.34198
42.00682
42.56516
48.55204
46.86819
43.37014
46.06767
43.54635
44.01646
38.30807
40.65992
49.21388
43.94815
43.07665
42.77261
40.70556
37.22951
41.46642
42.2959
41.00617
51.34689
48.24981
56.22462
51.98278
51.31231
54.82517
46.10477
53.8031
41.60033
49.06486
42.32919
49.29869
51.52592
51.94938
48.5785
41.86896
46.73052
48.67888
45.5325
43.07027
43.71102
45.62475
44.14
47.76593
51.34164
47.63369
47.6348
45.22425
46.83448
39.17859
50.93198
49.98779
44.14915
43.03147
48.21498
49.67125
47.24635
52.56056
47.19872
54.79297
58.49197
45.67063
53.2763
44.84474
40.28732
43.19244
37.56198
44.16465
52.9543
46.17637
45.57495
43.91911
44.62988
40.78294
41.17575
44.2808
45.11067
43.50603
50.75557
47.99717
47.30707
51.13592
45.25788
59.66041
58.52912
63.06173
62.27537
60.25638
65.59944
58.8863
64.03435
62.9976
62.88292
58.56903
62.32628
68.91782
52.81899
62.30392
56.5369
46.05155
51.63522
43.20169
45.47201
46.55593
43.05122
46.04286
40.0719
43.96064
48.5369
46.10947
46.32206
48.8293
48.03269
47.36867
51.43474
42.60359
43.335
45.98908
52.17436
48.40988
50.10989
43.04309
42.97219
53.94965
53.04647
51.38014
51.73045
48.52115
43.88037
41.32443
41.29537
53.59306
38.80104
41.52484
44.53602
41.6644
56.40982
45.86941
48.74933
53.94035
52.8803
56.14391
52.15378
37.01674
41.37511
41.75202
45.31909
41.099
41.0505
44.34695
43.83614
51.50614
45.2006
38.85695
44.12884
46.39002
48.2593
41.90582
49.81861
50.88574
49.05924
51.33036
49.63849
44.52005
49.80141
57.77674
55.55317
58.89581
49.08457
51.04388
48.33801
47.1594
51.31771
50.28953
49.63606
49.10843
50.18914
53.25532
47.18669
47.69336
51.40759
45.96342
48.6709
47.80091
52.89339
51.87486
42.90721
42.93628
43.40057
51.60722
46.43328
44.3447
52.23873
49.4899
68.80817
57.69169
56.45665
45.64036
55.48463
52.0891
47.13855
42.86903
43.11154
39.83628
51.05766
45.13579
43.2623
47.01167
45.93907
44.41138
51.26048
45.99716
52.58165
44.68495
42.33617
52.06536
52.39333
46.61644
47.46982
45.59152
42.79475
44.14651
44.73968
43.06288
43.62767
40.68831
46.84408
49.37372
52.80901
55.81482
50.25994
47.77753
43.17684
44.77454
47.16208
53.26176
46.18705
54.31002
54.96619
40.22044
49.97422
41.89977
38.4079
37.12574
38.71782
36.73631
44.14837
52.4219
48.23548
41.143
43.96605
44.19024
49.5137
39.71171
51.67216
37.27159
38.51726
37.27062
45.04672
53.68772
52.53154
49.21854
46.66197
50.78976
52.48194
45.65776
49.62755
47.55702
50.47262
43.37574
47.43857
47.88889
48.68648
51.75213
41.50782
44.70557
51.24893
45.15504
43.16101
46.9336
39.60956
51.73233
51.03525
47.04344
49.0392
50.22158
49.62045
48.73165
57.4552
53.21669
54.35808
56.80788
48.0596
46.60851
41.38899
52.99451
42.05169
47.38258
49.77414
46.78859
45.72402
44.11442
44.25151
46.86514
51.00961
46.38351
44.69302
44.79887
43.34327
43.70464
41.31232
39.20931
50.1768
41.25958
46.54512
49.09214
45.57111
45.79316
39.922
39.79941
46.16418
43.05154
43.94715
42.94053
55.9098
51.00956
52.43806
55.5831
46.03444
47.57288
47.73466
46.29177
43.18763
53.54881
48.93812
44.621
44.42273
50.50475
44.52094
52.66576
46.39316
44.61012
38.48611
44.07566
42.63708
48.66741
47.45619
42.9366
40.59771
46.89257
47.2423
51.9561
45.67288
44.31897
43.80553
49.05842
48.12256
48.49583
49.63801
44.74097
40.2262
51.5598
44.00263
42.32615
49.30565
53.32576
44.44474
43.5494
50.74031
49.28436
52.8969
45.28987
51.33863
52.56619
48.18362
51.32362
54.08688
50.15317
51.86242
48.06755
45.92744
46.33876
52.23042
43.87379
50.36512
47.65585
54.60553
52.53944
59.89824
52.38005
46.96014
43.64752
43.88724
45.31522
50.60371
44.64428
50.71712
50.8219
46.46486
46.19274
49.81108
52.38194
41.23155
53.11524
58.83443
49.90469
52.36733
54.27903
60.33232
60.30154
58.02156
70.68324
65.04951
48.26079
41.22424
39.7852
40.06711
42.62826
50.65734
46.3726
56.79127
50.92273
46.17914
47.50168
45.58763
45.06453
38.40718
44.95435
62.25492
50.32976
48.88406
49.47683
51.43153
53.53053
42.2752
50.36767
46.7394
52.35057
51.72855
42.30672
45.30475
43.98562
43.25021
42.99175
48.9658
53.28937
45.67988
55.89494
50.82198
47.13029
43.5427
53.1058
41.17608
49.94892
53.82191
48.78643
43.63581
45.01063
46.97586
53.45044
50.19764
45.97341
43.76552
46.19214
56.06659
52.14199
48.75751
55.38285
52.43299
46.41085
49.38305
51.84994
51.24969
50.92704
46.97698
49.52125
48.24639
56.51331
56.78082
51.71919
54.14024
56.08743
52.72356
57.08569
56.12928
50.02888
51.64511
51.63528
46.23282
42.08394
47.34623
43.20058
44.45217
44.12175
44.294
46.07657
46.57713
48.18722
57.40555
53.89573
48.60288
46.44197
49.95324
62.42856
53.61649
54.58854
55.85285
50.62323
48.96079
46.02656
49.44024
54.29217
54.08993
56.85606
49.93469
52.87979
43.73372
44.31245
47.00452
45.25197
45.37287
48.0468
48.92866
44.82181
51.19597
50.29477
54.17175
45.25884
51.7957
47.8646
45.57876
48.51923
46.21411
40.12163
39.91561
51.91713
47.43269
43.90333
45.69276
45.07664
53.83723
47.31243
56.61635
50.01803
46.38781
57.07025
43.67347
49.50562
47.20331
51.77816
52.05979
51.88881
42.54025
50.19127
47.87058
45.83673
50.80118
50.13791
42.85417
50.58555
43.76617
39.86522
41.16559
41.32737
46.34549
40.78537
45.10609
46.30604
49.53004
47.6327
53.94277
48.63718
55.29311
45.4041
45.20971
43.26962
53.51974
52.06898
54.33792
45.79423
50.62761
50.79658
52.57722
44.69179
53.69471
47.01072
49.4725
41.68522
41.35469
48.44811
40.35164
48.46099
46.38376
51.98906
55.09307
46.03422
52.15269
40.91723
46.15545
44.8562
38.83457
43.14468
52.75441
46.47075
42.75381
59.27146
46.75193
48.72775
49.05553
48.47945
45.32218
50.96697
46.64392
44.13229
52.4689
51.43883
49.04876
51.23611
46.83513
52.50925
46.45346
48.87902
44.3779
45.88138
40.87004
42.51581
48.64608
43.11551
47.5155
53.13867
49.99675
40.49207
40.03828
39.7593
41.75612
44.81018
39.09863
42.49518
42.15354
40.97768
45.74352
49.63868
44.71672
45.71538
45.48369
43.25453
40.95129
49.13812
49.32238
56.90507
55.64085
48.46032
39.73054
43.37826
42.97119
37.08727
39.92982
47.5562
56.34186
41.93093
50.14091
53.12614
43.06735
47.20628
49.07582
55.40629
46.11047
48.33566
42.28661
48.24335
46.01254
52.69566
52.9819
43.013
49.82756
45.41479
49.46406
49.47137
50.50341
50.69208
50.14637
53.19604
46.29459
50.5098
47.32916
47.76895
52.5655
41.42023
44.70916
47.76961
42.83096
47.14309
46.46854
40.50694
50.09108
47.17959
52.95484
49.21525
45.12141
