7.346562
13.46368
16.81028
20.59983
29.99301
24.1508
29.80679
37.50481
37.09214
30.74535
35.22488
37.59785
41.0199
39.78672
34.23063
42.05539
37.99628
37.88835
35.13961
25.75061
27.39632
24.86391
22.73165
24.98695
27.57041
19.45495
12.16904
18.06259
21.13262
17.60271
12.4256
14.78107
26.8157
22.62316
17.59328
24.84558
22.8744
27.84914
23.96806
24.1871
24.38345
29.14961
22.45212
28.50909
36.26988
35.08747
41.29662
45.44766
35.7517
22.26316
22.32104
27.85844
31.17628
33.81541
38.5867
44.64229
40.83055
37.46848
39.21818
43.71992
44.79647
35.29537
28.33526
27.66489
20.67562
26.83223
28.7591
45.73298
44.69909
36.78564
29.35117
29.91666
40.26455
36.00626
28.74464
21.59536
30.66369
24.23062
20.8219
24.93881
34.87838
28.82933
28.16718
27.42097
38.90175
31.18127
19.5897
26.06645
24.64184
17.5401
19.98988
26.47389
26.78499
32.37326
36.97953
43.21931
37.60224
40.41349
46.15033
28.45165
25.7643
24.13349
28.45489
21.91841
25.88692
31.25377
41.14152
31.81717
26.4325
28.00415
39.55003
31.55947
28.26652
28.86745
27.75587
32.69956
40.24137
42.25551
42.23015
30.16154
36.68499
32.76733
29.14715
29.82473
30.66264
39.89026
39.57773
44.22351
56.89895
45.53315
43.25044
50.39717
45.9817
36.7006
32.92877
39.18438
33.3082
46.98035
49.68772
49.34122
51.31227
48.83023
56.07481
44.63339
38.76856
42.60118
31.40326
22.93345
29.45044
29.95413
28.90313
34.28878
49.18817
51.99076
41.47082
35.30066
38.21532
34.93175
36.89315
39.65668
45.61706
66.38715
52.35393
32.57799
32.5957
35.96449
38.48706
33.21677
28.32448
36.9995
46.5695
38.90458
51.07511
51.89348
54.28851
32.57586
41.88602
50.10765
34.69493
42.32392
35.56197
40.64021
42.64264
40.83275
44.46792
38.86586
50.2027
42.44891
39.852
31.30049
45.35301
42.96623
50.87488
45.32885
51.16516
47.56221
49.41111
40.8164
41.64328
33.29577
33.03927
53.87205
42.83412
36.69884
36.87544
31.67365
23.54992
32.78933
24.26437
32.17975
32.03612
38.75311
51.89642
68.6971
32.13694
49.9993
48.34524
64.91798
56.20954
59.81423
53.03958
42.01213
35.84723
44.3477
35.24336
27.87302
35.71179
31.63978
21.81596
13.86081
13.70011
21.36052
19.05641
29.39362
24.20604
28.25455
17.33429
20.21555
24.5435
28.30139
40.37636
42.45606
41.63074
58.87058
47.52628
48.40182
35.05943
34.41784
38.38249
29.80711
27.06936
44.38799
42.79295
40.92109
33.7299
30.08156
34.75156
32.58443
28.08161
25.74003
30.20952
32.72845
30.46233
45.60396
36.22608
39.00264
33.65828
39.35129
37.38062
41.08365
41.22264
46.13939
40.68696
31.15879
46.75011
51.10164
53.62883
38.29117
36.68121
36.96426
38.43423
39.73551
35.48989
39.60143
51.38349
63.72049
57.84135
58.86066
69.52364
73.04235
46.02229
44.45094
31.37406
37.50687
32.41827
40.21438
36.47076
30.3731
28.40616
28.2365
36.3242
33.76901
42.44971
44.89328
57.89141
53.06293
36.15665
32.03058
25.08661
31.29762
27.07724
37.80942
55.04943
45.40615
42.25693
39.46408
33.16375
45.52948
41.42462
35.88722
41.02397
37.56703
43.87244
38.4676
32.89629
34.51941
28.40548
34.46074
31.02946
26.72564
27.12074
51.53063
36.63176
39.44981
48.69829
61.67898
50.58292
39.89969
29.62284
21.10862
15.52424
16.74348
18.51061
17.97564
16.16021
13.44699
12.58267
24.14702
16.76645
19.19986
19.2298
19.30626
17.16538
26.23582
24.17455
24.85405
23.66725
18.9488
22.32058
25.6007
21.65684
24.465
22.83511
28.4094
23.81412
26.90277
26.18918
34.66765
47.62612
30.82015
37.45696
41.8466
38.87172
53.55986
58.40443
55.35056
52.18444
44.62155
24.42696
30.04386
28.88246
37.87906
36.14814
30.58087
27.49897
30.68404
29.52427
34.58793
26.31063
24.40318
45.37445
48.64081
43.00254
36.86588
44.71376
48.86492
47.31774
40.59602
54.50131
45.77801
44.77842
29.89495
37.12515
45.09479
30.37907
25.42629
39.67507
45.70652
43.96182
35.57474
35.1749
33.18639
39.46202
47.36125
33.18068
34.41196
51.23366
55.4438
43.88175
23.36983
26.10813
31.52956
26.60395
31.06462
29.40696
32.24992
25.76719
32.61524
24.57156
26.3029
25.26964
35.80556
26.69707
24.86652
26.98629
41.28741
49.45414
44.0618
43.4994
35.38399
35.05183
41.69543
50.07349
42.1352
34.59979
33.40656
43.34048
46.53235
51.51404
51.39922
37.91129
43.96886
40.10397
33.07822
31.88261
33.10064
24.53056
31.52796
32.37162
38.45466
34.04172
25.66774
34.42112
27.60014
30.66761
25.3213
27.1778
27.43641
34.63046
20.22311
24.27824
24.90184
33.78607
28.99106
21.96452
14.99741
13.33056
17.5675
19.12598
13.8458
11.99098
8.623784
10.12523
9.618742
8.827535
8.565029
10.08732
13.17789
18.26198
21.63111
43.42815
42.00202
55.89553
42.20125
31.58646
34.12724
32.88793
34.92946
29.37714
29.73211
27.24224
26.71465
42.5308
26.28149
25.84268
24.4225
24.63565
28.59896
33.90019
34.36936
29.79102
40.26799
45.37449
43.47636
49.87081
26.9566
41.40076
32.87943
37.50284
34.01075
37.62643
36.06878
46.97901
38.48258
32.14745
30.20846
28.39516
33.06055
35.34878
38.94034
26.73193
46.16209
38.86553
42.85704
34.36902
35.65026
43.55386
36.46071
45.46256
41.75583
43.9238
41.70153
38.72446
44.48852
39.65133
32.92726
27.37036
36.76758
50.74893
40.58994
44.23067
50.509
55.16993
43.46427
51.45505
34.94126
43.61169
51.73727
44.91954
41.24091
35.77608
27.13731
30.21047
25.99108
25.07635
29.38346
36.75873
22.22349
26.58775
17.84079
16.20841
18.40718
34.38934
29.79637
25.41971
19.09173
22.18473
22.19991
21.10183
20.66326
15.02605
16.69982
19.31764
19.40569
21.447
17.04864
24.76646
30.95479
35.82462
60.53847
73.5633
42.09881
41.68589
36.26522
33.48104
46.54394
65.20491
55.87262
62.08094
55.56729
54.91864
57.57813
41.51598
35.24798
38.87727
52.49649
35.75428
49.70057
49.4969
46.67999
40.17549
28.15766
40.49271
44.50536
35.09217
35.56683
30.53095
44.27909
30.73115
33.65526
28.8573
43.19334
25.69762
19.96795
20.47748
17.87328
19.99709
21.66903
30.13071
28.19597
28.63019
36.31094
48.0775
35.48028
38.64622
33.45984
27.8866
22.22071
25.97726
26.48648
27.45604
27.44293
32.35468
37.41703
41.90615
23.56534
24.65048
18.38873
23.23814
21.95555
17.89765
21.21346
22.48455
28.64792
30.4436
27.49376
21.68339
22.86036
29.09608
26.17767
26.9803
36.92916
27.62265
47.58128
38.95531
26.73663
32.46433
31.3547
26.73027
33.26662
39.91675
43.05397
31.46274
24.12904
35.94443
26.59531
28.74801
27.74412
37.13518
41.805
40.50126
37.17723
39.12317
35.77803
23.03143
22.50713
21.43822
20.45548
19.08461
16.03256
19.45536
21.79481
24.80191
24.97778
29.36732
21.86825
20.2022
23.46314
19.00752
16.76378
18.07055
24.47753
20.79824
21.73896
24.10096
41.63115
40.53169
35.85581
41.15556
42.90766
41.85917
34.7846
48.90094
69.41491
50.6983
54.07725
50.22378
36.5512
42.03922
40.9829
36.42205
34.71846
37.60869
33.79972
38.99222
45.51282
51.21379
45.55853
44.86942
41.28238
35.78211
32.661
55.80139
44.19439
36.21778
38.73042
33.88066
35.28659
31.6225
31.3259
18.24248
19.12172
21.85668
14.20035
16.5943
31.32624
27.36708
41.3165
55.20715
50.4335
49.84685
53.31486
44.31593
38.41221
35.11508
24.80217
32.19603
35.20449
45.4612
44.30413
30.2611
35.28724
34.83097
37.27544
37.30201
19.54325
27.33435
23.65981
25.3784
30.97635
33.99093
41.32775
36.05773
37.86977
40.37215
28.37044
24.04044
23.62249
30.69954
29.54697
31.46463
36.98869
40.47927
39.11319
43.01624
39.79437
30.83486
33.53674
39.72466
27.48469
33.21985
34.68907
42.74244
42.53076
41.04768
41.43318
35.1094
43.40041
38.62304
47.57222
55.60209
46.58152
44.15886
44.83874
41.28324
55.46651
47.28323
47.89846
56.54228
49.72497
45.35633
34.01756
30.39979
31.72917
26.92983
44.89147
38.65864
38.74469
37.65781
30.42584
44.11858
39.28146
48.44828
35.07705
46.11241
51.64463
41.03115
31.54164
29.56401
29.86685
22.94286
26.47191
33.1627
53.58892
39.6023
41.37309
45.6169
55.36053
45.81614
44.73435
49.97815
52.56193
51.38084
53.79706
50.04733
36.34735
40.62862
36.71731
37.21629
55.1142
59.53036
55.81287
49.06914
35.61762
44.02192
36.92145
46.29821
44.35544
32.3975
37.04634
39.91688
37.56837
41.55604
52.91244
52.68378
58.22913
57.91441
32.65569
22.22281
22.42263
27.22446
26.93484
31.01066
39.9198
32.16501
36.45082
38.04023
45.6193
38.47174
45.31061
52.43202
64.58426
62.19379
46.92171
57.42214
38.39519
37.03454
34.42466
47.06542
49.08867
52.10866
51.67048
49.44714
34.72355
43.09195
46.92387
41.15403
41.19212
60.09023
52.62807
37.75751
28.34122
26.59044
29.69418
24.65517
26.51494
43.28335
46.51629
31.57049
34.14958
47.96564
41.58637
31.2128
32.15174
40.42531
30.035
37.56398
44.52213
33.63326
44.82623
39.97055
39.76626
41.15791
56.56802
54.51233
35.73047
36.56691
47.01982
38.92479
43.99132
39.81468
33.4435
33.99839
36.8302
38.85902
41.88443
33.03064
28.71529
43.35406
39.8566
28.51848
28.75151
32.97546
34.98824
39.82963
40.97752
45.3892
40.1517
46.87575
54.28276
53.67437
38.98169
47.30565
48.44466
29.7921
20.52156
20.36164
20.03842
14.67994
19.39873
33.51334
38.50933
24.48149
33.20251
30.83498
29.54151
27.28099
20.4593
17.07622
22.29695
16.94994
23.60585
22.28781
26.02117
21.12521
24.31134
23.78679
29.80905
38.05583
24.73152
35.55049
36.02262
27.18338
30.91409
30.10813
29.2383
28.26909
24.00774
25.86245
44.74629
46.43925
41.74115
38.71903
37.36129
25.06569
33.679
50.06082
57.23391
39.24245
41.56358
36.46878
52.11836
34.49453
29.76052
35.04202
28.54593
32.62096
37.54011
37.52998
34.03702
45.22535
60.61537
58.54528
45.96635
42.21798
50.23698
40.55181
48.38649
30.01651
57.21602
53.94356
39.95825
46.92098
32.83358
42.48328
41.72743
32.28819
27.34511
40.16994
30.59472
49.16167
31.64905
37.85139
43.92078
43.14554
38.39538
38.37714
34.90271
34.80436
37.73141
28.50944
28.05626
25.52131
27.9605
33.17021
39.6875
35.21557
49.67878
40.60709
42.50823
46.76079
43.42467
42.81192
37.88221
38.0273
36.72425
43.77442
37.19012
34.12796
40.36994
35.07335
37.34714
34.23642
40.9577
55.84549
51.61401
44.89011
43.37513
50.61804
51.09249
39.46196
22.35362
26.43233
43.13643
42.62335
45.98089
43.10686
40.7149
35.77967
33.24371
39.02486
41.26421
55.14539
68.78523
51.53413
42.34752
29.43919
38.07289
32.87529
30.0013
34.09122
36.80923
32.43782
34.44534
39.96562
52.07916
32.28508
27.01268
29.71161
40.54952
34.06892
34.34044
39.98289
29.87813
30.15868
27.88338
38.47313
43.5187
33.88071
30.24136
37.43497
42.21332
45.55161
43.49687
41.7825
29.20815
24.88014
26.17475
31.53026
30.39339
32.05713
38.57143
39.7356
34.77954
32.79982
30.03345
24.24464
18.20269
22.97454
26.19818
21.57953
17.50921
23.19674
26.43742
24.18136
21.37664
33.74961
25.42223
32.63663
32.0451
31.91727
31.39864
22.13972
22.60242
23.56492
21.35994
15.91157
18.18175
18.98237
23.08329
26.69662
30.21164
22.40058
29.0968
26.86455
37.80649
44.66886
43.82161
35.52496
33.15269
39.66686
32.20505
47.9453
45.20485
37.44116
31.72151
30.51321
30.29103
33.55378
45.60055
44.63828
46.07615
37.24874
38.72424
43.52988
40.19659
38.05177
51.65643
66.78379
69.84789
48.80311
48.83744
45.27765
39.524
32.32453
44.01461
54.28828
53.63034
58.28157
48.04294
47.41484
46.8349
40.32562
46.46986
29.67128
36.69354
35.81432
43.22404
28.34478
19.30536
41.49082
36.55633
37.20667
37.64751
37.90486
40.71789
45.20962
34.83579
32.22876
48.4527
47.87893
48.23981
27.27259
37.4728
48.50534
46.59789
43.90235
34.64825
37.75032
38.66879
37.74769
38.44879
43.17307
50.08125
47.01623
58.77151
36.27328
41.5574
41.57373
57.95759
30.4454
28.19364
32.2569
29.0482
23.42124
37.84157
46.15512
58.29505
44.48444
41.88486
42.68777
40.05079
45.38221
37.84583
49.94384
55.49986
47.5296
37.10233
39.88246
37.60387
29.63346
23.88949
36.50253
36.45743
32.18635
31.97397
27.51153
36.49229
35.27422
32.45706
28.87416
31.25837
25.32399
32.09219
37.30264
25.16507
28.841
23.01981
26.50603
22.33217
27.01893
22.81333
39.98312
33.67775
34.59789
33.77668
34.01956
33.58875
38.19729
39.92894
37.87223
41.13309
40.119
34.884
33.49451
30.25006
47.51442
48.24304
52.80236
56.84245
49.31672
48.77759
38.14206
46.22152
32.77379
27.60857
27.43859
29.08995
36.68646
29.04917
31.41751
36.04677
26.42734
28.21245
22.48496
17.63338
18.69311
23.79914
38.63567
56.30361
46.31164
41.50679
41.54162
33.46792
30.97037
33.86321
25.67738
26.43526
29.50212
32.00608
45.73595
39.33095
31.01174
36.3412
32.70204
30.51128
29.0192
30.91497
30.87113
35.86189
41.05254
42.37217
37.31751
40.21463
42.04395
53.22033
61.87664
63.09368
37.15544
37.75382
34.07772
41.07839
46.78367
46.02436
42.96068
33.97599
30.82049
23.14817
12.22046
16.33414
15.94764
26.81788
33.47088
25.90467
27.66358
37.41163
28.12215
26.19135
34.83812
39.13944
42.56095
36.55033
44.23583
39.00673
49.65713
28.76864
23.46998
22.32922
22.97872
25.64525
41.521
41.37901
33.3891
43.27771
36.86698
41.192
26.47123
29.50156
25.8078
32.9296
24.06586
34.55568
28.59601
40.80373
35.97653
29.79045
33.78129
38.93657
22.48418
23.10882
20.72163
27.30242
26.33948
23.10262
26.09034
22.45152
20.39573
18.27926
27.66007
19.06983
19.5871
15.10397
11.54429
15.32496
14.03371
27.6943
40.06292
43.34486
45.33046
33.59396
48.08492
37.50845
40.64354
57.93824
42.37118
43.39863
28.52516
31.59396
45.3201
49.89751
55.18954
40.89365
36.63829
35.48443
24.44855
34.20882
30.92693
31.56839
42.13521
38.64907
33.13959
31.75592
34.61443
32.40327
45.69736
40.06337
25.23809
34.85123
45.03829
55.35743
56.53292
59.54932
54.53203
38.04188
51.68778
44.27557
39.9097
40.84712
34.75905
42.44094
38.91376
42.2034
48.37502
40.80497
43.80764
44.07594
45.10655
40.89951
38.30817
40.49629
42.29116
40.93609
48.52729
46.43386
38.93894
40.846
41.5292
42.95092
35.35492
34.41353
40.42929
48.22001
36.60881
42.2818
52.35623
46.01184
42.56744
48.61649
40.56441
42.78307
41.78223
36.09636
33.30432
33.53588
25.82969
33.77024
35.86708
34.81476
27.93877
22.11393
27.21619
18.94677
23.0607
21.88076
27.63667
22.41214
36.15304
36.83069
35.20844
47.61399
54.55161
49.65487
45.26164
56.27307
31.47148
35.00147
41.90596
44.33718
37.76825
55.82653
44.95132
45.51788
30.53625
20.69205
18.96333
28.58443
32.28312
32.36505
40.89144
48.16588
56.74848
34.46335
34.62851
31.33358
37.1607
32.32724
38.40931
36.7117
36.55662
46.01344
46.70947
49.95576
55.68802
47.00187
40.36692
54.80575
41.22829
31.96548
46.19954
50.54726
51.88753
39.88217
42.06402
48.11415
32.6652
38.86041
25.88678
27.00365
28.37416
30.26555
37.6595
40.08164
39.30445
37.4454
33.91499
30.5989
37.78517
44.33046
33.14629
36.89839
29.53049
36.89029
33.43822
31.44201
37.35864
44.09829
44.1629
36.0944
37.47432
35.253
45.27067
37.40141
37.00649
40.74045
38.0333
39.9403
36.25181
38.21516
42.16407
46.42758
37.5458
40.36357
57.35859
42.21108
44.77996
49.26683
48.67125
38.11962
33.39858
28.97802
24.56947
15.81485
20.74841
29.42555
29.68785
26.71281
25.01383
28.38545
32.06186
28.42516
31.28324
43.25722
33.01462
30.00832
24.53487
28.046
25.58154
22.00422
23.19339
28.59319
28.20457
30.7481
38.15596
41.45769
31.05453
31.89411
40.97656
43.58014
28.99988
19.39914
22.87298
26.22615
23.97932
28.27711
25.54187
27.82028
32.52685
35.02316
42.35689
29.6176
35.79634
39.09066
34.30168
30.02364
22.60626
31.09823
29.06558
36.98607
31.14719
25.87032
28.29955
29.9553
40.07467
51.39585
42.29587
32.95176
39.18728
28.55774
27.51018
32.90238
37.57006
37.75388
38.40945
51.64024
44.49427
44.20892
33.53528
34.25458
22.24169
27.00469
35.74051
32.13192
36.3773
36.41219
27.27375
28.3837
34.68603
27.19676
36.57873
30.10871
40.89101
31.31488
29.60727
33.73145
33.62892
39.48738
48.90069
58.11386
39.31502
46.65731
39.93153
39.19415
27.08915
35.82
35.11487
36.59296
41.47274
44.53205
44.51609
32.81447
37.92132
33.12792
49.79256
42.90635
42.49241
42.25401
35.7823
25.73196
29.11222
30.04428
42.22954
52.46562
41.85407
64.93649
55.8695
49.44685
51.25086
39.6944
44.1187
64.41764
64.99488
95.88454
48.48037
37.93641
32.25871
36.8866
36.58185
42.07145
46.99249
41.69052
31.43216
27.37868
26.35851
15.93227
20.72103
23.18953
24.90783
32.1488
32.96557
28.72594
23.33109
20.25011
22.87558
29.19046
37.41814
37.16726
43.2463
47.09138
43.78814
43.17098
45.56426
70.64201
45.32153
37.99535
41.72205
35.44311
32.77028
35.789
28.89376
38.35753
33.55581
32.009
28.82119
35.98252
32.38121
36.9382
31.12589
30.95234
37.22526
39.46771
33.87898
37.27735
49.19218
52.46483
60.15053
65.64854
61.51963
50.15306
44.0357
36.83728
37.04231
33.86941
31.69768
31.27073
38.9362
38.9872
46.33707
51.52841
36.05715
40.30865
28.9886
36.18581
17.64596
19.24582
21.04164
18.7814
20.60749
15.58245
14.31525
16.53529
15.43477
19.13271
28.23655
27.44964
20.0985
19.03342
22.88353
27.26931
30.02646
42.79358
41.25472
42.32768
45.57092
48.56519
47.82437
56.27457
54.54716
58.15923
32.95789
46.33314
34.82313
44.92875
40.32446
38.63087
36.43742
30.15823
49.34814
69.43605
40.60947
42.52029
38.09189
59.88611
61.92589
39.01241
37.34357
42.84654
47.53553
35.93444
31.05118
37.08968
43.35515
40.31457
40.88947
42.96661
63.73937
44.63746
38.85282
28.33798
26.03748
32.94883
26.99296
33.66043
30.98406
42.79045
37.8687
36.62675
40.48142
35.93495
37.21267
55.84242
45.4397
43.73102
60.01068
49.7884
49.76098
44.87338
36.5405
38.70941
48.43372
52.12304
38.45579
42.40418
35.05197
35.44274
42.28852
37.10516
27.55029
27.69066
37.26289
33.23082
44.40305
40.05481
37.26982
37.56792
30.89454
35.45018
25.6687
33.66159
29.82029
39.40226
33.51373
29.87332
33.20474
31.31843
27.01725
26.9481
31.0128
33.62078
42.14222
43.39419
59.46107
39.01684
37.41808
35.88729
23.15672
32.47737
33.33909
42.56111
49.62456
44.3221
37.37499
39.42437
53.0158
56.45537
57.82724
57.68637
50.41864
50.6594
38.24736
41.78252
30.84984
29.10602
25.91589
32.85121
32.44639
39.15768
36.35288
43.05167
54.86904
39.32867
38.0877
41.2391
49.75565
39.31732
42.14536
51.93039
50.15771
47.74017
46.01771
26.68753
23.763
24.18052
27.99291
26.31412
43.12016
40.90165
32.55097
24.67772
22.04094
25.87407
33.70894
36.32001
33.52934
44.13835
43.34697
49.65677
60.66039
58.3468
42.95798
44.3775
54.30862
72.02584
51.47652
40.47314
39.52959
45.82891
48.37281
67.75099
72.34533
60.3534
44.06871
32.05255
23.62729
28.24515
21.40159
30.20615
27.84695
27.22461
29.06346
24.78387
36.52795
38.13586
27.14689
29.19445
42.36906
33.60672
27.01585
20.46654
30.2059
32.09417
33.22871
44.77474
38.46432
28.49303
25.91562
17.22281
13.90712
18.31778
20.86486
14.4493
10.91913
14.30614
13.53216
25.01515
26.00683
22.61279
42.07098
40.77268
45.71153
49.61056
52.75763
44.60017
50.31028
33.38725
38.31525
49.49611
42.91668
45.85647
30.70047
42.03416
33.67331
36.80885
26.31449
31.80234
34.10951
45.29056
26.14419
30.06132
30.14024
37.36859
44.60937
32.85609
31.40439
39.11494
42.07066
34.82031
26.42147
32.48507
29.56451
35.93114
36.98071
27.96062
28.64663
27.51414
23.35256
27.97691
32.33155
25.44884
33.61093
33.42035
38.85211
41.68209
38.93644
45.16062
74.99543
55.36249
42.92911
50.61926
65.32271
80.23058
46.60151
45.58785
44.19673
30.46245
34.12167
42.10881
47.6518
38.6496
44.04546
43.48136
53.17279
39.84944
47.27257
44.54618
46.51093
35.03414
32.42321
38.04558
35.88793
41.5089
31.9634
49.70682
68.05439
40.70663
44.51562
53.69861
57.70874
63.69213
62.926
52.0304
63.52778
43.91095
45.41866
50.73511
50.81162
36.04831
44.44816
39.41024
40.70514
43.00455
39.00526
42.95129
59.36367
58.0224
61.1427
50.55888
32.84215
42.49596
50.11413
57.22453
57.19307
69.5443
46.57186
41.9085
27.86378
23.79946
32.3291
23.40057
25.03072
27.00698
14.08729
16.18424
14.86731
23.12795
37.28086
50.03054
53.50878
53.10805
45.90148
45.69332
52.13147
31.61686
42.95737
48.55139
28.49004
32.18699
41.02895
63.33029
57.73254
31.88497
43.61255
29.81074
34.7775
39.67038
37.28501
38.7327
39.52669
43.02983
42.84215
43.54659
53.94697
58.22738
62.38243
64.92997
71.4818
43.40833
46.07343
36.26364
46.64871
52.86358
55.70016
47.90362
39.07086
49.0902
40.59419
47.88309
40.53571
35.82642
43.22375
27.90499
23.40706
26.05587
19.39051
19.92762
19.78832
11.7408
15.30561
11.38886
14.322
16.68431
14.59161
16.76822
18.01081
12.35458
15.61467
10.62324
13.522
17.03142
16.67279
15.43523
15.79168
12.35777
13.81411
19.52732
16.20827
11.50062
12.83608
16.73148
18.43551
20.74912
27.49728
23.20457
25.4334
31.23221
40.09259
45.59025
40.11631
38.34189
53.48519
29.61849
35.82256
45.27176
40.93192
39.36355
28.17733
31.32807
34.6786
37.63725
40.11477
50.04987
42.4884
41.37277
28.79268
37.60866
38.25415
40.08324
39.29146
53.83595
58.01163
49.61265
58.45339
49.90375
55.29801
34.88218
37.87051
39.11797
44.04208
61.69378
40.4457
33.43431
35.52671
48.318
54.36763
46.51447
51.71924
48.87986
37.65542
44.51849
40.19953
36.62694
40.53546
33.17414
27.26671
37.89027
37.04441
44.8264
41.36848
40.74089
46.45532
34.02934
37.02542
31.0142
30.56213
29.12508
36.55724
40.21629
40.0381
22.90486
28.4217
32.3357
39.83168
51.15547
48.32923
57.72231
40.34632
30.65381
31.79546
32.76424
26.46381
30.27855
34.86467
39.03556
25.55729
22.55974
27.10739
37.36607
37.30253
34.26027
30.43683
38.39291
52.07072
43.79215
42.43851
43.62872
33.71166
22.79606
22.45166
33.63161
29.6908
31.00574
40.17203
46.14483
45.19474
43.60928
44.76522
28.23499
30.34565
32.68077
36.28636
51.27424
53.05959
52.4754
45.87925
34.6212
34.42804
28.27417
22.71023
18.35856
26.48565
33.58145
28.34197
39.44931
36.07322
54.1716
47.23094
45.70352
42.48315
36.15315
37.6014
27.28384
30.30765
32.67795
40.69016
47.35806
39.12711
60.70851
56.47963
77.67253
51.11651
46.70382
48.1409
35.16161
44.76229
40.06751
41.45527
38.9782
35.6702
37.1812
61.71761
58.72562
46.42645
38.27981
32.63691
37.59879
50.70594
57.08755
40.08475
49.62119
39.15943
33.04245
31.27718
33.03454
38.40945
42.61971
54.43086
53.76329
58.60461
53.19202
63.64129
46.89753
36.0635
33.16938
36.66326
38.54829
44.80396
46.79585
33.7925
35.36091
33.23135
47.23899
61.08336
50.17104
49.65934
36.75732
33.69367
40.30639
34.44101
53.84731
48.50771
41.9015
30.92444
29.23577
29.60053
44.65281
43.10332
35.99928
46.08114
38.79147
47.53308
39.23874
41.8686
44.88187
35.09223
42.14445
39.32634
33.32482
32.42537
40.62905
29.11401
33.10802
