7.488414
6.20573
8.031874
8.715478
7.887186
4.68374
4.497251
5.100167
5.663597
4.892762
4.03996
3.69514
4.593232
3.830509
6.109377
4.782633
6.840858
4.555943
3.988865
3.666421
4.175005
2.953086
2.592245
3.594945
4.032337
5.439374
6.183835
5.618407
5.892611
4.773709
5.675431
5.389698
6.169083
6.32108
5.962936
5.107695
5.84884
5.008337
4.68833
4.144856
5.75251
6.462345
5.915439
4.953682
4.80389
4.242958
3.966317
3.784794
5.226543
4.598835
6.390681
3.728357
4.208448
4.062427
5.105747
4.332863
5.797272
4.691519
4.258172
3.974476
3.936848
4.362663
2.890649
3.496398
3.311397
3.489996
3.101996
4.050401
3.762297
5.272313
5.405683
5.634
4.844713
4.213367
3.352381
4.675825
5.773038
5.31114
5.7242
7.106621
6.013294
3.438125
3.356282
3.869699
4.384601
3.163773
4.238494
5.306622
4.506156
4.44629
3.399494
3.870527
4.696672
5.224085
5.408034
3.988598
4.40765
3.43596
3.540437
3.669588
3.334452
3.694926
4.093053
6.428633
5.53111
3.943822
3.254967
3.108834
3.185147
3.611139
3.024987
4.030267
3.967833
3.5067
2.297966
2.44169
3.206616
3.447487
2.940658
3.925227
4.481261
5.907015
6.821739
5.733204
4.812172
5.303054
5.148416
6.074856
6.279268
5.640021
4.549911
4.222795
3.228634
3.913353
3.626011
3.714492
4.118052
4.687048
5.500563
5.639322
5.985635
5.380824
4.397231
4.368565
3.951017
6.396366
6.954833
4.773851
5.258552
6.250539
4.595492
2.992328
3.634392
3.575972
3.542559
2.092124
2.075101
2.867687
3.366907
3.036235
3.197871
3.705814
3.242371
3.98659
4.611416
5.220021
3.68595
4.077158
3.722291
5.885063
8.693082
7.787693
9.074575
7.492205
7.881923
6.913671
5.763088
4.727601
3.988083
4.4009
3.565418
5.161021
4.049288
4.725665
4.05047
3.961249
5.331324
4.585381
5.023226
5.284064
3.797642
3.77245
4.32131
3.220368
3.292163
3.629568
3.217459
5.18342
5.350815
4.073832
4.032574
3.906293
5.456337
3.224576
3.708445
4.883486
6.237026
4.205028
4.342818
4.367578
4.753331
4.37147
4.559108
4.004077
4.663165
5.198181
3.978813
4.857995
5.039612
4.614911
3.904546
4.442088
3.229266
2.844316
3.209506
2.368038
3.176268
3.250083
3.70132
4.497252
3.504398
3.992898
4.185098
3.931767
4.219921
4.899688
5.12171
5.409447
4.092355
3.703084
4.402847
5.833923
5.79607
4.767035
5.052933
6.891246
7.868091
7.361566
10.07736
8.628253
8.550967
7.288022
7.256653
7.141247
7.678028
6.107621
4.590806
3.71053
3.191106
2.385709
3.446622
4.712982
4.871225
5.553827
6.501267
7.00456
7.683183
8.795146
8.368842
7.789517
7.08592
5.053174
5.086021
5.975052
4.06107
3.656624
3.984577
5.141033
6.606658
6.565819
7.343735
4.972585
3.159988
3.456503
4.046723
2.934914
4.140213
3.970504
3.024169
3.329547
4.369569
3.516328
4.174391
4.484501
3.873422
4.767469
3.524573
5.197059
5.284816
5.830977
5.565803
5.066277
4.928774
4.833565
5.194472
6.759912
6.764557
4.684602
3.196153
3.342455
2.816987
3.536903
4.614696
4.40665
3.930468
3.352937
2.963469
3.10501
4.201595
4.128027
5.613474
4.768728
4.552154
5.40883
4.843443
5.210235
4.478147
4.751522
3.609485
2.624386
4.159777
5.133144
4.449695
4.541485
5.961785
5.3408
5.801883
5.303332
2.931534
3.578433
3.77981
6.517865
4.821052
3.300108
3.545165
5.222513
5.038434
4.122059
4.114102
3.663291
5.738934
4.960182
4.064535
4.990368
3.27844
3.411733
2.299836
3.740851
2.8418
3.260087
4.009006
2.734275
2.918185
2.953457
3.579715
5.062589
5.290352
4.409014
4.574074
4.17852
4.707602
4.75803
4.616819
6.959392
4.731744
6.649306
4.423524
6.127681
6.274293
7.267978
6.318094
9.446506
8.511944
6.635097
7.01546
8.683566
6.740296
4.122446
4.232831
4.162054
4.642206
4.970771
5.817505
5.472658
5.401791
5.342967
6.871653
7.876613
6.288016
6.719835
9.155925
11.67395
10.56087
7.814126
10.37242
11.25707
9.374555
6.712449
6.106645
4.719952
4.486112
4.621698
4.644638
4.444244
4.512875
5.782787
6.262978
6.123402
6.101201
6.610374
6.534914
5.868749
6.117681
5.282005
7.712847
7.122374
6.029981
6.944588
5.584338
4.262092
4.342134
4.014654
3.701608
4.263332
4.05883
4.380865
4.076854
4.139226
5.568091
6.230546
6.296589
5.971376
7.05696
6.422677
3.992672
3.5498
3.87726
2.765429
2.401031
2.822261
3.203253
3.694664
4.279292
6.362347
7.318723
8.337643
6.078178
5.834232
4.173498
5.811813
5.972445
7.007855
4.971873
4.483336
4.225759
6.399767
5.357734
6.779332
6.91463
8.309014
6.745671
4.804574
7.943796
7.452099
9.430973
7.657821
9.774542
8.027587
9.412765
7.372221
9.003618
7.560533
5.884191
5.216841
7.977773
5.601622
6.72618
5.217536
4.755757
5.334673
5.504013
5.968316
7.720582
6.23939
4.572478
7.517453
7.054593
9.654607
12.48908
11.27349
7.893504
6.339276
5.49636
7.866593
7.726797
7.625035
5.538197
5.558276
5.942917
7.01201
6.693726
5.837829
4.052946
4.856807
5.503244
5.845486
4.001624
3.459639
4.166088
4.158422
4.187944
3.325224
4.585648
5.219009
5.060277
3.518608
3.841345
2.859347
2.672582
3.608176
4.860507
6.971339
7.271426
5.316843
4.325369
5.999398
7.257437
5.781196
5.70057
6.774043
7.809921
7.874669
5.986122
4.472553
4.173172
4.391916
5.795693
6.065685
6.303249
6.154826
6.539682
5.467117
5.089525
6.063054
8.15603
12.87449
13.9789
9.563555
6.541351
8.120553
7.210499
7.880034
8.249359
5.774995
5.197644
4.616051
4.200477
5.70943
6.351908
5.567281
5.184104
5.507592
4.462862
5.33252
6.208062
6.533615
6.392089
7.959312
7.998034
6.501888
6.919251
6.161778
5.572153
7.107192
9.114979
9.201375
9.241921
8.51751
8.417199
7.038429
6.790741
6.063847
6.604908
3.152864
3.581173
3.307246
3.350555
4.042903
6.550162
6.204856
5.600169
6.5656
5.879345
4.745614
3.999101
4.623197
3.469555
3.689082
3.243363
4.025001
4.680428
4.27748
5.214924
6.891058
5.109554
4.36203
4.503425
4.944926
5.122244
3.740665
4.118763
5.238899
6.492417
5.79395
4.89024
3.600487
3.492116
2.707059
3.023985
2.390741
3.050966
2.896942
3.42995
4.012296
5.316139
4.479072
3.696944
2.791009
3.419096
3.835545
4.412361
6.48212
4.106293
3.384692
2.529623
3.047467
2.547272
2.95046
4.147788
3.322192
3.818486
4.138678
5.738469
4.575391
6.677558
5.42863
6.321502
7.840308
7.393075
5.831494
6.891738
6.578258
5.037503
5.455393
5.091542
4.031281
2.55475
2.806189
3.161626
2.985088
5.569982
6.012658
4.7489
6.504046
4.346796
4.444423
3.98693
3.303914
3.536013
3.214204
2.297139
3.477101
3.499842
3.872413
3.220217
3.26066
5.147345
4.440013
4.544187
5.64178
4.59213
2.597619
2.768091
3.916202
3.060608
2.924183
3.716455
2.847751
3.427207
4.413315
4.129832
3.337861
3.342176
4.363023
4.466679
3.672314
2.838708
3.196559
2.447541
1.946957
2.099343
2.545597
2.294867
2.124876
3.452051
3.023219
3.701184
4.358703
5.122875
3.889518
4.720295
5.428501
4.783848
6.063863
4.890258
4.740079
4.569334
3.946963
5.627051
4.254318
3.978407
4.326038
3.286257
3.959551
4.286772
3.698284
3.859429
3.278916
2.54089
3.489293
2.599051
3.102201
3.859325
4.715728
6.940218
9.366204
6.877718
5.751788
4.427384
5.121038
7.255266
9.362291
6.77265
6.125551
4.06941
3.917184
6.299797
6.111055
6.99113
8.33328
5.465755
6.141049
7.429398
5.847949
4.103877
5.336443
3.851797
5.404237
5.286962
5.196396
7.85122
6.118927
7.851391
6.537236
5.571756
4.067574
5.04973
5.479594
4.73257
3.309749
3.754451
5.06272
3.55947
3.813041
4.510519
3.771483
4.279497
3.558586
3.276829
3.427133
5.927322
6.721512
4.756676
4.230587
5.393864
6.192724
11.35555
8.638471
7.704457
8.916141
11.79322
9.293261
6.11404
5.028728
4.617034
5.701885
6.003745
6.468967
6.264935
5.625351
6.651989
4.536006
4.912894
4.431519
4.782972
6.331006
4.219619
6.736757
7.708644
5.545517
5.550351
5.993719
5.9983
5.051807
3.703808
2.904004
2.956767
3.015001
3.775966
4.049685
5.956814
4.283125
4.066711
2.464599
2.65985
4.655363
4.483907
4.020237
5.875726
5.454004
6.150797
5.08343
6.977002
6.359624
7.627826
5.489759
7.717104
5.007113
5.725401
3.987597
3.648367
4.498679
3.921549
3.721137
3.863854
6.577323
6.026658
5.100345
4.334395
5.275485
3.244437
3.25277
3.427675
3.962096
4.383347
5.199224
5.037247
4.886953
6.095223
6.086437
4.994686
4.469419
3.328682
4.910258
5.016808
3.60019
3.602046
6.664265
7.007442
7.11855
5.895632
5.508701
7.504902
6.095894
5.032302
4.111304
4.463821
4.68679
5.022248
4.136232
4.949388
4.806951
5.537572
4.834437
3.246294
3.07024
2.791295
2.92064
4.530293
4.923424
4.851795
4.811998
5.171459
6.065322
5.787727
3.894321
5.970891
6.870557
5.124652
5.44777
5.985629
7.023734
8.658892
7.055943
7.169443
5.154979
4.101108
5.105916
5.624539
6.700981
4.492037
5.232364
4.34664
5.10081
5.486185
8.128621
8.702139
7.845215
5.964508
4.182679
5.817666
5.006064
4.094783
4.384123
5.521757
5.450306
3.168235
4.7972
5.845443
4.915158
7.682901
9.992143
9.210573
9.816353
7.257711
5.965736
5.534072
4.256908
3.744994
4.000001
4.91258
5.642967
6.982826
8.318819
9.795669
8.977971
6.696908
8.108018
7.751541
6.8613
6.079745
5.560383
5.478246
6.318157
6.927404
9.440765
8.472539
5.852765
4.998219
4.521507
7.689666
6.399875
6.014081
4.648131
6.510838
7.341359
6.180182
4.11493
3.06889
2.124325
3.780743
4.503845
6.441277
5.882539
10.45822
8.681876
8.65678
8.026655
5.9856
6.304294
4.626985
5.216609
4.53205
4.570191
4.252273
4.174219
3.973223
4.631697
6.195959
3.742045
5.165999
5.817487
3.498002
3.828827
3.877663
5.165685
5.045593
4.629125
5.454676
5.194726
5.789412
4.209247
5.621211
5.53536
4.635206
9.477222
6.563974
6.628318
6.67974
4.595578
6.301412
6.723761
7.848086
6.465285
4.288735
4.372313
3.676055
5.662372
4.062459
3.416185
3.880034
5.200636
3.925052
3.147744
3.088898
3.730915
2.953172
3.889003
5.855618
4.926897
5.765723
5.293975
4.640249
3.737891
4.788783
6.574377
5.678719
5.88934
5.313786
5.047771
4.995868
5.542973
7.336446
5.551783
7.844227
6.426711
7.174415
8.440678
6.613268
6.539505
5.366952
4.34469
4.033863
4.602013
3.991194
4.394489
2.830085
3.615576
3.697657
3.188496
4.832266
4.963238
3.857003
3.301294
3.504408
3.328241
3.63816
4.042835
4.109731
3.499071
2.704554
3.445153
3.534877
4.686224
4.396729
4.112159
4.116323
5.069435
4.422724
7.137427
6.468459
5.21222
8.224041
5.269127
5.182604
4.924644
4.041863
5.073125
5.111244
5.529408
7.984911
5.691109
5.187156
5.342132
6.537339
6.596893
6.60147
4.828586
5.235688
4.82038
4.616943
4.493883
4.903382
5.558196
7.436174
9.831258
7.979108
6.39727
5.144261
4.95954
5.766878
6.595072
6.355876
4.814387
5.445984
5.633753
4.981432
5.077145
4.765052
3.635196
4.14794
6.179029
5.738858
5.389187
3.416297
3.768417
4.074275
4.952679
4.819638
3.707012
4.085125
4.601061
4.321447
4.667626
6.355153
5.964255
6.461761
4.289636
4.013488
4.138615
3.761541
3.360062
3.057184
4.590562
6.241567
7.345286
6.101542
6.159184
8.678459
8.477851
9.511704
8.079554
6.771466
6.587017
4.030443
4.000942
4.131895
6.742439
6.310732
8.866561
8.138258
7.062254
5.719587
4.323675
3.665479
5.807438
5.014818
4.258325
4.487343
5.323352
4.037843
5.674675
4.735849
3.539954
4.43076
4.225542
3.853056
4.874964
4.703572
3.849085
4.831089
5.634419
3.751659
2.877732
3.418794
3.224607
3.241053
4.318235
5.135927
5.969573
4.316212
4.198943
5.611766
4.686253
5.891319
5.550985
7.724392
6.535794
6.245108
3.938812
3.092831
3.327788
3.052806
3.771037
3.755211
3.171883
4.422697
5.406468
3.500648
3.158645
2.859118
3.272217
4.251036
3.983282
5.243417
3.594154
4.497575
5.219452
5.076732
4.445764
4.186791
5.558581
10.32549
10.53307
7.283175
9.092108
8.676647
7.079592
4.935614
4.007346
5.1517
4.129362
5.332413
4.339237
5.853655
3.804559
3.813923
5.377795
5.818235
7.446843
4.497751
5.03898
3.994874
2.88421
2.926802
2.490696
2.484927
3.831707
3.80799
3.062207
4.560688
4.776751
5.347205
6.364887
8.746568
7.205884
6.760569
5.972185
7.758068
9.641296
9.347333
9.672201
12.39364
8.611372
7.731899
6.917783
6.079946
4.716185
3.152232
3.161252
3.628373
3.635312
4.560749
5.301364
3.584465
3.400191
4.099447
4.943519
4.249644
4.630362
4.094521
3.660718
5.404695
4.379646
4.978575
4.371388
2.75289
3.704473
4.477509
4.661678
5.595806
6.327098
8.252027
9.310955
9.751277
8.053135
11.02577
7.974775
8.258038
8.741584
8.106569
4.564809
4.713194
5.306032
4.104444
5.667837
3.844304
6.2498
7.103957
6.192783
6.689982
5.588705
4.705427
3.624085
3.67529
3.366054
3.791293
5.161469
6.399185
7.454405
5.090296
4.128923
5.417301
4.830067
4.045717
3.664929
4.865695
4.133749
4.071531
3.530094
3.147211
4.61575
5.303431
5.790294
5.968641
7.520459
7.033275
5.88759
6.556175
7.127251
7.065627
5.339112
4.543706
3.344544
2.447407
3.129667
2.779751
5.150921
4.853209
8.352472
6.571989
6.39499
5.927435
4.856001
6.343827
5.868246
5.002654
5.61399
5.197598
3.763594
4.157487
3.252154
3.097347
2.335198
3.42839
4.095734
2.750267
3.256368
3.649324
4.267169
2.785113
1.980421
1.96442
2.128928
2.365646
1.954548
1.933629
3.02314
3.609087
3.968216
4.891193
4.591581
5.082229
3.318432
3.226903
3.242282
3.758705
5.428327
5.067897
5.722907
5.6524
6.269218
5.243221
5.558147
7.776401
9.370597
8.965002
10.28504
9.737331
5.557898
5.275813
6.51154
8.053305
5.453289
5.723311
7.770305
9.030825
5.706162
5.957331
4.494822
3.707098
3.496336
3.501494
3.691173
5.44419
5.293085
3.774751
3.951026
5.130096
5.124491
4.944622
4.805571
4.268457
3.602625
4.761738
3.787668
3.677497
2.58436
3.067488
3.091002
2.972034
3.084592
3.637275
3.270625
4.147065
4.722475
3.352114
3.953057
3.678988
4.122607
5.984087
4.398933
6.730867
6.995357
6.972028
5.588941
7.57994
6.626641
8.086902
8.616074
7.7541
8.231926
8.889723
7.133601
5.756023
4.902508
4.037827
3.672762
3.81887
4.848125
4.405559
3.986273
2.573686
2.766077
2.597178
2.820863
3.905316
2.93519
2.922966
3.862421
5.576127
5.451452
5.73939
6.030589
6.036948
7.755443
8.054928
8.025081
7.777964
5.306395
6.616921
4.937229
5.606199
6.035077
6.45945
7.270259
6.560468
7.261227
6.783185
10.03873
8.867705
9.495791
5.577564
6.664694
5.293018
5.79299
6.234576
5.937752
9.162295
6.498644
4.776318
4.684361
3.974577
3.486882
3.89034
3.884709
3.464681
4.048474
4.336678
6.108059
9.013775
8.161443
9.125524
10.28353
8.176957
7.650514
7.683995
7.373194
7.695385
6.875048
6.907014
4.416986
6.802459
5.330353
4.430952
5.841425
8.30819
5.262312
5.730515
3.758411
4.494973
5.327517
10.13819
7.2847
7.255995
5.715018
6.284168
7.293927
5.854256
4.80894
3.824298
5.05337
5.012843
5.203153
4.944698
3.852639
3.603366
5.206032
3.593877
3.116447
5.244925
5.646609
3.868545
4.721605
5.410442
4.809087
4.718446
4.346315
4.422076
5.680229
7.299881
7.025238
6.967446
6.77048
5.37518
4.744557
4.543832
5.172304
4.17227
5.379461
5.332539
4.850805
5.120331
4.589042
5.177876
5.117891
5.703013
5.819505
5.655531
6.398361
5.396592
4.286868
2.54894
2.602416
3.204175
2.812734
3.121561
3.810722
4.29688
3.702747
3.07065
2.253119
2.48929
3.376488
3.56814
3.963309
6.992664
8.320139
5.424125
7.720205
6.928763
8.52555
9.249492
5.972733
5.744157
4.900919
4.558429
4.912482
5.99984
5.800801
4.826585
5.789358
7.18805
3.69813
2.989555
3.277855
4.134257
3.363105
3.887801
7.980428
8.438761
6.341343
7.080425
5.550466
9.443738
8.981801
5.595759
6.455947
6.176176
6.097258
3.971176
4.917854
4.135233
3.843926
4.933984
7.528386
6.42116
7.044675
5.745239
8.86744
7.393234
7.280601
4.667214
3.546112
3.790366
3.593471
3.944357
3.523468
6.524736
6.63339
6.558892
4.714586
3.359047
5.049961
6.08639
5.575017
4.50188
5.589646
5.342818
4.929285
5.191129
5.525411
7.398909
7.891385
8.58181
9.287236
4.680306
5.36072
5.692534
4.355532
3.586972
2.736267
2.553013
2.76029
2.977593
4.076746
5.725507
5.427869
5.704809
6.822052
7.256008
6.905049
6.535833
7.012236
4.705687
3.586118
5.055071
4.72102
4.694766
3.897135
5.374992
5.696736
6.140163
7.581714
6.210301
7.15713
6.556211
6.01647
6.593593
5.482804
5.28969
4.62969
4.172503
6.238572
8.022759
9.193587
11.45701
11.55702
8.842055
7.662811
5.270104
7.159075
7.409841
4.789442
7.171718
5.449819
5.972487
4.985811
4.989566
5.407441
3.912407
4.124519
4.179518
5.461989
5.389035
6.0863
5.743569
7.430883
7.556945
9.128402
7.482994
10.70511
6.686631
5.285151
4.292035
3.620164
3.405019
2.88948
3.816714
2.804879
2.59489
3.178137
5.672274
6.271056
5.415939
8.741108
7.897739
5.664209
7.622286
8.027562
5.63022
7.019623
8.254585
5.645812
5.130245
5.142833
3.834924
5.698746
6.914968
5.230777
6.348195
5.888207
3.742069
4.342613
5.29144
5.177662
3.358417
4.180878
4.014931
2.851377
1.939496
3.383083
3.109022
3.292141
4.38191
3.751085
4.820342
6.678018
4.393265
2.554849
2.037612
3.518032
2.87665
3.582288
3.837243
5.087478
6.123146
5.928803
5.191776
4.457143
4.721331
5.587095
6.957398
5.951491
6.828791
5.470765
3.504481
3.379353
4.320308
5.685879
4.909509
5.307541
3.68845
3.616141
4.352345
3.593836
3.644561
3.01408
3.955658
4.47411
4.652436
5.264591
3.897518
5.314724
5.382121
5.13038
6.579739
8.013456
6.991797
5.089529
6.857688
4.670552
3.769444
4.95689
5.695678
5.740729
6.785356
5.972799
8.277517
7.424575
6.541759
5.59303
5.266703
3.772415
2.90129
2.64332
3.24171
3.321343
2.921365
2.86514
1.877177
2.550681
2.959024
2.575697
3.037424
3.394226
2.662917
2.769903
3.174213
4.437323
3.95603
5.617987
5.17267
7.043645
6.197827
7.573576
5.377874
6.570279
6.641553
8.057703
5.29626
5.849671
6.300036
6.280811
5.235946
6.772225
4.655289
5.69428
3.493717
3.505963
5.427909
7.200409
6.147504
8.231111
6.563203
6.501679
9.77769
9.135316
6.452902
4.413743
4.582023
4.998757
4.033882
3.98022
4.418475
4.091927
3.570988
5.606839
9.363709
6.187532
7.267301
6.817812
7.594148
6.969983
8.244514
12.62922
5.988347
5.677494
7.042592
6.82277
6.794309
7.95424
5.899656
5.689167
6.396559
6.600766
4.934847
6.037721
5.578094
5.033346
5.237536
6.232285
6.144928
6.482657
8.655527
5.774917
5.808956
4.967693
4.339658
3.340636
3.672011
4.714138
3.88402
5.820373
4.185839
3.82546
3.436815
3.443609
3.878838
4.243996
4.421642
7.186208
6.663253
6.024136
7.237322
6.065323
6.298943
9.530365
10.63661
9.369734
7.502232
5.428761
5.050597
4.803787
4.325911
3.789867
3.962111
3.90588
3.626347
2.964664
4.369173
4.661156
6.43004
5.067613
7.93497
6.85627
5.657455
4.98392
3.74111
6.013022
7.034717
5.161078
4.898268
4.625928
5.347921
5.64743
5.223926
5.326263
6.40285
7.100914
5.331268
5.180635
4.870701
5.194679
7.000434
5.933559
5.378332
4.288657
4.046221
4.879341
5.884373
4.265559
6.540104
5.364442
6.86585
7.47776
8.361322
8.124455
4.449946
4.393156
3.649782
4.090333
4.840534
4.848895
5.75391
4.571959
5.171773
5.093947
4.45793
5.21558
5.919079
5.792524
5.101107
5.236117
6.750708
5.533416
5.862996
5.008722
3.160991
3.657528
4.59343
6.235602
7.377369
6.91533
6.74125
7.371571
7.930024
7.241976
6.451416
4.789402
4.313164
3.401101
3.919931
2.909818
3.550673
2.821233
2.632343
3.78103
5.195469
3.759426
3.727506
3.326279
4.266915
4.238577
4.447005
7.46184
5.826533
4.922281
5.899386
4.43364
3.365222
4.412518
3.852696
4.588331
7.589518
7.08489
6.678551
7.057368
9.248112
7.845518
7.377644
5.888067
5.453654
4.365049
3.80451
4.222651
3.664699
4.378019
3.3049
4.42018
6.760842
6.111975
5.502964
4.56122
4.17889
5.357021
6.827804
5.558475
5.937035
7.073181
6.783622
5.640797
7.29297
8.04623
5.92778
4.512262
3.853946
2.526016
3.228169
2.772136
2.333735
4.102412
6.513495
7.734696
6.432044
6.667855
6.61436
9.477288
7.671578
9.454147
6.362201
7.267033
6.953579
5.577098
6.728941
6.055943
7.327717
8.488453
6.451586
4.243727
4.835242
5.338141
4.286401
3.645122
4.898977
4.193145
3.406899
4.317818
3.916321
4.438522
4.130335
4.723204
4.064902
3.562199
4.362426
3.92378
3.275661
3.461819
3.862415
4.145567
3.750581
4.343035
5.044344
4.686168
6.731308
4.828075
7.014118
3.701206
3.392439
3.527595
5.710804
6.038356
6.243608
5.226279
4.6895
7.685429
6.858719
4.932061
3.593528
4.013701
5.596449
4.994748
4.119535
4.267285
4.532582
3.944238
3.593247
6.41027
6.689641
5.125939
4.377264
4.109583
5.525063
5.346678
4.542079
4.551952
5.74782
6.819885
7.964654
10.08921
8.272223
7.288332
6.928102
5.440558
5.759805
6.607644
6.465907
5.655293
6.036536
3.831168
3.347986
2.399713
3.93232
4.517027
5.625337
4.619725
6.541069
6.25588
6.239346
5.101056
4.496904
5.957041
6.246705
9.616319
8.886861
7.594747
10.90824
8.444503
5.212103
8.9356
8.22128
12.49534
9.420291
8.975502
7.975807
6.639831
5.943971
7.195335
4.990968
4.571694
5.008965
5.292042
4.675533
4.391973
3.49932
3.841858
4.668204
5.03686
4.170758
4.299751
4.581299
5.024058
5.995695
3.936752
5.883989
8.815778
10.18786
7.954426
8.341279
7.483739
6.165015
7.575631
12.15161
11.98703
9.646485
9.521344
10.01307
6.697638
6.0008
3.974122
4.079182
3.546682
3.242984
3.02256
3.814978
3.685878
3.805725
3.538399
3.562694
3.310206
3.739251
3.916709
5.303714
4.915379
5.882409
7.539992
9.28421
6.186836
4.087406
5.539123
5.462072
8.011726
7.954923
5.415615
6.29798
3.640722
3.365187
4.827284
4.671473
4.814773
4.080359
4.686827
4.761059
4.031925
3.755031
3.80936
2.96086
3.452334
3.379704
6.178043
4.93945
5.466054
5.399236
5.79353
5.450479
3.97038
4.008405
3.80762
3.893133
4.110107
2.737203
3.524564
3.039974
4.994914
5.200422
4.944144
4.608126
5.76255
6.467387
6.196723
6.973921
8.176948
7.680697
7.04859
5.094403
3.826859
3.915854
2.943283
2.952972
2.786965
3.371169
4.043843
3.785789
2.860894
3.908081
4.450662
3.188841
2.568756
3.68594
4.61478
5.083361
5.873672
7.209952
5.078827
4.548271
4.78259
3.588337
6.794334
5.438493
3.9116
3.976249
6.747588
4.881471
3.621073
3.050808
3.376538
5.249247
4.922567
5.75692
6.666721
5.919924
6.991446
7.685872
6.021692
7.38005
6.066636
5.374622
7.007174
7.097178
6.175754
6.391378
4.969457
5.409375
4.832337
3.908072
2.862599
2.673464
3.149302
2.980099
2.757987
3.687021
4.344706
5.040878
8.833251
7.361154
8.603761
7.947989
7.371313
9.563048
6.692177
4.08982
4.965646
6.731317
5.33544
3.31292
3.735115
3.436484
3.372407
2.932383
4.560867
6.468564
6.236188
5.013872
4.568332
4.340235
4.984711
4.785493
5.689521
5.775614
5.96584
4.232815
3.293852
2.550061
3.663287
3.835807
3.299288
4.320573
3.754466
5.696688
3.209698
