factor(envID)8 factor(envID)18
9.458288 -9.510855
9.471257 -10.03681
9.291185 -10.46387
9.105988 -10.27724
9.144454 -10.21883
8.931563 -10.80676
9.034879 -10.52702
8.823587 -10.42494
9.295677 -10.59118
9.63483 -10.32759
9.369906 -10.30837
9.32063 -10.27232
9.594299 -9.98801
9.627065 -9.85786
9.808817 -9.83644
9.984963 -9.377503
10.01868 -9.352587
9.793678 -9.576284
9.996786 -9.142457
10.23134 -9.180835
10.15172 -9.481303
9.606817 -9.778497
9.763239 -9.624232
9.185308 -9.702626
9.44205 -9.929145
9.324211 -9.95012
9.393607 -9.866405
9.489442 -9.741259
9.925057 -9.679169
9.746639 -9.373313
10.28575 -9.134887
10.44909 -9.20411
10.63826 -8.786362
10.62099 -8.756053
10.16912 -9.184965
10.00834 -9.122108
9.888537 -9.255914
10.17193 -9.058299
9.708193 -9.624401
9.127337 -10.23631
9.161095 -10.29247
8.921886 -10.20067
8.801184 -10.50396
9.141827 -10.70577
8.723617 -10.41321
8.696799 -10.35406
8.730159 -10.72321
8.315382 -10.90068
8.226608 -11.0242
8.408495 -11.06918
8.117992 -11.15319
7.91144 -11.28997
7.991351 -11.36177
7.846701 -11.54967
7.864102 -11.44462
7.900112 -11.57174
7.976144 -11.54028
7.382944 -12.07272
7.616854 -11.86185
7.854132 -11.55258
8.079645 -11.18667
8.28875 -11.31118
8.252603 -11.46968
7.77172 -11.81654
7.815255 -11.91978
7.390768 -12.08038
6.900241 -12.15717
7.110744 -12.3612
7.186545 -12.26593
6.846762 -12.88443
6.504245 -12.88981
6.640106 -12.9672
6.739262 -12.74838
6.609903 -13.21574
6.783694 -12.8613
6.695952 -13.0484
6.506523 -12.65237
6.273411 -13.17457
6.118705 -13.26953
6.146479 -13.38172
6.433661 -12.89139
6.764113 -12.89013
6.783076 -12.72678
6.512317 -12.55677
6.823519 -12.68381
6.566405 -12.74892
6.777775 -12.65379
6.78699 -12.66819
6.840579 -12.942
6.629449 -12.75148
7.105079 -12.50292
6.774381 -12.5734
6.501912 -12.7906
6.871499 -12.53544
6.780164 -12.61733
7.009734 -12.34925
7.096802 -12.53391
6.819734 -12.90703
6.899012 -13.06003
6.572718 -12.98451
6.128944 -13.35409
6.171799 -13.39536
6.407154 -13.06762
6.696145 -12.70608
7.167151 -12.10054
7.233482 -12.17474
7.326447 -12.11228
7.472981 -12.15748
7.325784 -12.1844
7.294077 -11.90264
7.453572 -11.80111
7.312727 -11.57653
7.870698 -11.2651
7.739586 -11.55267
7.896319 -11.5491
7.894621 -11.45256
7.484813 -11.72215
7.163622 -11.99273
7.228414 -11.98893
7.51881 -11.72976
7.234991 -12.00778
7.15731 -12.16972
6.861808 -12.29316
6.415293 -12.56962
6.394883 -12.86293
6.311642 -12.99583
6.068618 -13.08721
6.506262 -12.9158
6.765883 -13.22
6.87231 -12.763
6.578794 -12.86563
6.875718 -12.79682
7.064221 -12.46956
6.856857 -12.6467
6.671878 -12.57023
6.883902 -12.38473
7.256258 -12.29768
7.241545 -12.06286
7.309622 -12.24263
7.249274 -12.07614
7.693798 -11.58837
7.715277 -11.51139
7.812103 -11.44755
8.210535 -11.21551
8.11608 -11.03418
8.421647 -11.05947
8.51716 -10.9899
8.844419 -10.53106
8.886521 -10.32984
8.991617 -10.54026
8.98498 -10.22536
9.048292 -10.07507
9.20763 -9.905455
9.646964 -9.796912
9.670972 -9.687907
9.622054 -9.7305
9.688194 -9.720292
9.731894 -9.455814
9.788272 -9.293327
9.663358 -9.498527
9.98144 -9.440349
10.21784 -9.283946
10.24777 -9.181735
10.39531 -8.870767
10.52562 -8.916561
10.45934 -9.006965
10.81038 -8.619409
10.39351 -8.960609
10.30889 -8.771808
10.29902 -9.014072
10.06935 -9.230343
9.918309 -8.83225
10.18349 -8.941358
10.22503 -9.121534
10.38843 -8.572231
10.63044 -8.722198
10.86777 -8.489739
10.7652 -8.555097
10.13026 -8.933404
9.911563 -9.064361
9.800315 -9.016857
9.828037 -9.053655
9.984807 -8.904635
10.09729 -8.850398
9.833089 -9.162236
9.989812 -9.015454
10.48109 -8.834556
10.74741 -8.656689
11.01223 -8.350433
10.88346 -8.437864
10.83949 -8.455021
11.14825 -8.528806
11.16893 -8.018464
10.8045 -8.292266
11.02088 -8.094148
10.73701 -8.600502
10.59068 -8.393349
11.13405 -8.159736
11.12365 -7.893081
11.1036 -8.057501
11.42158 -7.620486
11.6374 -7.692041
12.02168 -7.264002
12.09084 -7.240067
11.85033 -7.300962
12.09992 -7.404864
12.04409 -7.001165
12.36178 -6.760466
12.31464 -7.029912
12.34565 -6.816405
13.00796 -6.635823
13.18415 -6.011774
13.24456 -5.913069
13.40971 -5.857562
13.61231 -5.409807
13.94628 -5.343416
14.17891 -5.432725
14.3997 -4.905084
14.50525 -4.87029
14.52803 -4.834178
15.10784 -4.503703
14.87549 -4.307761
14.96249 -4.384395
14.99686 -4.104523
14.5863 -4.66601
14.6824 -4.281595
14.78445 -4.345692
14.88782 -4.57157
14.6229 -4.56459
14.34297 -5.095704
14.1526 -5.361425
13.80787 -5.321851
13.82253 -5.750869
13.74516 -5.550496
13.76836 -5.824185
13.65468 -5.640713
13.55191 -5.713607
13.36612 -5.8042
12.98066 -6.225985
12.6092 -6.655418
12.59422 -6.643245
12.39537 -6.863243
12.12421 -7.047415
12.04978 -7.108104
12.25941 -7.063434
12.56164 -6.610201
12.7434 -6.884651
12.22749 -7.034181
11.86288 -7.398253
11.8311 -7.476263
11.88688 -7.447594
11.53931 -7.788492
11.4397 -7.782103
11.36994 -7.891849
10.79708 -8.52701
10.67226 -8.615421
10.68339 -8.955279
10.89874 -8.66142
10.73465 -9.08358
10.5113 -8.794228
10.82028 -8.502649
10.82921 -8.4795
10.54187 -8.671606
10.89364 -8.667649
10.98014 -8.54592
10.59866 -8.679481
10.43858 -8.942321
10.38782 -8.996003
10.40531 -8.981501
10.483 -8.943061
10.28933 -9.138954
10.09903 -9.23567
10.07384 -9.364563
10.15749 -9.105873
9.869934 -9.288602
10.20311 -9.040295
10.4999 -8.904724
10.29317 -9.013568
9.883682 -9.385143
9.672186 -9.361603
9.992647 -9.284788
9.519663 -9.65476
9.587237 -9.941455
10.00989 -9.415607
9.767424 -9.315114
9.83642 -9.355821
9.785006 -9.416123
10.21907 -9.238503
10.10542 -9.008565
10.2468 -8.861512
10.27612 -9.313354
9.972409 -9.229555
10.28901 -9.364882
10.03481 -9.322286
10.00433 -9.0454
10.52736 -8.930865
10.6706 -8.590847
10.86491 -8.491512
10.62615 -8.816187
10.6481 -8.794355
10.09525 -9.188224
9.980994 -9.204825
9.813035 -9.454151
10.11834 -9.400982
10.01176 -9.466603
10.13766 -9.265976
10.43168 -9.192783
10.6891 -9.063585
10.21165 -9.194215
10.45495 -9.240428
10.22257 -9.214663
10.15645 -9.283081
10.4888 -9.097961
10.1432 -9.347404
10.39585 -9.239265
10.21731 -9.456213
10.47393 -9.174915
10.58261 -9.411508
10.12899 -9.469198
10.66821 -9.013001
10.30706 -9.098638
10.20625 -9.324064
10.08306 -9.634357
9.943488 -9.37685
10.03253 -9.414989
10.31151 -9.052468
10.61037 -9.046803
10.80901 -8.682391
10.63738 -8.744564
10.9315 -8.541006
10.83751 -8.542904
10.87959 -8.460174
10.5977 -8.683869
10.44586 -8.951053
10.28376 -9.085031
10.551 -8.808901
10.42901 -9.011186
10.34657 -8.997801
11.03173 -8.839674
11.24891 -8.319954
11.57752 -7.786916
11.42338 -7.815555
11.44776 -8.062768
11.11086 -8.178466
11.14283 -8.055708
11.28273 -8.294042
10.72159 -8.372712
11.39139 -8.306102
11.05739 -8.375046
11.27837 -8.434089
11.04751 -8.399634
10.8878 -8.545942
11.00777 -8.764799
10.90381 -8.467666
11.17682 -8.578757
10.98058 -8.513758
11.26522 -8.478918
11.25343 -8.233937
10.9219 -8.245424
11.17875 -8.1977
10.98549 -8.532134
10.67658 -8.800286
10.36276 -8.886668
10.289 -9.036456
10.27321 -8.90973
10.67805 -8.719094
10.72118 -9.058259
10.77428 -8.939482
10.38637 -8.889119
10.64533 -8.846892
11.03191 -8.582217
10.90567 -8.752846
10.81594 -8.740837
10.57254 -8.897163
10.29152 -9.062248
10.30308 -9.353446
10.09917 -9.312382
10.16898 -9.305493
10.50018 -9.1219
10.29431 -9.213376
10.48135 -8.988215
10.60778 -8.851233
10.55183 -8.758465
10.6335 -8.827406
10.06042 -9.063509
9.937299 -9.287826
10.14497 -8.995719
10.04853 -9.11047
9.971951 -9.247347
10.21214 -9.282008
10.34535 -8.931407
10.77255 -8.649681
10.49415 -8.787804
10.29381 -8.989561
10.33414 -9.139827
9.941403 -9.458845
10.31505 -9.175591
10.06046 -9.462862
9.855235 -9.367797
9.88422 -9.567185
10.16952 -9.491861
10.39681 -9.243526
10.30413 -9.195142
10.47863 -9.218447
10.57634 -9.038597
10.16376 -9.341422
9.832216 -9.698537
9.489284 -9.917469
9.713183 -10.14077
9.785191 -9.886762
10.02521 -9.609141
10.09833 -9.671471
9.9825 -9.967429
9.741428 -9.723644
9.32663 -9.994773
9.219297 -10.06036
9.519914 -10.15032
9.320214 -10.08058
9.193888 -10.06586
9.127258 -10.60226
8.83011 -10.47829
8.977193 -10.39026
8.976721 -10.41884
8.869775 -10.3704
8.597586 -10.51782
8.794129 -10.44817
8.95179 -10.6325
9.325001 -10.12654
9.521102 -10.066
9.327033 -9.953476
9.291966 -10.03266
9.153523 -10.30831
8.849974 -10.58809
8.745439 -10.82024
8.182688 -11.06022
7.840541 -11.39034
7.730217 -11.8016
7.29587 -12.08996
7.384804 -11.99191
7.332992 -12.29379
7.812387 -11.69782
7.94215 -11.70598
7.616645 -11.82942
8.236459 -11.15779
8.223833 -11.36216
8.418078 -11.23198
8.817629 -10.9571
8.961076 -10.72669
9.286326 -10.41012
9.204413 -10.0821
8.897217 -10.16832
9.00307 -10.43116
9.384794 -10.04037
9.387916 -9.943156
9.982524 -9.668294
10.29772 -9.107891
10.30727 -9.137474
10.43762 -8.873943
10.50383 -8.940907
10.16114 -9.239857
10.25767 -9.325569
10.65732 -8.922461
10.68907 -8.67991
9.96265 -9.075536
9.998771 -9.062534
10.25506 -9.026508
9.959399 -9.029789
9.921929 -9.154642
9.727034 -9.587528
9.564743 -9.66213
9.342963 -9.842605
9.135794 -9.991963
9.162733 -9.819258
8.976669 -10.2188
8.92026 -10.00897
9.2814 -10.08824
8.825077 -9.784347
8.671046 -10.29703
8.820859 -10.48717
8.609005 -10.47298
8.716857 -10.64693
8.64553 -10.54011
8.547861 -10.52831
8.383295 -10.83825
8.646905 -10.42007
9.207511 -10.1993
9.582124 -9.827929
9.859852 -9.315056
9.571319 -9.37678
9.474015 -9.921609
9.520808 -9.703725
9.816475 -9.58042
9.893103 -9.212372
10.03126 -9.255198
10.01559 -9.391165
9.810428 -9.703935
9.396631 -10.09911
9.57378 -9.689972
9.715186 -9.886647
9.432745 -9.817892
9.41198 -9.624533
9.711892 -9.725808
9.329568 -10.00913
9.666146 -9.601367
9.611097 -9.699858
9.969849 -9.376167
10.26759 -8.818171
10.63771 -8.998353
10.36155 -9.15094
10.13619 -9.378772
10.21402 -9.171178
10.475 -9.222626
10.65256 -8.856224
10.38962 -8.9406
10.46853 -8.63627
10.84208 -8.430402
10.75974 -8.570759
11.27108 -7.884321
11.35878 -7.905123
11.44239 -7.70996
11.61929 -7.94858
11.74119 -8.077034
11.57975 -7.938626
11.82884 -7.904196
11.88871 -7.784856
11.6261 -8.188382
11.41372 -8.297499
11.54358 -7.739798
11.85233 -7.851092
11.94913 -7.525604
11.84817 -7.595259
11.66091 -8.026722
11.61254 -7.992995
11.70267 -7.984975
11.83361 -7.851036
12.06714 -7.424362
11.95007 -7.785563
11.77832 -7.728485
11.68773 -7.818603
11.59207 -7.868991
11.48019 -8.13649
11.29356 -8.301925
11.56059 -7.876311
11.68742 -7.688836
11.49487 -8.060699
11.63541 -8.103627
11.75427 -7.829758
11.55985 -7.965408
11.70275 -7.697611
11.79949 -7.896925
11.93996 -7.768517
12.37837 -7.262717
11.66887 -7.69989
11.51441 -8.010659
11.38691 -8.33772
11.13215 -8.285518
11.00724 -8.39556
10.98897 -8.407141
10.75743 -8.335559
10.90752 -8.37996
11.07201 -8.175678
10.85572 -8.237166
10.8202 -8.278818
10.51221 -8.662555
10.43007 -8.929771
10.57965 -8.814355
10.60311 -8.704355
10.61422 -8.74982
10.73267 -8.704074
10.70588 -8.536102
10.6418 -8.609406
10.72306 -8.622459
10.95037 -8.567698
10.8011 -8.792213
10.74791 -8.429282
10.9525 -8.428468
11.2026 -8.372377
11.42837 -7.925702
11.76254 -8.261126
11.789 -7.904717
12.16155 -7.793155
12.33763 -7.595946
11.904 -7.668659
12.24426 -7.561409
12.37919 -7.391943
12.29202 -7.239188
12.7964 -7.04444
12.91389 -6.470256
12.97749 -6.739379
12.5613 -6.767136
12.85897 -6.842133
12.60818 -7.0086
12.52207 -6.899063
12.34944 -7.123498
12.35862 -7.025313
12.47084 -7.113704
12.71503 -6.694514
12.59896 -6.946256
12.41937 -7.43756
12.13511 -7.356119
12.30483 -7.3219
12.31835 -7.211284
12.44623 -6.889739
12.23597 -7.364476
12.34421 -7.099161
12.24743 -7.097195
12.7149 -6.721401
12.2562 -6.707494
12.13551 -6.74426
12.42071 -7.026147
12.55707 -6.957366
12.56547 -6.738408
12.62211 -6.869875
12.75988 -6.766114
12.6829 -6.613216
12.64415 -6.718921
12.39556 -6.694755
12.59981 -6.857223
12.44231 -6.765251
12.60932 -6.502524
12.91353 -6.398419
12.86928 -6.573166
12.57425 -6.636143
12.21636 -6.644759
12.34231 -6.438522
12.59743 -6.450131
12.66934 -6.679292
12.37668 -6.809113
12.3108 -6.743041
12.30253 -6.612926
12.14513 -6.754579
12.54193 -6.801582
12.48307 -7.037312
12.17231 -6.858414
12.23977 -6.828649
12.08948 -6.686257
12.18286 -6.673608
12.33425 -6.926467
12.32576 -6.907485
12.04015 -7.255246
11.87845 -7.116972
12.21387 -6.85114
12.35403 -6.706494
11.99672 -7.161076
11.93342 -7.307391
11.7508 -7.269415
11.79611 -7.599648
11.33252 -7.795913
11.50541 -7.501689
11.15272 -8.099621
11.05604 -8.202772
11.11141 -8.145846
10.9218 -8.317874
11.27176 -8.237215
10.97082 -8.261764
10.67331 -8.433918
10.90488 -8.542572
10.50689 -8.682767
10.81763 -8.836577
10.75835 -8.754392
10.49091 -9.057928
10.13572 -9.0399
10.25787 -9.179262
10.04753 -9.111891
10.15995 -8.824579
10.32928 -8.758476
10.73967 -8.635091
10.95027 -8.239688
11.09673 -8.530518
11.28631 -8.261508
11.52512 -7.943569
11.56537 -7.800197
11.42821 -8.023578
11.09011 -8.057729
11.25294 -7.839867
11.25159 -8.010433
11.34343 -7.799499
11.41666 -7.775613
11.47285 -8.023071
11.05729 -8.088354
11.01368 -7.893806
10.91296 -8.064926
11.04562 -8.30192
11.01402 -8.202941
11.26596 -7.847233
11.42243 -7.679528
11.52217 -7.751687
11.43767 -7.764288
11.32019 -7.916831
11.46412 -8.133087
11.35459 -7.988023
11.34635 -7.902261
11.20502 -7.891261
11.4237 -7.695163
11.61734 -7.536056
11.84816 -7.270257
11.9027 -7.379785
12.09018 -7.308602
11.87243 -7.529425
11.74001 -7.344578
11.83278 -7.793469
12.09162 -7.284593
12.16889 -7.123129
12.39516 -7.156225
12.38922 -6.77782
11.91155 -7.399886
11.97905 -7.593216
11.81108 -7.78607
11.96738 -7.657109
11.63782 -7.786996
11.54015 -7.878308
11.54004 -8.116809
11.64126 -7.970901
11.50499 -7.920615
11.77826 -7.6626
12.0434 -7.729321
11.6176 -7.679161
11.73544 -7.556374
12.40231 -7.071886
12.48304 -6.847042
12.43118 -7.000596
12.86822 -6.608132
13.11526 -6.74043
13.00138 -6.255863
13.2698 -6.038411
13.85437 -5.577245
13.58671 -5.62429
13.47167 -5.675548
14.06026 -5.381434
13.79216 -5.582763
13.56293 -5.977462
13.30028 -5.976737
13.81644 -5.707186
13.81281 -5.56388
14.21484 -5.33569
14.04368 -5.50711
13.85804 -5.435403
13.79738 -5.41903
13.629 -5.425145
13.90511 -5.349976
13.86695 -5.529843
14.14432 -5.222808
14.08082 -5.142742
13.7822 -5.584678
13.8198 -5.498119
13.64064 -5.577941
13.94148 -5.470531
13.69368 -5.664481
13.83459 -5.803272
13.90541 -5.823162
13.88554 -5.590573
13.56902 -5.970284
13.51948 -5.714639
13.69001 -5.825462
13.53745 -6.012014
13.2721 -5.937581
13.22332 -5.889242
13.25762 -6.165063
13.28067 -5.987584
13.42113 -5.811732
13.70052 -5.426305
13.42822 -5.715407
13.04952 -6.060816
13.1866 -6.222085
13.20136 -6.120952
13.18378 -6.062114
13.20049 -5.936197
13.38048 -5.806083
13.54939 -5.733456
13.60804 -5.957733
13.03089 -6.490167
13.11419 -6.35828
12.30669 -6.606372
12.38689 -7.11188
12.16313 -6.807886
12.2584 -7.113735
12.49237 -6.860447
12.03959 -7.206066
12.18703 -6.939676
12.56137 -6.337125
12.86546 -6.347433
12.94691 -6.412343
12.63378 -6.431509
12.93041 -6.272928
13.27139 -5.872141
13.56478 -5.554873
13.54753 -5.633442
13.64148 -5.609839
13.87938 -5.527508
13.77307 -5.731391
13.80668 -5.178839
14.1136 -5.006368
13.93806 -5.17621
13.97767 -5.159234
14.32256 -4.391456
14.56278 -4.480904
14.32419 -4.809437
14.71935 -4.798754
14.69085 -4.75144
14.84099 -4.761065
14.68011 -4.999143
15.01286 -4.457535
14.73539 -4.657625
15.25166 -4.598895
15.40923 -4.418069
15.12682 -4.670056
15.13219 -4.334586
14.97621 -4.055011
14.80663 -4.615966
14.42097 -4.730736
14.67793 -4.805725
14.28569 -5.040849
14.70093 -4.642672
14.94314 -4.63983
14.91025 -4.658796
14.79118 -4.802808
14.94242 -4.374957
15.13311 -4.185895
15.34302 -4.186494
15.43424 -4.02501
15.78921 -3.998163
15.04878 -4.035505
15.41294 -3.876047
15.69277 -3.698915
15.90257 -3.732809
15.48167 -4.000402
14.95728 -4.364144
14.87859 -4.47185
15.02145 -4.137289
15.20659 -4.208729
15.22827 -4.320167
15.11072 -4.173117
15.33741 -3.931992
15.79366 -3.844168
15.96139 -3.629989
16.13537 -3.514774
16.3259 -3.362486
16.57799 -3.021671
16.28485 -3.440936
16.07598 -3.308063
16.62396 -2.911739
16.46515 -3.16136
15.778 -3.642096
15.52279 -3.619179
15.44525 -3.581775
15.55873 -3.6154
15.4029 -3.535464
14.91009 -3.734753
15.02325 -3.979924
14.99884 -4.013944
14.96827 -3.877089
14.94008 -3.878464
15.01666 -3.889713
15.21816 -3.847616
15.02642 -3.976125
14.88879 -3.874079
14.72053 -3.902536
15.23275 -3.611633
15.07191 -3.712302
15.3519 -3.48543
15.60962 -3.371408
15.57741 -3.34014
15.63604 -3.392516
15.14278 -3.908596
15.2957 -3.885688
14.82659 -3.988819
15.01301 -3.876913
15.12569 -4.186497
14.94291 -4.050587
14.39774 -4.391733
15.06777 -3.772618
14.80678 -4.106321
14.69031 -4.67682
14.27552 -4.978121
14.4356 -4.873406
14.51881 -4.650702
14.45353 -4.953566
14.35019 -4.84996
14.89337 -4.491031
14.38346 -4.896372
14.19135 -5.318091
13.53329 -5.387958
13.7065 -5.736047
13.33575 -5.9063
13.25752 -6.07358
13.14542 -6.380834
13.13912 -6.321616
12.99907 -6.308432
12.72059 -6.325144
12.58922 -6.429231
13.12434 -6.174827
13.53201 -6.272908
13.62439 -6.07843
13.70632 -5.858864
13.65712 -5.554059
13.68201 -5.721733
13.6109 -5.80372
13.41402 -5.863521
13.29388 -5.674581
13.58055 -5.760975
13.59967 -6.033156
13.41074 -5.91463
13.60627 -6.258172
13.33789 -6.193848
13.53274 -5.908569
13.39086 -5.998634
13.38962 -5.842829
13.69162 -5.606381
13.40761 -5.786645
13.80465 -5.95383
13.78746 -5.922736
14.06565 -5.808824
14.09168 -5.693886
14.15594 -5.606906
14.15418 -5.545376
13.83326 -5.505658
13.82689 -5.606343
14.16968 -5.65731
14.05405 -5.474568
13.949 -5.300494
14.18957 -5.152057
14.1954 -5.26984
14.15155 -5.202574
13.94819 -5.319068
14.18997 -4.867857
13.97438 -5.351982
14.05633 -5.199062
14.1986 -5.232403
14.16034 -5.0739
14.46026 -4.986933
14.17658 -4.779353
14.72598 -4.897945
14.46485 -5.172762
14.27516 -5.203703
14.49769 -5.052348
14.90643 -4.695476
15.29434 -4.660295
15.2349 -4.505353
14.86336 -4.696723
14.60121 -4.977564
14.03285 -5.37714
13.73586 -5.673155
14.16389 -5.524852
14.16572 -5.190473
13.9826 -5.258762
14.3451 -4.889842
14.15601 -5.15339
14.1946 -5.244919
14.29984 -5.002526
14.43585 -5.254098
14.32664 -5.18493
14.02665 -5.241122
13.82227 -5.675188
13.97051 -5.604312
13.69801 -5.911476
13.53578 -6.019675
13.42389 -6.104459
13.30287 -6.115115
13.57511 -5.860004
13.75381 -5.852275
13.63548 -5.573336
13.88138 -5.286776
14.40154 -5.246851
14.20038 -5.129319
14.03437 -5.408606
14.25976 -5.733007
14.21974 -5.302646
14.30142 -5.172264
14.42577 -4.972671
14.37886 -5.106318
14.73222 -4.939749
14.70397 -4.960973
15.35783 -4.705099
14.9773 -4.613339
15.01141 -4.480572
14.84994 -4.499958
14.69236 -4.578438
14.53456 -4.95242
14.67012 -5.08053
14.83016 -4.812697
14.68132 -5.047857
14.55007 -4.948103
14.32582 -5.148762
14.4718 -4.890452
14.48929 -4.594523
14.25371 -5.106747
14.13293 -5.024698
14.20058 -5.319242
13.77077 -5.439778
13.63096 -5.4354
13.31332 -5.715689
13.0827 -5.968348
13.38814 -6.037612
13.2845 -5.994841
13.41329 -5.937172
13.23083 -6.242492
13.12108 -6.133855
12.8956 -6.335176
13.05089 -6.123568
13.36691 -6.132645
13.35356 -6.022237
13.23876 -6.197577
13.13979 -6.102401
12.97366 -6.005931
12.61998 -6.749968
12.73797 -6.53851
12.41847 -6.886858
12.59484 -6.781429
12.11735 -7.063235
12.32582 -7.334089
12.3215 -7.046438
11.969 -7.189754
11.76017 -7.409766
12.00012 -7.114093
12.0433 -7.249471
11.97865 -7.156662
11.99298 -7.431419
11.95459 -7.464673
11.66028 -7.455221
11.4689 -7.985739
11.44509 -8.121607
11.38598 -8.193416
11.53924 -8.235825
11.37318 -8.050755
11.32956 -8.289606
11.08188 -8.723623
10.92517 -8.749323
10.7466 -8.959621
10.40177 -8.974868
10.6257 -8.678918
11.05811 -8.463858
10.84033 -8.511412
11.02664 -8.33604
11.01155 -8.301114
10.72371 -8.397155
11.08538 -8.357019
11.14888 -8.215146
10.92674 -8.269733
10.64698 -8.25377
10.65573 -8.366284
10.91612 -8.29004
10.69005 -8.4529
10.98856 -8.229126
11.02834 -8.320982
10.50315 -8.310106
10.95405 -8.55244
10.51873 -8.533145
10.17993 -9.103233
10.0665 -9.419359
9.696476 -9.601679
9.610378 -9.779454
9.568164 -9.980309
9.478371 -10.01001
9.710332 -9.88697
9.638989 -9.890836
9.484506 -9.962515
9.434171 -10.10247
9.840825 -10.13267
9.700928 -9.846786
9.255815 -10.08429
9.080874 -10.49375
9.371009 -10.18248
9.211258 -10.13203
9.621529 -9.896192
9.217273 -9.742136
9.191009 -9.835509
9.500772 -9.667666
9.178953 -9.976481
8.98257 -10.24431
9.079731 -10.09408
8.630894 -10.46027
8.94144 -10.03342
8.552475 -10.49155
8.628449 -10.60653
8.710595 -10.12477
9.242561 -10.07009
8.974417 -10.11403
9.382867 -9.679385
9.283986 -9.92433
9.46112 -9.643064
9.362179 -9.894192
9.61497 -9.815474
9.873058 -9.418829
9.83531 -9.417269
9.513964 -9.679598
9.717328 -9.737702
9.710242 -9.68599
9.995193 -9.350154
9.827349 -9.499765
10.28487 -9.208167
10.16182 -9.21983
10.02783 -9.309103
9.959599 -9.388729
9.918495 -9.391744
10.06718 -9.379137
9.796217 -9.299065
9.949441 -9.705618
10.23859 -9.563979
9.572951 -9.70686
9.5655 -9.708362
9.844276 -9.787201
9.759768 -9.55506
10.01649 -9.429228
10.01121 -9.266175
9.834985 -9.573704
9.80534 -9.570537
9.953515 -9.394627
9.621567 -9.649636
9.493688 -9.827759
9.601005 -9.711845
9.455198 -9.749281
9.489302 -9.791434
9.095798 -9.833291
9.117918 -9.641492
9.19168 -9.646038
9.324852 -9.769212
8.824305 -10.00096
9.096043 -9.867972
9.356724 -9.801811
9.261689 -9.687181
9.389629 -9.688431
9.148758 -10.20058
9.325412 -10.09959
9.595447 -9.648311
9.084836 -10.19667
8.715801 -10.20918
8.633961 -10.39075
8.50295 -10.47071
8.335793 -10.95419
8.030947 -11.23631
7.684942 -11.64206
7.798605 -11.66621
7.618531 -11.5667
7.54086 -11.69103
7.193978 -11.6735
7.588659 -11.8612
8.032391 -11.23897
7.863754 -11.56179
7.52875 -11.71711
7.667925 -11.75723
7.429465 -11.61969
7.828651 -11.07641
8.486014 -11.01124
8.233369 -11.01464
8.251282 -10.94456
8.296576 -10.86981
8.458582 -10.89924
8.605932 -10.66234
8.919225 -10.32714
8.692669 -10.83508
8.760826 -10.42208
9.347727 -10.14899
8.872215 -10.49915
9.216518 -10.54345
9.263447 -10.14271
9.456084 -9.974814
9.325424 -10.27621
9.399319 -10.12984
9.403235 -10.27321
9.586272 -9.897426
9.708319 -9.660497
9.951547 -9.432574
9.998176 -9.438687
10.32985 -9.089913
10.39228 -9.092613
10.22019 -9.411052
10.65377 -9.020656
10.52576 -9.251195
10.72295 -8.887301
11.05746 -8.425187
10.77013 -8.831679
10.52041 -8.932581
10.53836 -8.863461
10.5768 -9.194259
10.23439 -9.109628
10.19354 -8.972862
10.08157 -9.15759
9.912334 -9.065427
9.970237 -9.180555
9.414334 -9.663905
9.518729 -10.06215
9.902591 -9.689509
9.762463 -9.487088
9.731659 -9.791848
9.785081 -9.8345
9.441977 -10.03202
9.181402 -10.11112
9.030425 -10.49321
8.902381 -10.60503
8.799761 -10.71546
9.197113 -10.49544
8.769373 -10.81377
8.749762 -10.74575
8.531547 -10.83444
8.610607 -10.74252
8.872066 -10.59145
9.032967 -10.5351
9.379643 -9.882464
9.255174 -10.04842
9.392612 -10.03057
9.479333 -9.827724
9.793414 -9.687133
9.37273 -9.71083
9.34377 -9.884085
9.507211 -9.685599
9.444237 -9.863032
9.073736 -9.949944
9.455325 -9.772001
9.605524 -9.912039
9.880818 -9.568886
9.564137 -9.685254
9.668877 -9.715532
9.711445 -10.01234
9.791371 -9.721748
9.783193 -9.544704
9.208301 -9.911856
9.501871 -9.860038
9.544527 -9.8815
9.421506 -10.08676
9.799045 -9.622143
9.628782 -9.593301
9.992598 -9.279378
9.887629 -9.649291
9.727359 -9.748574
9.200987 -9.997943
8.821157 -10.32708
8.463095 -10.76263
8.355292 -11.09573
8.075069 -11.23271
8.319878 -10.97828
8.424143 -11.26495
8.535472 -11.31586
8.026561 -11.57894
7.876019 -11.78128
7.966039 -11.90284
7.802557 -11.53584
8.231607 -11.43425
8.014032 -11.53403
8.098337 -11.54014
8.121805 -11.49187
7.510754 -12.00314
7.6605 -11.80387
6.918572 -12.15301
7.183455 -12.3131
7.475542 -12.00437
7.526853 -11.89317
7.53679 -11.79413
7.480075 -11.8829
7.345813 -11.92773
7.42204 -12.09396
7.31696 -11.95164
7.217023 -11.68774
7.604746 -11.94698
7.214159 -12.07936
7.350779 -12.04026
7.705429 -11.91591
7.277267 -12.13632
7.686518 -11.71826
7.791793 -11.70974
7.892429 -11.35292
7.865936 -11.45099
7.803094 -11.68568
7.862361 -11.32164
7.918545 -11.34446
7.764193 -11.76907
7.924624 -11.495
8.004734 -11.53927
8.45613 -11.07403
8.619878 -11.15027
8.602778 -10.95774
8.260794 -11.2489
8.172839 -11.20941
7.955772 -11.55307
7.872841 -11.2458
8.118639 -11.52276
7.690066 -11.62862
7.820602 -11.79082
7.825488 -11.71439
7.756651 -11.69198
7.792417 -11.57068
7.26179 -11.87089
7.30909 -11.83113
7.078027 -12.04372
7.447718 -11.80092
7.823738 -11.46744
7.831035 -11.4687
7.769978 -11.55425
8.199371 -11.40193
8.160811 -11.24703
8.091946 -11.11022
8.626565 -10.34246
9.077947 -10.53244
9.199126 -10.25551
9.072599 -10.20616
9.146438 -10.10852
9.207658 -10.24578
8.826022 -10.42547
9.319474 -10.23353
9.399624 -10.10385
9.257588 -10.14807
9.47693 -9.864967
9.684626 -9.715122
9.305079 -9.887895
9.284261 -9.839402
9.423279 -9.696177
9.330731 -9.663732
9.435816 -9.941727
9.397635 -9.65709
9.723736 -9.754359
9.992413 -9.189789
10.18727 -9.502382
10.09788 -9.219969
9.989859 -9.344253
10.06777 -9.39161
10.05448 -9.499154
10.05247 -9.635892
10.12176 -9.49835
10.24912 -9.462699
10.47752 -9.457407
10.39331 -9.50213
10.41702 -9.365918
10.61676 -8.691694
10.58889 -8.76244
10.76 -8.746163
10.6108 -8.594177
10.39806 -9.053107
10.32648 -9.266175
10.22421 -9.239975
10.01907 -9.260539
10.07837 -9.359824
10.1501 -9.375205
9.645078 -9.471361
9.726006 -9.198605
9.895337 -9.457849
10.34194 -9.038981
10.46072 -9.346365
10.1722 -8.995635
10.91157 -8.563664
10.64653 -8.683654
10.5863 -8.771093
10.56008 -8.801398
10.2693 -8.981377
10.32165 -8.867113
10.48889 -8.760489
10.68396 -8.625633
10.56473 -8.580818
10.57432 -8.392036
10.97799 -8.230535
11.09745 -8.175057
10.96879 -8.116202
10.91479 -8.156848
11.07173 -7.935075
11.24183 -7.469989
11.14169 -8.003891
11.37082 -8.022196
11.01607 -8.107459
11.01587 -7.972396
11.38852 -7.899582
11.58819 -7.685257
11.70852 -7.823064
11.89221 -7.016222
12.26597 -7.106571
12.12115 -7.052992
12.45703 -6.997485
12.40044 -6.725565
12.67734 -6.819414
12.91692 -6.55507
13.09145 -6.545472
12.71415 -6.643226
13.28632 -6.281077
13.55841 -5.939648
13.4416 -6.110408
13.20574 -6.083281
13.26116 -6.240528
12.99948 -6.604536
13.01487 -6.365886
13.14538 -6.489782
13.07893 -6.474904
12.96239 -6.615936
12.95137 -6.44857
12.79196 -6.515529
12.42052 -6.786841
12.33102 -7.084492
12.28136 -7.045081
12.50192 -7.064253
12.58279 -7.079542
12.73782 -7.051093
12.03875 -7.321092
11.88258 -7.561686
12.06777 -7.036807
12.23725 -6.717546
12.65874 -6.557976
12.32655 -6.958103
12.36426 -6.870929
12.22414 -7.023689
12.14633 -7.377729
11.81755 -7.61585
11.64095 -7.451239
12.28412 -7.243335
12.00104 -7.538837
12.15285 -7.099287
12.5581 -6.975579
12.05628 -7.085108
12.36373 -7.006999
12.33815 -7.415543
12.35508 -7.421636
11.96685 -7.676493
12.17679 -7.404398
11.99832 -7.555591
11.99887 -7.595295
11.96659 -7.670722
11.86393 -7.735511
11.80487 -7.546017
11.75297 -7.946144
11.53231 -7.982005
11.45939 -7.77245
12.10786 -7.592446
11.8342 -7.307864
12.07403 -7.392258
12.19767 -7.165518
12.0107 -7.229718
12.05061 -7.380029
12.13595 -7.422603
11.71694 -7.618663
11.85044 -7.898129
12.05232 -7.68558
11.71011 -7.954005
12.22851 -7.538116
12.0987 -7.64475
12.00019 -7.701029
11.76697 -7.649736
11.72643 -7.597927
11.69245 -7.988487
11.92438 -7.705294
11.98828 -7.421004
12.09047 -7.289136
12.0632 -7.314612
11.87435 -7.437554
11.86244 -7.708619
11.6961 -7.673721
11.70109 -7.788828
11.66268 -7.485938
11.75425 -7.707061
11.73524 -7.733328
11.53318 -7.759321
11.50571 -7.537048
11.33023 -7.963452
11.00797 -8.347442
11.33698 -8.17991
11.51581 -8.113932
11.38065 -7.937795
11.87937 -8.03374
11.73849 -8.054692
11.92611 -7.891887
11.31845 -8.278994
11.58335 -8.201086
11.6769 -7.943418
11.74556 -8.116581
11.60688 -8.071262
12.03646 -7.595071
11.68758 -7.609725
11.51323 -7.911105
11.98932 -7.629682
11.77775 -7.914777
12.14027 -7.554574
12.23333 -7.320434
11.67706 -7.663057
11.83668 -7.701103
12.00681 -7.716896
11.98135 -7.624835
12.38394 -7.25628
11.97297 -7.212625
11.85235 -7.428843
11.95891 -7.482362
12.21726 -7.589027
11.6498 -7.544792
12.5806 -7.175909
12.2418 -7.073177
12.38461 -7.295723
12.19584 -7.612322
12.04811 -7.174632
12.1324 -7.261828
12.15022 -7.150105
11.50938 -7.254774
11.39423 -7.693411
11.40657 -7.643454
11.7196 -7.654797
11.62667 -7.585854
11.64072 -7.49882
11.65033 -7.588002
11.74361 -7.56978
11.86183 -7.476232
12.20942 -7.350725
12.44817 -6.878464
12.70799 -6.748386
12.52021 -6.733434
12.70147 -6.686487
12.93041 -6.384685
13.38293 -6.250732
13.06916 -6.450349
13.01614 -6.496604
13.15059 -6.35022
12.83721 -6.542433
12.78782 -6.352038
12.5069 -6.541293
12.63805 -6.822623
12.33476 -6.837112
12.64053 -6.616026
12.47696 -6.618939
12.5575 -6.699572
12.61645 -6.6484
12.80252 -6.572035
12.60495 -6.713484
12.56311 -6.669732
12.45853 -6.990058
12.46199 -7.019891
12.29911 -7.055269
12.30948 -7.221322
12.47378 -7.098707
12.29267 -6.927935
11.88866 -7.143343
12.27409 -6.997028
12.16528 -6.748147
12.75409 -6.87587
12.56847 -6.614054
12.40201 -6.770713
12.23096 -6.791711
12.4258 -6.746316
12.25938 -6.962423
11.97084 -7.291159
12.06084 -6.992762
12.21892 -6.95514
12.46475 -7.134564
12.31486 -6.928609
12.34447 -6.67829
12.32308 -6.939111
12.42531 -6.913001
12.42 -6.943693
12.34859 -7.147439
12.64541 -6.851438
11.97237 -7.167944
12.16491 -7.179295
12.08562 -7.01336
12.43752 -6.838495
12.64905 -6.237495
12.92187 -6.189934
12.96217 -6.242445
12.96343 -6.240496
13.04272 -5.981193
13.38771 -6.001522
13.3374 -5.93578
13.24328 -6.068541
13.24353 -6.043932
12.97174 -6.392798
13.11149 -6.271199
12.97078 -6.265514
13.12588 -6.488415
13.20356 -6.321086
13.19679 -6.298158
13.3831 -6.480158
12.75176 -6.405231
12.56716 -6.52367
12.81218 -6.767293
12.88011 -6.66312
12.80083 -6.530165
12.74267 -6.515477
13.21635 -6.165066
13.04224 -6.30546
13.21907 -6.275688
12.94922 -6.3111
13.27916 -5.956448
13.03928 -5.979238
13.31838 -5.915301
13.24326 -6.165875
12.75837 -6.598997
12.4018 -6.886608
12.45267 -6.827392
12.54806 -7.120046
12.36582 -6.831376
12.19276 -6.933315
11.82099 -7.263652
11.82687 -7.297786
12.1753 -7.010647
12.20315 -6.954934
12.36935 -7.140313
12.10846 -7.149507
12.07536 -7.012179
11.68721 -7.283812
11.83547 -7.339112
12.09157 -7.35182
12.474 -6.816648
12.42731 -7.009679
12.28061 -7.238387
12.38143 -6.983958
12.08865 -7.242782
12.2988 -6.848136
11.90258 -6.930436
12.12634 -7.01803
12.05247 -7.195471
11.84302 -7.406826
11.7486 -7.516409
11.74526 -7.706155
11.57506 -7.361542
11.83125 -7.279929
12.29238 -6.819295
12.27696 -6.781045
12.14306 -6.970315
12.07499 -7.062433
12.32679 -6.759975
12.54803 -6.944587
11.95629 -7.083565
12.4159 -6.845104
12.11914 -7.304653
12.05933 -7.000338
12.26232 -7.067658
12.49498 -6.873328
12.48892 -6.855562
12.89844 -6.717971
12.7227 -6.581697
12.87251 -6.904097
12.58395 -7.093313
12.63203 -7.139653
12.32297 -7.390289
12.17829 -7.122652
12.45626 -7.00579
12.00083 -7.283325
11.81488 -7.284299
11.88951 -7.816278
11.73401 -7.861638
11.77902 -7.88803
11.58382 -7.841644
11.33605 -8.315048
11.45384 -8.104671
11.51336 -7.861927
11.60512 -8.062665
11.87543 -7.745183
11.63213 -7.68372
11.71649 -7.708908
11.64197 -7.840011
12.10893 -7.307384
11.9442 -7.39163
11.81368 -7.480145
11.38177 -7.730422
11.17831 -7.939276
11.66284 -7.649628
11.63893 -7.366547
11.66397 -7.474451
11.6603 -7.45457
12.03052 -7.198748
12.20822 -6.929286
12.08369 -7.278515
11.62202 -7.364133
11.83543 -7.180623
12.15759 -7.03831
12.1905 -6.897242
12.21791 -6.884615
11.79128 -6.992178
11.81469 -7.057146
12.11468 -6.806923
12.44255 -6.642376
12.67709 -6.178803
13.17374 -6.036698
12.82128 -6.369405
12.59726 -6.576009
12.46954 -6.703529
12.62044 -6.616241
12.90339 -6.281592
13.15281 -6.16841
13.0741 -6.302122
12.89029 -6.113587
13.00336 -6.074057
13.12178 -5.773184
13.34854 -5.832719
13.36504 -5.886031
13.75305 -5.682889
14.20749 -5.326791
14.4474 -5.261659
14.18988 -5.568738
13.93066 -5.527304
13.73713 -5.906771
13.49278 -5.701632
12.87625 -6.408273
12.3141 -7.023507
12.50614 -7.096326
12.30483 -6.747232
12.31605 -7.067292
12.33998 -7.159338
12.22203 -6.893005
12.2992 -7.343303
12.16489 -7.395056
12.10816 -6.997505
12.22738 -7.245059
12.41387 -7.088075
12.6073 -6.965593
12.79843 -6.950431
12.57735 -6.998728
12.42853 -7.164061
12.07097 -7.456063
11.78665 -7.717149
12.03655 -7.648858
12.02284 -7.4756
12.3075 -7.47385
11.98273 -7.560682
11.49572 -7.961925
11.18983 -8.114751
11.4049 -8.108377
11.28743 -8.034879
10.91726 -8.322319
10.98552 -8.351951
11.19562 -8.28064
11.11984 -8.400464
11.55626 -8.209569
11.57011 -7.787422
11.61005 -7.646366
11.3506 -7.964622
11.28489 -7.859221
11.3834 -7.990645
11.31533 -7.855686
11.61692 -7.609775
11.65825 -7.925945
11.35502 -7.9232
10.95578 -8.297769
10.94349 -8.030846
11.14679 -8.275644
11.17316 -8.289339
11.37726 -8.052183
11.32698 -7.670278
11.77842 -7.503453
11.73691 -7.450225
12.34579 -6.997016
12.17196 -6.982104
12.50226 -6.815117
12.50104 -6.631169
12.26744 -6.657603
12.73634 -6.536209
12.5702 -6.644991
12.20357 -6.937401
12.33386 -7.020155
12.47511 -6.604347
12.79192 -6.598661
12.92656 -6.796145
12.64059 -6.974654
12.37865 -6.844424
12.02942 -7.288112
11.54511 -7.622546
11.62413 -7.659524
11.48478 -8.083074
11.84997 -7.896811
11.40263 -8.015204
11.43464 -8.105159
11.19496 -8.335921
11.4263 -7.986693
11.65813 -7.344166
12.01627 -7.360557
12.44199 -7.148784
12.37666 -6.988681
12.44689 -6.787624
12.36226 -6.895578
12.3708 -6.947136
12.18506 -7.033825
12.32594 -7.046634
12.17949 -7.17741
12.0196 -7.510762
12.22593 -6.940929
12.35912 -7.120946
12.37487 -7.093154
12.31076 -7.156979
12.71397 -7.041527
12.59314 -6.769836
12.68296 -6.84748
12.62142 -6.803929
12.64635 -6.9909
12.91823 -6.703367
12.91601 -6.527887
13.22015 -6.323215
13.51954 -6.065257
13.12635 -6.422722
13.05695 -6.441226
13.13392 -6.507146
13.14517 -6.313787
13.27895 -6.211821
13.08603 -6.588943
13.43881 -6.100965
12.94928 -6.445834
12.58229 -6.787796
12.58607 -6.987144
12.73043 -6.796444
12.73757 -6.609679
12.79859 -6.682149
13.10313 -6.507789
13.40828 -6.353605
13.34559 -6.21256
13.44981 -6.142515
13.60509 -5.984246
13.38626 -6.051002
13.63208 -5.918978
13.62791 -5.833385
13.75513 -5.8264
13.30861 -5.935893
13.5251 -5.978202
13.28898 -6.024592
13.66166 -5.778313
13.36567 -5.906912
13.19283 -6.11627
13.5187 -5.899937
13.72654 -5.819776
13.57136 -6.143888
12.81363 -6.53386
12.80401 -6.520202
13.26666 -6.328005
12.77107 -6.532709
12.92415 -6.514344
13.18159 -6.207377
12.87803 -6.560075
12.88053 -6.660937
12.56497 -6.79535
12.69577 -6.786647
12.87272 -6.608942
12.76222 -6.600361
12.44244 -6.943387
12.83152 -7.031335
12.88382 -6.879134
12.97829 -6.650966
12.99514 -6.597978
13.02327 -6.621486
12.93333 -6.873995
12.91123 -6.79094
12.7358 -6.837765
12.66813 -6.896708
12.87773 -7.018057
12.58558 -7.267364
12.53692 -6.792964
12.6157 -6.759907
12.89448 -6.66553
12.96338 -6.489889
12.39784 -7.054507
12.16515 -7.086445
12.20151 -7.159083
12.13181 -7.282255
12.3826 -7.052781
12.23039 -7.204539
11.73097 -7.446396
11.5499 -7.637992
11.33636 -8.301098
10.80454 -8.541477
10.98785 -8.523335
11.00622 -8.507508
10.76432 -9.014529
10.38325 -9.323397
10.38199 -9.251274
10.29544 -9.421255
10.11817 -9.280325
10.01516 -9.417677
9.675325 -9.682364
9.721375 -9.797215
9.884864 -9.707255
10.19616 -9.786429
9.651721 -10.11837
9.921633 -9.535591
9.981217 -9.4809
10.03588 -9.478193
10.0053 -9.600698
9.879681 -9.586555
9.943256 -9.449511
10.15396 -9.315123
9.932039 -9.215821
9.953144 -9.149405
9.747499 -9.696279
9.54415 -9.9925
9.376683 -10.06031
9.540263 -9.949151
9.563348 -9.838517
9.520784 -10.08183
9.196185 -10.06164
9.122036 -10.20938
9.553946 -10.0011
9.515627 -9.856169
9.788944 -9.953131
9.804322 -9.739197
9.699015 -9.917665
9.115209 -10.57448
9.644846 -10.12375
9.933965 -9.948485
10.16111 -9.382253
9.814975 -9.711921
9.798191 -9.808035
9.769416 -9.662132
9.472267 -9.835395
9.596865 -9.449477
10.08022 -9.35806
9.826989 -9.147688
9.964902 -9.443032
9.711716 -9.39449
9.844657 -9.155233
9.455972 -9.794286
9.833722 -9.349507
9.82714 -9.337651
9.900969 -9.809325
9.373391 -9.697654
9.474926 -9.960019
9.372702 -9.992162
9.348496 -10.0693
9.150119 -10.14257
9.396509 -10.19784
9.044093 -10.46575
8.920034 -10.57133
8.913054 -10.4191
9.661588 -9.699964
10.3673 -9.2417
10.0932 -9.150906
10.24336 -9.253526
10.46688 -8.864386
10.50805 -9.015341
10.4956 -9.232392
10.43875 -9.199804
10.83605 -9.082978
10.96303 -8.860858
10.52118 -9.015675
10.48453 -8.900095
10.49938 -8.889029
10.35379 -9.254637
10.41481 -9.357825
10.38961 -9.192701
10.54676 -9.26585
10.72665 -9.024297
10.97932 -8.766067
11.0765 -8.784176
11.29168 -8.253506
10.92674 -8.554092
10.95973 -8.623131
11.08533 -8.196415
11.03815 -8.144228
11.32914 -8.15161
11.15892 -7.998336
11.49709 -7.905688
11.43109 -7.685172
11.8507 -7.886941
11.80503 -7.769125
11.94517 -7.469638
11.8506 -7.327504
11.7838 -7.659703
11.8737 -7.647888
11.80413 -7.853685
12.12266 -7.37498
11.75997 -7.498115
11.77322 -7.573894
11.90452 -7.800509
11.93935 -7.457398
11.67771 -7.169377
11.97367 -7.4031
12.24588 -7.303901
11.63268 -7.687619
11.49015 -7.788265
11.54345 -7.875215
11.45005 -7.584655
11.56881 -7.802171
11.55476 -7.177323
12.32137 -6.741829
12.38157 -6.838082
12.67802 -6.387036
12.80571 -6.49575
12.83885 -6.536669
13.08394 -6.03972
13.51514 -6.113755
13.23891 -6.221943
13.17503 -6.399435
13.27173 -6.405717
13.28478 -6.251572
13.36456 -6.339209
13.26564 -6.694439
13.1524 -6.568817
12.74577 -6.756136
12.35039 -7.14648
12.65842 -6.587167
12.54359 -6.870034
12.89599 -6.907368
12.92531 -6.552797
12.76913 -6.937873
12.65087 -6.549137
12.28902 -6.9501
12.18699 -7.163022
12.02667 -7.284405
12.00029 -7.191407
12.42241 -7.083137
12.52268 -6.909139
12.48067 -6.860777
12.23886 -6.965427
11.9188 -6.889404
12.03791 -7.076692
11.74579 -7.216103
11.89001 -7.086059
11.93296 -7.233456
12.19612 -7.092615
12.45417 -6.739839
12.81828 -6.456086
12.94618 -6.519159
13.32986 -5.947747
13.21309 -6.093465
13.41195 -6.084551
13.29094 -6.340994
13.49716 -6.175032
13.21701 -6.269027
13.02391 -6.32934
13.06353 -6.401513
12.97685 -6.633276
12.61727 -6.760884
12.30148 -7.007158
12.01717 -7.313425
12.09832 -7.538623
11.91885 -7.439042
12.0564 -7.300082
12.38317 -7.266953
12.19976 -7.381858
11.71623 -7.668203
11.76593 -8.02217
11.73529 -7.994445
11.57275 -7.779302
11.50012 -7.861263
11.43241 -7.915895
11.88053 -7.482311
11.77324 -7.406304
12.23032 -7.33014
11.95252 -7.264829
11.89796 -7.314637
11.80546 -7.265593
12.04944 -7.329982
12.41413 -7.122124
12.12712 -7.410782
12.11368 -7.253199
12.03259 -7.16364
12.15817 -7.158604
11.86124 -7.377647
11.68876 -7.60015
11.77652 -7.37675
11.3481 -7.667172
11.67748 -7.157537
11.96424 -7.467339
12.28429 -7.107219
12.5364 -7.135231
12.56291 -6.821395
12.33439 -6.918054
12.27968 -7.056809
12.09646 -7.081929
12.05854 -7.212673
12.05747 -7.180442
12.32362 -7.073853
12.29807 -6.879853
12.21649 -6.884197
12.0856 -6.884421
12.0864 -7.19103
12.08339 -6.84374
12.03173 -6.968385
12.00501 -7.058128
11.97389 -6.838642
11.79926 -7.123346
11.94722 -7.491401
11.70022 -7.371472
11.70578 -7.589732
11.94084 -7.570327
12.18074 -7.172518
11.71095 -7.455094
11.99907 -7.305898
11.73405 -7.202354
11.53501 -7.435691
11.78229 -7.480933
11.26439 -7.578423
10.97737 -8.183691
11.37088 -8.106798
11.20299 -8.007273
10.89313 -8.011782
11.09637 -8.060545
10.96977 -8.333092
11.42716 -8.038696
11.17525 -7.720426
11.39905 -7.703519
11.34583 -7.954156
11.08763 -8.248621
11.07095 -8.200136
10.98052 -8.31276
11.74564 -7.704018
12.03634 -7.660202
11.90828 -7.354583
12.05277 -7.483594
12.15572 -7.438072
11.54278 -7.588689
11.57677 -7.758659
11.71339 -7.653153
11.61587 -7.662437
11.62987 -7.839431
11.38964 -7.831792
11.62393 -7.849005
11.46699 -7.75309
11.11026 -8.272121
10.77748 -8.352518
10.70555 -8.246591
10.81287 -8.535863
10.49905 -8.809011
10.37557 -8.83946
10.55826 -9.063719
10.58534 -8.860959
10.89306 -8.630614
10.83928 -8.807442
10.93387 -8.562809
10.89302 -8.615417
10.55295 -8.733278
10.6316 -8.745838
10.36649 -8.805382
10.3856 -8.756024
10.36794 -9.143159
9.99701 -9.474504
10.20244 -9.283949
10.10027 -9.281931
10.56199 -9.33294
10.5383 -9.128955
10.63491 -8.920047
10.59168 -8.883501
10.40659 -9.020815
10.5835 -8.791454
10.50038 -8.727534
10.64964 -8.765862
10.52538 -8.846067
10.39043 -8.914857
10.67925 -8.69817
10.4747 -8.703254
10.86149 -8.85186
10.73969 -8.726002
10.49192 -8.779682
10.42914 -9.08797
10.21842 -9.055666
10.43465 -9.159885
9.900739 -9.284166
10.2824 -9.075536
9.910569 -9.241238
9.82398 -9.463721
9.825243 -9.362845
9.642332 -9.580119
9.624416 -9.563611
9.534118 -9.707499
9.740504 -9.475214
9.92123 -9.166296
10.07785 -8.990305
9.767008 -9.494058
9.6457 -9.553262
9.677964 -9.201869
9.362188 -9.782496
9.270177 -10.09927
9.477159 -9.708142
9.642953 -9.429752
9.844458 -9.199797
10.05164 -9.283833
9.957542 -9.518318
9.720167 -9.452609
10.08438 -9.43652
10.03222 -9.46002
9.777153 -9.558728
9.917866 -9.581895
10.08415 -9.392985
10.08745 -9.475431
10.44159 -9.031561
10.03144 -9.118407
10.23859 -9.231031
10.53138 -9.26743
10.88079 -8.705997
10.49461 -8.707819
10.88599 -8.448024
11.18145 -8.342702
11.19599 -8.224804
11.20507 -7.930002
11.23428 -8.406756
10.97071 -8.380416
10.69287 -8.372772
10.86458 -8.377036
10.8268 -8.459655
11.13119 -8.349963
11.16112 -8.168892
11.17672 -8.293824
11.26275 -8.213208
10.93913 -8.303902
11.44235 -8.261652
11.09173 -8.391458
11.01711 -8.165534
10.99168 -8.313865
11.48132 -8.076587
11.75314 -7.780855
11.42635 -7.847218
11.35113 -7.824837
11.24352 -8.039799
11.34851 -8.256358
11.49005 -8.292148
11.31648 -8.097637
11.43372 -8.039268
11.00463 -8.391909
10.8832 -8.371415
10.89539 -8.47462
10.57566 -8.525098
11.00808 -8.050084
10.98525 -8.381598
11.28693 -7.805355
11.24014 -7.945338
11.20799 -7.828265
11.45785 -7.558387
11.7079 -7.708797
11.73961 -7.593241
11.83682 -7.363449
12.45119 -6.850158
12.9004 -6.692683
12.74658 -6.807944
12.26901 -7.174032
12.51864 -6.886111
12.51264 -6.827363
12.26176 -7.2063
11.89916 -7.648822
12.06377 -7.38555
12.30594 -7.159591
12.46493 -7.180679
12.45257 -7.02079
12.85086 -6.654591
12.94091 -6.322805
13.31453 -6.394267
13.43752 -6.059769
13.56819 -5.890884
13.25155 -6.220453
13.29706 -6.375049
13.4807 -5.968493
13.68944 -5.645673
13.76979 -5.693694
14.1123 -5.523919
13.66886 -5.902468
13.59847 -6.041395
13.37387 -6.433287
12.85944 -6.720464
12.93048 -6.643492
13.05205 -6.105235
12.84812 -6.553577
12.78478 -6.44016
12.63441 -6.907165
12.89386 -6.791632
12.56339 -6.703078
12.43616 -7.061087
11.86766 -7.323331
11.89543 -7.301349
11.8497 -7.459859
11.52816 -7.866702
11.34835 -7.823769
11.55284 -7.805045
11.75925 -7.808116
11.36547 -7.859844
11.65721 -7.993766
11.72544 -7.778005
11.30073 -8.045564
11.45911 -8.15355
11.12558 -7.836172
11.62591 -7.656026
11.41371 -7.922273
11.49586 -7.78234
11.66453 -7.459573
11.82628 -7.287709
12.05171 -7.264461
12.14071 -6.955618
12.32607 -6.941492
12.53988 -6.769126
12.0745 -7.416344
12.22313 -6.99154
12.37936 -7.116807
12.15682 -6.957015
12.14486 -7.318544
11.93693 -7.563177
11.87326 -7.596188
11.32693 -7.843582
11.32047 -8.141122
11.36413 -7.838617
11.38661 -7.730845
11.54694 -7.593252
11.55848 -7.744143
11.79673 -7.399154
11.71903 -7.484014
12.0303 -7.195619
11.92983 -7.370507
11.7619 -7.601533
11.92909 -7.34583
12.35455 -7.160144
12.28302 -6.951693
12.00928 -7.248412
12.23907 -7.155009
12.47999 -6.720783
12.27833 -7.152198
12.26671 -7.128314
12.56268 -6.666877
12.91672 -6.805623
12.79084 -6.441318
12.98914 -6.385375
12.61011 -6.686446
12.41021 -6.653122
12.45815 -6.761741
12.62063 -6.689645
12.38164 -6.842108
12.42122 -6.816571
12.66594 -6.278235
13.05327 -6.135737
12.86266 -6.085045
12.44261 -6.375845
12.84526 -6.282353
13.12465 -6.172253
12.74288 -6.674676
12.39537 -6.800409
12.4171 -6.87174
12.27817 -7.199782
12.07207 -7.368912
12.05311 -7.204913
12.08299 -7.419363
12.03582 -6.887238
12.29128 -7.30448
12.46902 -6.993404
12.40525 -7.005962
12.56064 -6.978457
12.33013 -7.222982
12.2288 -7.133947
12.33439 -7.077643
12.44349 -7.117144
12.1886 -7.161117
12.09424 -7.358551
11.8598 -7.67416
11.70518 -7.945412
11.60511 -8.033012
11.67222 -7.914782
11.76309 -8.106462
11.40741 -8.059394
11.28254 -8.130942
11.15482 -8.28335
10.623 -8.552444
10.79708 -8.744909
10.34768 -8.934518
10.07628 -9.233662
10.58574 -9.16213
10.39299 -8.909369
10.50515 -8.952992
10.50124 -8.803011
10.65424 -8.782004
10.40846 -8.956527
10.63888 -8.654779
10.38082 -8.95287
10.63742 -8.95888
10.60341 -8.794244
10.94571 -8.655377
10.65203 -8.761298
10.97157 -8.636176
10.83968 -8.67748
10.91323 -8.663182
10.50451 -8.954975
10.67121 -8.937614
10.50761 -9.13991
10.38245 -9.360593
10.26876 -9.479868
10.66917 -9.205161
10.60889 -9.287852
10.74301 -9.071934
10.62954 -9.20175
10.23104 -9.11153
10.49756 -9.029353
10.73341 -8.894097
10.78314 -8.775752
10.80616 -8.65455
10.56183 -8.746284
10.35663 -8.755328
10.32447 -8.693273
10.64137 -8.729509
10.76158 -8.593919
11.11592 -8.307707
10.88691 -8.519363
10.67526 -8.717264
10.28394 -9.181202
10.25364 -9.12126
10.21593 -8.906054
10.50846 -8.671831
10.5524 -8.702086
9.985863 -9.219758
10.09052 -9.443205
9.875732 -9.533481
10.04646 -9.144976
9.860605 -9.557474
10.15681 -9.155106
10.19736 -9.165788
10.64745 -8.820199
10.04331 -9.253713
10.39657 -9.138286
10.38317 -9.032395
10.38258 -9.080425
9.880535 -9.544193
9.656855 -9.557298
9.906452 -9.459612
10.06136 -9.315241
10.04973 -9.197061
9.657739 -9.711244
9.845357 -9.676745
9.7442 -9.46307
9.708102 -9.580475
9.766488 -9.965168
9.89341 -9.688312
10.11962 -9.604623
10.11494 -9.653264
