3.302476
3.094542
3.132872
3.104652
4.811063
6.209573
9.092457
9.174304
12.01167
13.66006
16.38533
20.35016
20.37269
14.98683
18.34527
17.3689
13.21963
14.45301
20.41532
16.66382
13.85872
12.38173
12.95597
11.55371
10.20698
8.744114
9.219804
11.97432
14.38526
11.48554
10.00986
14.19492
12.85763
10.85829
14.56095
20.35174
25.66587
17.06009
14.98973
12.89163
9.758528
11.67855
9.482279
10.7236
11.08897
10.73918
8.260036
7.696667
10.00599
7.438464
6.510485
7.928335
11.54541
13.59697
10.14766
7.637067
11.18988
8.983339
8.801734
7.641236
8.190407
12.07546
10.84304
17.52508
15.00268
21.92498
20.91719
17.12266
12.9039
14.30809
12.13638
11.81496
9.672843
8.949782
8.196966
7.421799
7.448046
11.97245
13.32506
12.34109
15.59287
15.35825
14.9322
11.64939
13.85866
12.24082
13.49059
13.37231
13.24439
17.71369
20.72053
15.85013
16.10299
15.19007
12.06391
9.38453
8.112265
10.35694
11.43153
12.1189
10.11019
9.061296
5.39057
8.157568
7.919531
8.4719
6.814782
8.89556
11.63806
13.43207
13.59502
9.603059
7.00809
9.806474
9.969246
15.33337
14.66228
14.05649
8.779331
9.657247
8.229211
9.14417
5.894363
4.402772
5.336828
5.319167
5.635017
5.984654
4.466374
3.02647
4.951141
5.389608
4.204232
5.54894
5.610166
5.618631
6.575229
5.501682
8.047373
5.749395
6.333707
5.263447
5.775121
7.490213
9.590557
7.62792
7.387209
8.251823
10.19381
9.282398
8.012811
6.07251
5.410812
5.61122
6.320928
7.492945
6.611462
9.516093
9.8005
11.2359
8.422464
9.206384
7.903312
6.409967
5.883923
4.131876
3.702795
3.921805
7.192137
9.811201
11.35212
8.936962
9.51628
10.60715
9.028876
11.80694
9.095194
9.258057
11.42025
11.30091
9.547604
10.17563
9.923822
8.289315
11.83504
12.79697
10.32809
7.496582
7.246755
7.424577
9.276591
11.02836
10.59722
11.12399
8.558527
5.559409
6.136056
6.144248
8.67887
6.163945
5.827362
7.404884
6.210961
7.087083
7.389091
7.655245
8.443368
6.193054
4.599981
4.433472
5.961455
6.605999
4.266233
3.112639
2.832551
2.972963
3.715353
3.451958
4.495547
6.096341
4.864743
7.736698
9.577155
11.6916
8.469027
6.733912
6.483175
8.321715
14.23788
12.19863
16.58429
13.89674
14.30569
7.64889
7.746095
5.984408
5.958634
9.176777
10.06901
11.08118
13.25666
12.4462
6.697839
8.697226
9.382276
5.722124
8.584623
7.432404
6.993652
6.782737
6.343259
7.164556
5.922854
5.492875
6.136687
5.901976
6.212482
7.855804
12.04438
8.424783
6.573661
5.6452
5.114848
4.832792
5.145858
4.618744
3.687491
2.93013
2.315174
2.796472
3.198466
4.04516
4.742105
7.207881
8.222356
8.580602
7.309408
5.656706
4.775927
3.330702
2.792351
1.881687
2.131705
3.867128
5.035478
4.649162
4.238898
3.977962
4.790937
6.234365
4.008443
4.462209
4.741993
5.937355
5.744996
9.702871
9.91959
11.95066
12.13314
9.714332
13.41991
13.85861
12.52699
10.86173
10.39882
9.962713
10.25608
11.05094
8.940272
8.383375
9.090805
8.886992
7.432952
7.534313
6.580188
8.482789
5.701288
4.763814
7.424275
9.914254
8.578594
9.009397
8.626656
11.62276
8.855397
8.654409
8.252777
8.770659
10.27714
7.264842
10.3807
7.28552
8.751927
9.503789
12.79006
13.16758
14.87704
15.49976
10.7089
9.019583
10.22377
9.415443
11.56547
11.5912
10.07938
8.465055
6.900929
7.413922
7.622143
5.73824
4.95831
4.874279
6.333565
5.711638
4.847449
4.73315
5.816902
7.702588
9.3106
8.451122
8.250137
9.462707
10.50077
11.90735
10.64539
11.21491
11.02311
11.9574
9.983308
11.94584
12.30865
10.68877
7.846962
7.790049
7.339946
9.347701
11.77769
10.63213
10.76531
6.737667
6.739217
6.20098
8.450968
8.893293
8.375184
7.866597
4.736871
5.538878
7.761284
8.463288
10.01076
7.911965
7.567939
10.89242
10.52833
6.362506
4.971487
6.564745
6.876576
6.836285
8.796927
11.01991
9.754787
8.589958
9.907306
12.65121
13.88526
14.79213
12.72696
14.49512
10.72404
10.4007
10.6799
9.541228
10.14145
8.101405
5.998066
6.351609
7.9562
8.958189
11.63135
10.80025
16.2325
13.37164
19.58321
16.04856
15.99024
16.21938
13.94097
16.74417
12.85604
10.9469
9.167082
12.07797
13.5081
12.894
12.40606
12.29091
13.05526
10.71422
14.70429
20.30259
13.33122
8.829516
6.682213
5.991091
4.23542
5.347137
6.092721
5.227111
7.383576
8.440171
9.949751
9.976885
13.11452
21.86996
20.59732
22.20225
11.12531
15.36972
11.31972
13.39036
10.70243
9.724241
13.84
15.01962
13.98046
15.77005
17.23277
15.39046
11.70504
7.957449
9.750913
15.22892
12.711
14.40988
11.90489
10.92992
10.73205
11.90704
16.10575
22.34395
22.70716
23.39291
19.28681
15.0228
20.64593
25.82363
23.00598
19.58386
15.22593
12.2011
10.23929
17.48007
18.48978
14.71743
11.83819
11.66477
12.89285
15.55717
16.94548
16.82939
18.64193
21.35415
20.11608
16.45342
21.38106
18.47893
15.55534
12.65195
8.99994
7.828921
10.22382
10.07939
7.741089
8.818736
10.27315
8.958941
12.33462
14.97781
12.744
11.11797
15.72546
17.59983
18.15993
14.67391
10.51759
8.432977
7.500605
10.12421
7.847776
8.541043
7.459584
5.09977
6.312855
8.09408
13.85603
15.67299
17.34509
15.31849
14.58107
11.3869
11.01605
10.49741
15.342
13.84261
11.7847
6.995252
8.366241
6.554824
8.769006
7.988234
8.290355
6.099376
6.369032
5.517664
8.426079
8.15615
9.038051
13.44944
17.56982
19.26085
19.19189
18.47305
16.12014
13.1298
15.26236
13.25568
14.09264
16.17569
15.72526
14.75574
17.24923
15.1516
14.92219
19.93826
12.81156
16.21781
13.88941
14.49814
15.82803
22.92314
12.91922
10.04829
12.05126
9.945497
6.893738
7.178321
5.407072
4.13122
5.003032
4.246097
3.59741
5.035287
3.686805
3.541276
5.746066
3.841494
4.86119
3.723066
2.995863
3.054453
4.196023
4.723538
6.870396
6.138349
8.595073
9.14805
7.339873
7.20318
10.67674
9.216555
9.760705
9.462111
8.156958
8.449538
8.991308
9.834497
10.68312
11.20359
7.043821
6.507585
7.098778
5.961897
6.442398
10.62284
10.57691
8.057606
11.80332
10.45334
12.25769
12.25391
13.2876
17.85786
19.48808
14.62472
12.62439
12.03815
15.40762
18.04732
13.37497
11.7309
10.57391
8.915239
10.03011
10.47765
12.30349
12.49268
14.20899
9.514137
10.69636
9.636973
9.571171
5.005915
4.408289
5.413187
6.227417
6.176003
8.38344
8.061492
11.4979
12.00126
13.2893
15.42088
11.52428
9.90557
10.8874
9.406295
8.005036
9.73289
12.8827
14.12397
11.99072
11.31266
7.902452
6.00077
6.610028
7.732862
11.05098
18.11335
23.31993
23.08767
12.5864
14.47899
12.38829
10.1051
12.30347
15.10534
16.22184
11.85766
16.65346
19.80952
10.53698
11.87308
12.71638
11.43428
15.56054
15.20331
14.4773
15.52714
17.26418
23.46507
11.88365
7.306887
8.484085
6.59083
7.729739
7.339758
7.13701
5.966198
7.156166
7.737075
8.21697
9.846447
11.00152
10.21402
9.209494
8.568241
11.09484
11.70262
12.421
8.973102
12.09362
13.17351
14.66443
11.93705
10.99553
8.005329
9.74235
8.185796
5.909044
5.677648
8.923626
8.346282
12.95062
16.52386
13.61979
14.54958
20.13848
16.24546
15.69628
14.16912
14.81398
13.03282
14.00539
16.05254
14.56685
15.53776
9.203757
11.35157
8.110815
8.636793
9.165244
9.787418
6.313704
6.847667
7.640814
6.258501
7.756181
5.599436
6.590744
5.983654
6.715813
5.271703
6.749925
7.677475
5.575713
5.378002
6.021131
6.826896
13.86094
8.993544
9.322357
7.500383
8.173647
6.741227
6.360273
7.051891
5.697219
5.874404
5.978992
5.217522
7.405161
5.523669
4.161821
4.108428
4.022541
2.791931
3.149456
2.121631
3.842673
3.800807
4.116704
4.10749
4.222456
4.238653
2.208194
4.249511
5.869381
4.725107
7.139964
7.480755
6.462466
7.113823
4.871118
4.256025
3.698782
4.394109
5.801337
3.961234
6.393601
4.298148
3.802031
4.213487
4.173597
4.139039
3.368764
2.918749
3.3371
4.627548
4.7454
4.321571
4.075918
4.095176
6.834701
7.940359
10.29025
12.05942
8.736969
9.974889
9.816368
10.12667
8.899156
9.034656
12.51718
11.89461
8.638736
5.847792
8.977774
10.2459
8.825288
7.192353
5.661564
6.083494
7.335708
8.189301
7.164412
7.992135
5.338065
4.226245
3.792037
5.580268
5.763645
8.026527
7.765547
9.745568
10.83653
10.27095
7.330645
6.567034
10.19185
8.525129
6.476446
7.439018
5.112567
4.43137
4.093367
7.446415
4.824536
4.339639
4.7535
7.826098
10.78052
10.49119
10.05444
9.549493
10.33666
10.70172
10.36229
7.893208
6.210895
6.452851
5.526455
7.047555
6.569969
6.545682
5.731093
7.606842
6.801365
8.484154
5.412803
5.786481
4.332642
4.743156
6.62075
10.76953
13.33951
13.34796
10.09058
6.013392
7.137348
11.09109
11.60418
14.11447
15.15891
16.10683
11.15108
8.268409
7.718399
11.40211
6.005913
3.630834
4.912239
5.222878
8.39426
5.528731
7.531415
6.335934
6.89511
4.392539
4.073042
4.407624
6.362112
6.843765
7.250808
6.23339
7.961319
8.140052
7.006848
8.097143
12.88708
19.91262
18.78933
14.02418
15.00852
16.29004
14.82065
17.75338
17.15999
10.04128
11.05138
14.26558
12.6467
9.509084
8.597054
12.2657
13.36179
10.82675
9.558649
14.28814
10.87759
10.8299
13.58645
13.34199
13.99615
12.57876
11.84432
14.65104
13.71181
8.661881
5.837845
7.354133
8.817193
10.38878
10.00864
10.58548
9.636143
12.9268
15.02883
16.73203
18.1197
19.14144
16.76896
14.64661
10.31765
15.69787
13.32122
17.35165
16.83139
18.95654
14.36203
14.09379
15.30448
11.29855
9.924675
11.44455
9.554233
10.38818
9.31775
8.919178
11.22247
20.19053
15.98825
13.44718
15.06284
22.08506
17.18273
11.41605
11.33115
15.01967
15.0864
18.79092
15.20201
11.218
11.46356
11.83476
10.98857
10.59087
12.14713
10.42775
9.897359
9.027993
7.907177
10.33732
10.57796
7.918354
10.18899
9.233218
12.18491
12.91089
9.823387
6.000293
5.495333
6.657909
7.355508
11.07419
10.72937
7.686341
8.615235
7.240196
8.1126
10.73467
12.04064
8.399649
13.02867
13.81796
15.56018
15.9819
17.21663
15.2415
15.66592
16.12105
21.17816
12.89498
8.753698
7.230441
6.966125
7.050005
5.683457
9.137399
7.481915
7.520613
7.271006
9.791971
8.265748
9.738665
10.40477
10.78688
6.523777
6.019197
8.581121
6.459098
4.994225
5.229314
4.35267
3.378932
3.101465
3.837243
7.988606
7.582183
10.76878
8.911062
10.04883
10.01655
13.74154
11.23146
14.35673
14.90411
11.17378
11.53223
9.282622
13.40131
9.401344
9.004712
6.063497
6.046955
4.931424
4.473447
2.559445
3.117543
3.912187
5.93603
5.83931
7.557082
11.07887
15.43791
11.40632
8.998963
7.341693
8.287893
13.91203
10.62605
9.669643
8.278379
6.675001
6.20128
6.39596
7.28758
5.946306
4.580533
5.212541
4.395957
5.305598
7.079193
10.47794
9.000301
11.58156
13.38118
10.32697
8.990134
8.875727
5.069093
4.724554
4.908284
9.297773
9.397344
12.34216
9.293545
10.34338
10.3173
14.61455
13.37469
18.097
14.56028
15.4257
16.30925
13.36217
10.07147
9.425657
12.76709
11.84577
15.37043
11.11272
12.68413
15.57575
21.03828
17.51306
20.10184
17.38757
17.65069
16.37519
15.112
13.61307
10.04756
15.16654
11.46211
12.81474
12.62371
9.573184
10.30311
11.54313
12.92878
9.962401
16.72259
18.19142
15.21271
11.73341
17.97684
12.76332
12.65663
15.70282
11.19879
11.96944
7.992926
9.020392
8.147211
6.132234
7.55149
5.854456
3.715481
3.915186
3.967564
2.659776
2.595564
2.177165
2.120414
2.8858
3.962626
4.472963
3.219966
3.960941
4.938777
5.890217
5.736709
5.146767
5.962298
4.981849
5.693187
6.863154
6.236533
4.440264
5.164742
4.31957
3.778667
3.117014
2.639136
3.665545
2.186235
2.531989
4.909629
5.482701
3.971559
3.520699
5.032311
4.876061
4.481501
5.327833
5.022566
4.468394
4.178247
5.763615
4.498841
5.769269
5.612589
4.195958
6.660161
5.826723
6.235207
6.609764
5.626777
5.399373
5.538632
4.113484
4.650998
3.3937
3.508027
3.639703
3.377849
4.146331
2.900487
2.564029
2.26838
3.820278
5.145845
5.453275
4.120334
4.035095
5.033202
7.891126
10.49362
9.127543
10.13332
5.70213
4.991239
6.456594
6.879811
7.318267
7.898682
6.533139
6.729038
10.75901
6.41038
8.930302
7.589114
6.97634
12.47135
13.96133
12.98081
16.86553
12.25276
17.68036
14.46395
15.27954
18.63495
17.96055
17.05762
17.0612
13.75062
16.31607
12.24605
7.625623
12.17561
9.740064
8.785013
10.52716
12.73539
12.85113
11.29615
10.19603
14.28415
11.07791
10.55686
14.62399
18.77318
17.4634
15.15885
18.28564
20.59105
12.00345
18.4084
15.59179
16.1926
21.67399
20.56464
20.56946
18.3736
16.93826
14.0329
10.82871
10.68599
9.87764
11.84278
14.53308
12.5319
9.105865
10.82987
7.81621
7.119177
6.348199
7.042069
9.789993
13.85974
12.58474
13.75755
10.5973
8.583022
7.466683
11.34869
13.8174
14.5584
14.22215
13.76782
12.71442
11.78329
9.655362
11.32805
11.91308
15.19328
14.33673
16.47538
14.30989
13.35681
7.205376
8.40678
11.37853
10.09155
10.0795
12.0803
12.35159
10.39106
11.64324
10.29561
14.68079
14.65254
11.04847
9.181927
10.23001
13.21502
13.49585
13.12656
13.06097
8.910013
5.742601
7.43603
6.312928
6.237105
7.764177
8.137126
8.670122
10.18209
9.262227
9.159042
9.549158
7.991305
7.024608
8.453976
8.507211
8.122421
10.74665
13.18878
10.6556
10.64645
11.76093
11.40309
9.676891
7.459355
6.439193
4.786098
6.304746
9.365432
10.38624
9.430681
9.963047
12.84399
18.55422
19.10805
19.11913
16.70368
20.6623
17.40745
15.91466
16.40165
18.22881
16.88758
16.83202
13.58915
9.783913
14.20335
14.77659
12.76298
9.070297
9.801777
10.52979
12.26078
11.88457
12.46695
11.07084
8.585338
9.820003
7.181053
7.865822
7.220394
6.480476
6.498663
6.854301
5.539246
4.390771
5.795331
6.447629
5.911763
4.439392
3.407117
4.757933
3.039093
2.932839
3.706922
4.059094
4.569913
3.726387
4.776532
4.817191
6.187616
4.344597
3.8635
4.899677
4.789968
4.542002
2.877113
3.534356
3.311895
3.138871
3.184551
2.645486
3.234166
3.486932
2.434966
1.808835
1.410825
2.372735
2.358437
3.42058
3.146175
2.531244
2.593112
2.853636
2.647602
3.32927
4.515091
4.844807
5.053032
5.068069
6.797312
11.26324
8.709824
6.539719
5.850741
7.074923
8.167266
10.87027
10.96999
10.9096
14.64888
16.36975
10.89544
12.4859
12.11379
15.57186
15.08333
12.75163
17.36082
25.59057
17.64795
14.01647
22.49722
16.50339
16.06129
12.6878
14.37062
22.58745
14.6334
12.71676
15.26105
11.51272
12.12264
11.14739
12.83855
13.10482
13.14504
11.50095
8.477535
10.79286
15.78102
15.58765
10.24014
16.32561
14.10221
10.15124
8.286092
9.04357
9.050848
11.26565
16.16407
10.50109
14.08939
14.36476
12.7012
13.47343
12.88513
10.94076
11.8263
11.91087
12.77438
9.754178
8.876038
8.891312
10.68728
8.437807
7.984407
7.351329
5.969301
4.767978
5.197099
6.412968
5.333029
6.773235
9.114314
5.554758
4.837839
5.300746
7.98117
11.77101
8.591425
9.023243
11.09361
7.174534
9.128399
16.26324
13.86504
18.74634
20.4083
12.96592
13.35996
9.232603
9.840264
15.44637
12.25267
10.82412
10.36893
10.60022
7.603223
6.866763
9.571725
7.65405
8.942332
9.932255
7.880645
8.122252
10.37618
9.447509
7.277962
7.702193
6.074256
6.510868
8.339797
8.702448
11.5014
14.36583
16.03608
21.27563
14.77498
18.10974
16.62492
18.32838
14.28319
13.91684
17.6138
14.00123
10.70137
12.33803
16.96315
20.08057
18.27781
20.67297
18.26579
15.00509
14.92434
12.60671
9.727807
9.885643
10.75816
12.1569
12.55931
14.08255
12.2604
9.573142
9.090401
11.00605
18.09805
13.88642
13.37496
24.8014
16.34838
14.30882
13.49841
13.50526
10.05042
8.126071
9.455489
8.667597
9.411201
8.880467
7.403338
8.244945
10.80373
10.29135
11.8938
12.9595
14.33202
14.93243
15.1357
11.15494
12.22415
8.766931
6.738761
6.555988
6.968141
8.561472
8.322437
9.374537
7.740918
8.794715
10.56197
13.3485
9.432977
9.721547
10.54041
6.351668
6.770401
7.571229
7.946744
7.091689
7.56031
12.36014
17.50768
18.54302
17.26577
15.4641
16.31754
12.96403
13.68507
10.9437
15.91366
13.07417
14.90953
14.14242
13.53508
13.93786
13.57579
7.590078
8.150706
13.63804
13.72843
11.64235
10.92153
14.4607
15.86452
16.02611
12.81361
11.32876
11.67461
14.50703
17.09997
15.01171
9.301858
8.215079
9.13577
10.53195
10.03107
8.987594
6.232329
7.531061
6.25855
6.483059
5.239748
5.553175
5.811926
4.937858
5.979335
9.126816
11.34835
7.777285
6.87508
10.29211
13.0903
12.99698
16.37796
16.85243
14.35038
13.48651
11.15517
15.54358
13.22728
11.34798
10.63207
11.84581
14.43318
12.65545
14.0116
11.87402
10.77219
12.98155
12.0961
14.34413
13.50891
11.60249
10.87983
10.1704
9.443449
11.81841
9.966128
8.057662
10.85177
11.96616
13.4279
8.499546
7.98997
8.842332
9.476029
12.23819
15.08868
11.25599
8.586823
9.362993
11.01767
16.28906
11.76325
9.159342
8.415636
6.468844
6.476828
6.274447
6.192416
7.03237
8.492778
6.480286
4.958587
8.319063
10.13996
9.09387
9.145684
11.35935
15.1845
12.82388
14.50767
15.48435
13.20382
16.65455
13.8569
13.95862
13.16633
11.15225
11.19688
13.13061
10.09413
8.22864
6.294206
5.037508
5.062375
5.06096
3.75985
3.438595
4.179387
2.989174
2.754303
2.55697
4.581328
5.162278
5.953576
6.671525
5.170558
7.04539
10.07855
12.65944
9.025159
7.606103
9.524611
8.735993
8.84603
8.542409
10.11247
12.29575
12.71702
11.66539
10.97814
7.504117
8.352487
6.823944
5.058402
4.709935
4.57609
4.069046
6.442848
6.83767
8.568036
5.695466
8.072791
11.95369
10.65513
11.02476
13.74312
14.93064
13.2632
10.34939
7.447085
8.517786
9.350059
8.815368
11.17298
12.92036
11.24388
7.964964
8.080751
10.25627
12.2698
14.28404
15.41603
14.74507
11.46944
11.58417
10.08283
9.571816
7.451637
9.505655
6.595822
6.379181
4.592431
3.948804
4.433845
4.462661
6.109945
4.582791
4.035347
4.673054
5.57881
6.522197
5.254822
5.787626
6.629345
4.987931
6.022196
6.072203
9.51582
12.22874
7.520771
9.676606
10.18815
13.07704
14.22036
10.94896
11.32408
12.15394
14.21746
10.86145
9.979586
10.70044
9.221009
10.53815
7.849189
6.818446
7.378562
4.623666
6.426102
5.557913
4.538715
5.229251
3.8447
4.255778
5.190671
4.548834
5.301944
6.394813
6.297946
4.386953
4.411026
4.970947
5.581948
7.823973
10.96649
9.663461
10.49854
10.28988
14.29005
16.47049
11.26539
7.793245
7.218294
9.534339
12.08008
14.65108
8.365424
12.69526
17.12901
15.1092
11.16134
10.40876
9.910744
7.49002
8.556611
6.152044
8.700792
11.31906
12.46047
16.52057
14.47846
9.785858
8.171859
9.458141
6.558478
7.522517
7.34277
10.63385
10.92012
13.35842
12.0325
13.95274
13.87541
10.34166
7.328052
8.039589
9.088465
10.82365
8.003421
7.97106
8.448814
8.080433
11.59648
9.360292
10.75822
8.797261
6.884087
8.438876
7.213857
11.23178
10.61715
11.16721
14.85
12.34885
9.765214
11.40521
11.7291
9.094966
12.51886
13.09407
10.48007
9.308161
11.77353
17.84267
20.9299
15.62986
19.63023
16.27826
15.95143
13.85229
16.02752
18.47308
17.57728
15.66768
14.78019
14.86007
9.572522
8.960623
10.25089
10.44174
10.62129
15.57108
12.23802
10.00555
13.26888
10.63593
9.790015
11.61522
9.280622
7.542384
12.5969
11.75791
10.89972
11.57746
12.97549
10.7303
19.82062
21.84015
18.49486
23.33906
14.49754
11.82555
13.25717
10.98955
14.08724
20.07102
13.96207
15.75413
14.92305
13.4598
14.95226
11.89403
11.41864
9.282122
10.16796
13.86482
10.68069
11.08649
15.13229
17.70709
14.08185
14.45029
15.79607
16.74272
12.7062
11.75502
8.256872
9.608133
8.80117
12.23798
8.628208
7.792068
10.43139
8.237453
7.323416
7.766639
7.917858
7.719205
8.138214
7.106493
7.101748
8.201813
7.408158
6.337453
7.43716
7.042552
8.344205
7.15331
8.194886
8.268924
7.994412
12.6512
11.63619
11.37487
11.47684
10.19191
9.956794
7.919947
4.708933
4.096553
2.831204
1.895993
2.293909
3.248934
3.167995
3.772083
3.081556
3.973747
5.048187
4.625149
3.983401
3.846324
3.914756
4.865337
3.428414
2.636213
4.218797
3.119674
4.442941
5.07077
3.711335
3.613329
2.793291
4.590716
4.220257
3.691246
3.927676
4.554232
3.410755
2.886902
4.071139
5.006025
5.811895
4.97091
5.992286
5.93284
6.115545
7.086439
6.148107
5.44718
5.907596
6.37367
11.10576
11.11244
7.72096
5.994392
3.954146
3.003609
4.445294
5.458409
7.270976
6.860203
11.28471
10.78946
9.394445
8.146677
6.798671
6.393527
11.34915
9.169622
11.75755
9.488552
7.640033
5.662256
4.316278
3.655379
3.409126
3.279703
3.785406
5.488648
4.121497
3.106534
2.473194
2.295405
2.660448
3.094109
2.639823
3.52698
4.414213
7.791438
6.754004
7.367778
5.429716
8.798121
12.28371
8.334589
7.303721
11.26006
12.20491
17.01908
21.5701
27.56458
21.46245
17.55663
23.43328
14.24998
11.32057
16.94856
16.79467
18.33814
20.39596
18.05555
15.54704
18.20271
12.92217
14.17837
15.35602
14.8988
13.92021
11.38116
10.11341
9.40838
10.36555
14.11095
13.70223
16.53574
17.12439
15.27661
12.69654
15.56003
9.161751
9.286509
8.863777
7.139679
5.565637
5.492395
4.761355
4.584971
4.317549
4.66809
3.561587
2.740044
2.019722
2.501172
3.974438
2.886309
4.443145
4.762819
3.723998
4.284869
4.813603
3.55018
5.268163
8.222177
10.94858
9.95174
9.768668
8.010177
9.943553
7.491955
10.48992
9.092458
7.341425
5.973503
4.986502
7.405718
8.512737
8.962249
9.580946
9.209984
9.167548
12.97907
10.6855
12.44257
12.8474
9.432594
9.284079
8.395862
12.44927
8.125302
9.84269
8.623737
8.84035
10.09388
14.33149
13.75004
10.80728
8.781669
8.171108
9.619029
9.947881
10.56438
9.744519
13.97816
14.65652
17.22848
17.14135
11.97775
14.3994
19.0162
23.23285
23.53361
15.55016
12.24459
13.26519
10.74939
7.988156
8.387552
10.08269
9.963371
12.37877
9.661534
8.328426
7.10233
6.526642
5.969056
6.967643
7.245514
6.917889
8.278008
9.394106
9.405394
9.605914
11.70127
11.02913
15.46754
12.58836
12.53104
15.39589
12.30065
13.80469
10.27321
16.93432
13.85631
13.77001
11.93869
11.45006
13.17416
14.81379
14.85347
16.10777
16.70894
12.57596
11.32447
10.08304
12.54971
11.97366
11.9073
9.954661
8.640349
10.10701
10.96095
8.925924
7.862164
5.454321
7.645128
5.209503
10.08651
10.15474
11.2564
14.18299
12.23033
10.10434
8.799408
8.503969
7.096393
9.058354
9.833939
12.34489
11.89993
15.59069
12.67501
16.33322
14.43013
13.34624
11.10295
9.749591
9.669768
9.054353
7.965485
10.85249
12.06042
10.32533
10.62658
6.561337
5.866986
4.908716
5.06897
4.944998
6.289794
9.124072
6.75988
8.196005
9.101734
7.889307
7.649715
7.623992
7.06759
9.227577
10.65928
11.24935
6.49593
5.683287
5.378225
6.093365
5.646464
8.176373
6.780965
3.996887
3.911993
3.185806
5.531056
7.974587
6.285482
5.357779
7.088379
6.11324
6.826138
6.661145
6.358024
5.749212
6.767074
7.031446
11.57019
8.241885
11.84555
11.52973
11.43178
9.231963
9.153087
11.22606
13.02206
11.5053
9.980394
5.32704
7.619856
8.266018
