2.792983
2.488255
3.499934
4.833615
3.686779
2.572521
2.749226
2.146345
2.487598
2.110649
2.661152
3.058385
1.968223
2.086487
1.319782
2.249605
2.381424
1.764268
1.46669
2.035799
1.784731
2.183522
1.755517
1.801777
3.036113
3.539116
2.975455
2.525242
2.75585
2.520725
2.395155
2.718097
1.911283
2.040754
2.168656
2.416438
2.327515
2.653439
2.722254
2.2924
2.557759
3.02577
3.402883
3.620298
4.367787
3.146836
3.090791
2.894482
3.734147
2.81349
4.631254
4.395886
4.177614
4.815753
4.057861
3.836221
2.204463
2.469604
3.026875
3.15933
2.53306
3.338123
2.619928
3.452944
3.501687
3.35063
2.220644
2.830804
2.450861
2.675425
2.526316
2.871202
2.374729
2.577193
3.207566
2.571417
2.590055
2.26012
2.523878
2.161076
3.109304
2.85929
2.486869
2.459038
2.996407
2.228822
2.504869
2.610799
3.582855
3.986123
2.844286
1.705182
1.420567
1.461001
1.68432
1.572661
1.412356
2.403508
2.287428
1.927983
2.552435
1.784659
1.926
2.283086
1.93383
2.182237
2.242733
2.514231
1.901409
1.890932
2.116892
1.730198
1.76579
1.555954
2.429272
3.66816
3.938893
3.40167
2.69205
2.627609
3.143069
3.307228
3.53523
3.093268
2.620451
4.744821
5.284494
3.794975
4.232811
3.805064
3.540336
2.770183
3.966944
3.757893
4.601805
3.934912
2.271528
2.407795
3.219264
2.456407
1.976449
2.167493
1.762672
1.612157
1.926588
2.0586
2.085227
1.795083
1.968771
3.429686
4.655501
4.532721
3.817869
3.812419
4.42966
3.884636
3.157004
2.952004
4.853797
5.991981
4.792716
4.523044
3.796043
3.395803
2.1935
2.225892
2.473857
2.750447
1.892995
2.002282
2.170126
3.023966
3.557967
3.711597
3.186381
3.041459
4.059091
3.880424
4.103644
5.132247
3.995465
4.40396
3.889819
4.695565
5.429159
3.00501
3.272625
3.608368
3.149746
3.465643
2.541136
2.810118
2.193773
2.594099
3.642517
4.426884
4.253
3.562648
3.875162
2.111634
2.636146
1.87094
1.718665
1.740428
2.060712
3.00439
3.10845
2.474631
2.265376
2.11273
1.622096
1.293707
1.910273
1.824131
1.737153
2.666704
2.001255
1.954869
2.683468
3.675448
3.901853
2.90176
2.975364
3.345222
3.985311
3.486107
3.969112
5.236626
4.001371
6.00516
6.378316
4.366862
4.550382
3.579571
4.049779
4.462881
3.154408
2.832243
2.597629
2.240648
2.961704
2.482345
3.304552
3.211612
2.604702
3.501826
2.338696
2.576002
1.996942
2.500359
2.246602
2.52814
3.732749
3.676261
3.709911
5.029416
3.805911
3.952689
5.030268
6.865945
5.099469
2.944894
3.40549
3.416332
2.76116
2.981309
3.014573
3.165681
3.042188
2.829801
2.568335
2.501082
2.431889
3.067501
2.195541
2.122055
1.943904
2.232208
2.787151
3.550846
4.200517
3.699015
1.776223
2.570425
3.242594
4.600958
3.867645
3.983338
4.182039
4.886197
5.188578
4.896007
3.293871
4.49225
3.053013
3.729877
4.717965
3.328422
3.393222
2.8322
4.181983
2.361827
2.405907
2.50746
2.559363
2.932734
2.075142
2.531959
2.859504
2.937109
4.086481
4.094306
4.436993
4.005066
3.150067
2.796053
4.094248
3.550526
4.689197
4.530144
3.219151
3.386861
3.828542
2.46205
2.363585
1.673598
1.447718
1.830317
2.020596
1.843987
2.067396
2.151054
2.317102
2.155038
2.264709
2.931831
3.287658
3.290351
3.125287
3.045676
2.575746
3.179037
2.466952
2.800152
3.126196
3.658273
2.435703
2.400386
3.374952
2.513983
3.335158
4.626212
3.544071
2.772889
2.901098
2.949616
3.504324
3.632593
2.603617
2.936609
2.329306
2.857983
2.141611
2.09798
1.910412
2.532377
2.04243
2.727738
3.074881
3.211437
3.383232
3.122613
2.756951
2.28453
2.85528
2.946971
4.106669
2.937196
4.365948
4.180274
3.798736
3.87409
3.113398
3.570166
3.18114
3.983186
3.513014
4.525049
3.223961
3.63092
3.498377
5.501296
5.348056
5.689139
4.125541
2.843805
2.679347
2.686417
2.417695
2.921048
2.007651
2.296355
4.150836
3.68344
3.651
3.412162
2.324014
2.674316
2.671924
2.450062
1.993623
2.070679
3.393059
3.779136
2.07253
1.852976
1.824305
1.567791
2.093079
2.872893
2.250473
2.145244
3.105523
2.528039
2.260232
2.317251
1.919977
2.505583
2.927452
2.365816
2.473929
2.941333
2.858366
2.639122
2.954988
4.725522
6.113837
5.576818
6.002172
6.870022
3.293634
2.956346
3.635421
4.132704
2.99333
1.956562
1.782602
1.89467
1.883102
2.264289
2.159093
1.648692
1.608221
1.700678
2.285932
1.906326
1.655481
1.610319
1.962258
2.88189
3.271396
3.620222
3.290704
2.805074
3.03513
2.490647
2.616866
2.104506
3.038666
2.164994
1.624582
1.777875
2.250156
4.457345
4.103983
2.735199
2.543264
2.319277
2.769175
4.583764
2.409887
2.437139
2.73896
2.521621
3.089601
3.80869
4.073823
2.831716
3.502616
3.590562
3.544146
4.423589
4.020832
6.224093
4.114319
3.51496
3.299493
2.635222
2.013628
3.122668
2.905293
2.042191
3.088595
2.050119
1.831671
1.71061
1.325503
1.671582
1.898126
2.250847
2.583774
2.09545
2.607746
2.475788
3.228815
2.774025
3.933407
4.230355
3.844608
3.434259
2.643673
2.834249
2.599078
2.813333
4.696056
6.574583
4.781573
3.324282
3.153964
3.857126
2.922283
3.814937
2.892404
2.220268
2.57767
2.931329
2.719026
1.806892
3.293973
3.114096
3.759859
3.789878
5.233046
4.198297
4.069541
2.347264
3.167944
2.865697
2.562612
2.205011
2.128012
1.778175
2.397187
2.048262
2.238706
2.627299
3.014643
3.165802
4.043826
3.359963
3.026829
3.431114
4.672683
6.192591
4.458946
4.881334
3.071331
2.815891
2.367497
3.022663
4.734491
4.309269
3.940089
2.991174
2.785976
2.546476
2.725745
2.310146
3.369263
3.557755
3.714933
5.444313
4.181586
4.790113
4.601848
3.440181
3.63481
3.607506
3.543559
3.702512
5.976843
5.924102
4.521958
3.593946
2.350988
2.396702
2.534487
2.721349
3.299015
3.885536
2.963695
2.554664
4.058194
3.674466
2.311758
3.185321
4.841869
3.91214
2.826558
2.732608
2.736799
2.006826
2.234199
1.743757
2.41683
4.59309
5.125046
4.1882
2.504401
1.256912
1.519118
1.541664
1.622476
1.738874
1.687374
1.517985
2.667581
2.598181
2.177952
2.456106
2.364551
2.379624
2.518357
3.031416
3.360757
4.812424
3.987823
4.22743
3.133621
3.248121
3.449663
3.261604
3.825009
3.000886
2.605292
2.929178
2.887249
3.07238
3.26891
3.618878
5.34493
4.470521
3.48545
3.220425
2.385913
2.020476
2.757517
2.121721
2.915157
2.882818
1.861453
1.794503
1.354675
1.447046
1.775864
2.511445
2.062388
1.47006
2.082068
2.96914
2.538817
2.76893
2.256309
1.939904
1.899081
3.430034
3.153222
2.851307
2.041629
2.21919
3.384961
2.581825
1.865415
2.082864
2.091053
2.026432
2.157964
3.895319
3.52718
2.304131
2.643486
2.450676
3.92468
3.093442
3.533409
2.923282
3.449771
3.564418
3.757817
4.332013
5.888463
5.073236
3.211343
4.550336
3.032801
3.442267
3.515846
3.036002
3.473797
3.012203
3.000211
2.701444
4.163482
4.598349
3.367817
2.831214
3.7844
2.980133
3.198286
3.450522
3.58561
4.571153
7.088051
3.85388
5.042696
4.292455
4.224088
4.883129
3.479785
4.566484
4.344418
3.615031
4.194811
4.554499
4.469839
2.570603
3.546301
3.84114
3.172761
2.521771
5.020477
5.53255
5.027955
4.745696
4.438965
3.872571
2.723498
2.104976
2.281949
2.374309
3.241182
2.667854
2.561066
2.699684
2.749243
2.462803
2.870277
3.548511
3.878486
3.91861
3.548981
4.014961
3.105599
2.764999
3.412284
4.061526
4.008993
4.177154
3.471317
2.407267
2.526555
2.856283
4.120266
4.109352
3.101416
4.418545
2.986161
3.238761
2.241102
1.656604
1.450208
1.596657
2.419855
2.1075
1.40732
1.917519
1.806707
2.486551
2.428019
2.535737
3.051236
3.782924
2.950546
2.625305
2.754322
2.571233
2.501091
3.211291
2.880017
2.529361
2.931845
2.21348
2.7859
2.251856
2.278678
2.256566
2.44998
2.293787
2.590372
3.254812
3.812201
3.014309
3.008303
3.120433
1.762805
2.211941
3.22521
3.507991
5.537388
5.452087
4.933937
3.67848
2.94128
1.663152
2.045971
2.585402
1.983237
1.752265
1.83482
1.5285
1.569803
2.412214
1.780187
2.883483
3.484314
4.727146
4.049615
4.370068
3.885104
3.035945
3.998952
3.787119
4.057794
4.104542
4.497735
4.061648
4.03684
3.531309
2.450325
2.96732
2.684361
3.142669
2.911354
3.290375
2.699333
2.771958
2.816267
4.512741
3.233907
3.436849
4.84551
3.938459
3.87768
3.29143
3.316949
3.260293
2.554871
2.70572
2.165469
3.324925
3.079162
2.610841
2.323972
2.026055
2.088147
1.735575
1.659731
1.37716
1.804511
1.745492
1.987737
1.749349
1.946888
2.118716
2.023915
2.372701
3.546088
3.402248
3.020488
4.241372
5.055723
4.482159
4.219442
2.504842
1.413522
2.001167
2.498656
3.115405
3.208022
2.416611
4.054789
3.743212
3.545944
2.775764
2.915754
2.210861
2.118924
2.450598
3.090997
3.534115
3.902634
4.261516
2.862238
2.727135
2.489069
2.355236
2.450665
2.409692
2.092201
2.669417
2.529589
1.5536
2.394233
1.653569
2.635273
2.198029
2.233135
2.681786
3.359374
3.293637
3.257944
4.096424
3.301876
4.196183
4.262587
4.932666
4.408626
3.959085
4.001454
5.85376
3.952821
2.529021
2.70348
2.673033
3.216266
2.611947
3.799159
5.035348
4.753333
4.139363
3.873853
4.031791
4.008359
4.667026
4.971636
4.238129
5.237036
3.89164
3.643675
4.938944
3.281686
3.314263
2.793443
2.896926
2.657763
2.025545
2.640274
2.307486
2.724692
3.043917
2.239846
3.736833
4.533819
5.604295
4.027253
5.99778
3.675612
5.734959
3.752731
2.929999
2.712166
3.565673
3.868199
5.356996
4.839891
3.300145
2.787876
2.353055
2.275056
2.012171
1.719487
1.383264
1.583409
1.397599
1.015669
1.807161
1.910832
1.74612
2.266785
1.698252
1.025176
1.050177
1.025663
1.428648
1.08729
1.577211
1.250537
2.261173
2.447214
2.432123
2.696013
2.404624
3.251438
3.119602
2.920645
2.558825
2.103534
1.732264
1.707423
2.803836
2.41392
1.664258
2.288525
1.848764
2.298166
2.59244
2.788652
3.070436
4.417314
3.576617
3.970533
3.93826
4.669476
5.145231
4.433633
4.424128
3.970932
4.837426
4.378761
4.958721
5.210173
6.724622
7.807297
7.399681
5.266065
4.534899
4.038684
2.688243
3.401587
4.741724
4.505515
4.70035
3.936218
6.042234
4.764631
4.35481
3.619299
4.267214
4.348285
4.567223
5.280218
3.014293
2.635804
3.805636
3.426953
3.252464
3.955163
3.332771
2.707107
2.431012
2.127987
2.793974
3.151777
2.225483
1.930193
1.527256
1.887159
2.895712
2.723342
4.234142
3.737168
3.357098
3.281131
3.059792
3.510147
3.55356
3.664564
5.409658
4.767792
3.633945
3.710691
3.7956
3.934806
4.850169
7.289308
7.402452
7.097382
4.41653
4.0859
3.766276
3.124842
1.886437
1.883193
2.092456
1.802358
1.408581
3.14126
3.204125
3.038127
2.897969
2.928966
2.335975
2.062849
2.580028
2.786352
2.364763
2.907998
2.829688
3.709118
2.677603
3.159786
2.82074
3.942866
3.383409
4.307438
3.626643
2.900764
4.36369
3.697499
4.669676
3.461776
5.056083
5.145987
4.074968
3.939887
3.324607
3.918178
2.475322
2.638474
2.705016
2.506281
3.070044
4.225091
5.962836
3.430662
3.481583
3.843776
3.321862
3.569715
3.5637
3.631011
4.023152
3.063324
2.857167
3.231807
2.943754
2.49926
2.587295
2.039334
3.401134
2.834138
2.831856
3.644074
4.9052
3.561991
2.944867
3.589879
3.32229
3.101813
3.055948
1.933312
1.726098
1.67114
2.317561
3.854604
3.869612
3.355566
4.621222
3.012588
3.223339
3.578119
3.493948
3.24234
3.202035
4.63086
3.118268
2.8808
2.913922
2.542503
4.136753
3.714179
3.875422
4.391258
5.346892
4.974064
5.367096
4.513329
2.970212
2.274095
2.444005
2.923882
2.551493
2.691435
3.418189
3.962347
2.658337
2.727127
5.157472
5.693191
3.89595
3.653657
4.07587
2.879544
2.623212
2.202948
2.327494
3.802227
3.660253
6.284312
6.20353
6.021611
5.25757
3.950613
3.138367
2.806891
4.450685
4.730628
4.488505
4.400706
4.087521
4.102377
3.467591
2.813191
3.7466
3.894756
3.007973
2.400982
2.450192
2.049914
2.479611
1.87672
2.065519
2.039518
2.072845
1.70212
2.391347
2.355312
2.918868
1.832542
1.503324
1.433906
2.083822
3.002315
3.830499
3.372702
3.345616
4.983199
4.944428
6.084546
7.19222
6.630696
5.016072
6.857569
5.101712
3.137405
3.299779
3.225166
3.430734
4.413168
4.929751
3.355607
3.895553
3.908987
3.108388
3.589776
2.272142
2.29151
2.251732
2.077587
2.001976
1.927811
2.070645
1.947918
3.217447
2.788211
2.04588
2.1752
2.682225
2.368733
2.262511
2.118423
1.963579
3.19075
2.424005
2.759732
2.770941
3.035437
1.913826
1.604531
2.010894
1.968576
1.68212
1.860975
1.881983
2.491972
2.449621
2.454135
3.149704
2.511232
2.731516
2.204232
2.631553
2.564292
2.281907
2.880427
3.442976
4.604604
3.510965
2.407104
2.258422
2.695888
2.421202
1.604759
2.953691
2.932162
3.676087
2.798524
2.609482
2.145843
2.164515
1.840269
3.714666
3.935382
3.697839
3.535523
3.273968
2.382274
2.273005
2.701588
2.510518
2.741232
2.696483
2.208628
2.712676
2.617488
2.820722
4.079838
3.590604
3.090247
3.185039
3.224419
4.42091
3.311559
2.969769
1.917239
2.692587
3.077258
2.476873
2.606465
2.839216
3.674686
4.164616
3.575275
2.701944
3.182356
3.619391
2.828441
2.931955
3.018465
4.363254
3.17579
2.814087
1.800181
2.816011
1.932152
1.86534
3.03901
3.680024
4.913787
5.889686
4.613653
4.163309
4.668328
3.697505
3.988961
4.231106
5.202198
5.338541
5.258016
4.299093
2.643702
1.849526
1.857119
2.099912
1.729341
2.382706
3.141301
4.331653
3.689653
4.130187
3.041608
3.462119
2.55518
2.67241
2.619601
1.912012
2.28159
3.225368
4.376375
3.41961
2.922069
2.670936
3.588983
2.806192
4.021591
3.431302
3.376839
2.770568
1.802207
2.269263
2.620555
2.58656
2.804353
2.235685
2.513958
3.083383
3.041652
2.943139
2.551541
3.218758
2.316323
2.073948
2.176044
2.417617
3.25932
3.854743
3.908589
4.454821
4.397321
4.098743
3.842533
2.76768
3.442844
2.306022
3.127103
2.682732
4.363642
4.060021
3.838229
2.380371
2.602139
2.606415
2.619862
2.932773
2.79638
2.38127
2.144946
2.779545
3.288631
3.091084
3.804611
3.641876
4.46536
5.045443
3.138113
3.18299
3.485716
4.768702
3.721625
3.853992
3.361935
3.910725
3.139079
3.196143
3.108152
3.016862
2.679457
3.574549
3.288526
3.411522
3.090738
5.129697
4.205626
4.638873
6.509457
5.563195
4.768066
3.198323
3.883133
3.788565
4.555809
3.660379
4.090735
3.845119
2.817824
2.174413
2.397458
2.356334
3.084942
3.405476
3.509056
2.663706
2.173471
2.05908
1.880781
2.571767
2.069699
2.585569
3.1293
2.848203
1.612254
1.807401
2.434583
2.857939
3.358089
2.369735
2.588015
2.504197
2.361656
1.824447
1.730508
1.90193
1.985534
1.890106
2.472909
3.079634
3.542767
2.373959
3.559522
6.895725
6.433143
6.932003
6.646054
4.153934
3.894713
4.307787
3.161925
2.121014
2.371601
3.165816
3.226149
2.557789
2.28827
2.325399
2.028254
2.757998
3.986288
3.097166
1.78465
2.172897
2.796073
2.70501
2.678338
2.696563
2.440437
3.128505
3.491627
4.091428
4.357116
3.845705
3.438051
2.41943
2.452076
4.151289
3.789184
3.002521
3.141464
2.12018
2.467327
2.426185
2.18941
3.187245
4.369544
4.356537
5.113277
5.024758
3.852759
2.930039
4.085218
4.756196
6.929448
4.185109
4.485509
6.2709
6.01479
5.368012
5.626412
4.03849
2.1711
2.501979
2.039187
2.216906
2.72927
3.794042
4.879419
5.20353
6.811987
8.83271
6.062532
4.340488
4.228383
3.540889
4.556922
3.589377
3.585379
4.690201
5.61548
5.967278
4.245961
4.80017
4.311143
2.974643
4.281725
4.103107
3.186005
3.506601
3.049834
3.757993
3.262231
4.106011
3.455703
3.170782
2.695205
3.890376
3.734942
4.058691
4.017276
3.818999
3.074791
2.156046
1.553399
1.606316
1.448963
1.675067
2.532566
2.036863
2.361198
3.312987
3.460044
4.245563
4.167768
4.215164
3.625925
2.141741
2.635609
1.768791
1.397614
1.898395
2.753066
3.286311
3.073773
3.365924
1.801611
2.001897
2.078468
1.82118
1.447664
2.127154
2.733127
3.183233
3.3881
3.202312
2.489368
4.48286
4.425538
3.121713
2.813828
4.026622
4.562962
3.705986
2.611976
2.745311
1.899812
3.056546
2.658153
2.179461
1.912698
2.656889
2.770945
4.159487
5.322853
4.326307
4.288568
4.957032
4.117531
2.600283
2.652617
2.701004
3.130071
2.840261
3.238453
2.751411
3.926658
3.193663
3.51897
3.332992
3.165224
3.386231
3.789093
4.128726
3.023991
3.048757
3.227391
3.062255
2.931971
3.143853
2.484875
2.125286
2.174954
2.226758
2.80046
3.351093
3.182322
3.183303
3.469211
4.661754
4.03592
4.916398
5.888046
6.552616
9.676783
7.345468
7.311403
4.999157
3.549297
2.9396
3.576463
4.900845
3.072005
2.29049
2.663087
3.17358
3.510131
3.808948
3.610521
3.55982
3.339652
2.773113
3.14725
3.088505
3.515272
5.204278
5.266715
5.972379
7.986556
6.175189
4.798648
4.841501
4.177027
3.28743
3.822325
2.785999
2.554418
4.038356
4.073143
3.602981
3.375347
4.808361
4.530828
3.517881
2.928247
3.656119
2.807128
3.018853
3.13947
2.584574
2.676023
4.153972
2.843655
3.25483
2.714988
3.734085
3.476897
4.652114
5.456347
5.931571
5.003498
4.841669
4.572451
3.229515
4.198963
2.79369
4.500968
3.351223
1.904811
3.235972
2.609105
3.419353
3.378424
2.475344
2.808901
2.082168
2.02676
2.572278
2.578356
3.090724
3.312217
3.296736
3.703627
2.643838
3.23014
4.226189
1.91763
2.735637
3.261712
2.509133
2.436929
3.253155
2.25759
3.226252
3.257361
2.727691
2.786914
2.726136
2.657546
3.30356
2.879531
3.082306
3.18087
4.14711
4.806536
3.368029
3.584478
2.495174
1.708013
1.943889
1.5554
2.383456
4.08345
3.93468
3.992252
4.250134
5.423088
5.428437
7.139639
6.273884
6.366565
5.246502
6.228959
3.668856
4.458137
4.225347
2.765908
2.347045
3.233305
3.184943
2.935698
3.262954
2.354384
2.740488
2.668191
2.63086
2.916521
2.564646
3.256812
2.604089
1.700137
1.563187
2.411203
2.375964
2.281077
2.162676
3.499884
2.647171
4.098262
3.210377
2.978242
2.861377
3.140601
2.575295
2.375091
2.383766
2.779409
3.750156
3.22464
3.762846
3.88496
3.217653
3.045349
3.429578
3.157333
2.105273
2.184461
2.682531
3.749218
2.899331
3.154007
4.228285
5.171602
4.484568
5.213596
3.85517
2.83159
2.290205
2.47336
1.810953
2.10625
2.891459
2.945687
3.291352
4.50235
4.879105
3.585052
3.463725
3.622475
3.79878
2.578124
2.646232
2.377638
3.345144
2.235628
2.886988
2.476756
2.240921
3.267444
2.637613
2.509747
2.785883
3.677192
3.380932
3.172876
2.832515
2.736517
4.326116
3.154346
2.904759
2.479511
2.186013
2.285991
2.385941
2.049005
2.17672
2.696293
2.436994
2.618482
2.962173
2.307041
2.270027
2.59676
3.978833
4.262278
3.08544
2.355462
2.831105
2.696187
3.120007
3.223662
2.248133
2.054856
2.014007
1.629184
2.084962
1.943777
1.862898
2.198598
2.193427
1.907944
2.164731
2.792587
2.941563
2.904464
3.030765
2.939477
3.321809
3.544581
2.979451
4.450843
3.553896
5.203743
4.627576
4.28652
3.266586
4.161179
3.802535
3.343698
2.785822
3.301246
3.477521
3.403933
2.928268
2.98063
2.813623
1.97894
2.536884
2.025089
2.433737
2.074003
1.702881
2.436863
3.606273
3.170508
2.675213
1.508378
1.749238
2.13989
2.678916
3.283041
2.941194
2.830127
3.906374
3.765011
3.252065
3.314362
2.921597
2.33493
2.634916
2.783161
4.191613
4.397113
4.863891
3.978598
3.192657
2.920029
3.572729
5.401702
4.67754
4.563034
3.466234
3.08754
2.396925
2.938402
2.577129
2.475734
3.124931
3.832568
3.899558
4.039622
4.215378
5.776074
5.339495
3.532766
3.411503
4.054462
4.753611
5.211954
4.645888
3.300631
2.875274
3.032336
2.819821
3.129584
3.048463
2.487646
2.039467
2.002504
1.914468
2.306957
2.617414
1.742034
2.413684
2.467775
2.660442
3.535661
3.588734
2.571096
2.269109
3.222247
3.168387
3.740312
2.7698
3.092148
4.173023
3.800048
4.146205
3.181694
4.073254
4.711467
4.427618
3.809989
3.686422
2.95927
2.989525
2.844852
3.080473
2.512679
3.309479
3.278566
2.159077
1.690399
2.772575
3.275286
2.27571
3.116991
3.96189
3.150196
2.114013
2.266593
3.225378
4.361154
4.692773
4.287303
4.07044
4.793252
3.152014
3.194199
3.562978
3.487847
3.617444
4.461492
2.948331
3.045888
3.196356
3.123459
2.150853
2.602747
2.553452
2.063111
1.761907
1.76332
2.111349
2.869202
2.486569
3.20029
2.784398
2.821324
2.736912
3.649189
3.067689
3.569825
4.215094
4.631773
4.205239
4.175095
4.510226
3.453208
3.025348
2.559857
2.68504
2.189631
2.883858
2.361995
2.299958
2.052326
2.313491
2.208166
3.270794
2.556945
2.70052
1.913559
2.001854
1.610484
1.419791
1.506675
2.481723
1.504856
1.732833
1.603231
1.392414
1.602782
1.947116
2.253211
2.456981
1.904284
2.032775
2.091433
2.553024
2.66804
3.696986
3.294882
3.214638
3.293098
3.68048
3.640344
3.658034
3.465792
4.693308
4.729704
4.143927
2.997156
3.304792
3.159935
3.841425
3.542805
3.680998
3.275797
3.248751
3.031917
2.457036
2.596315
3.022356
3.295294
3.347235
3.727279
2.714085
2.673184
2.142589
2.44057
3.569984
3.294298
4.350644
4.243551
3.521401
2.674764
3.001091
3.379783
2.649632
2.443675
1.92097
2.25175
1.724207
2.23375
2.3191
3.315122
3.268353
4.083224
4.930143
3.941292
3.34322
3.711094
3.828025
2.669267
2.895147
2.609882
3.685783
3.486673
3.080973
3.033816
2.968706
4.427335
3.486997
3.680841
4.971237
4.309433
4.881051
5.263442
3.459974
3.332579
2.683484
3.024984
2.560804
3.118075
3.511355
3.137
2.68408
2.101532
2.80714
2.899268
4.35428
2.986722
3.410408
2.923204
2.781001
3.315811
3.586112
3.703995
3.228992
2.752163
2.200456
2.796256
1.920025
2.163664
2.405737
2.296392
3.008886
3.186362
2.374318
2.173165
1.96215
3.56098
3.061661
2.985804
3.034672
2.688079
2.943336
2.845284
2.695594
4.043195
3.150063
2.505397
2.966303
1.775689
2.748035
1.6647
2.233757
2.513365
3.222538
3.59052
3.668712
4.132192
2.931173
2.672552
3.443726
3.885874
4.095821
4.06575
3.459879
3.72458
3.323684
4.257953
4.283827
4.329754
3.353639
2.353035
3.198098
3.139639
2.282121
2.743647
3.622053
2.873286
2.434062
3.031454
4.225897
5.269528
5.811506
4.862107
4.781513
3.662896
3.565103
2.862152
2.560688
2.631325
2.498267
3.230347
3.650144
3.62238
4.790809
3.517449
3.893153
4.03082
3.764909
4.012614
4.330007
3.397831
2.608027
2.935768
3.730776
4.199807
4.134522
3.681159
4.593191
3.240581
3.580718
4.17056
3.543535
2.618185
2.92284
2.85189
3.109004
3.617335
3.81783
2.637218
2.321782
1.960871
2.542832
2.152956
2.542018
3.244601
2.659628
1.48126
1.979284
1.512889
2.156172
1.863343
1.821232
1.792443
1.35627
1.208955
1.745402
2.091816
2.204195
2.321669
3.016658
4.308748
3.452444
5.834309
4.986201
4.052344
5.086105
3.638981
4.153601
5.764415
4.576649
2.77732
2.902778
2.311248
2.989536
2.99584
1.875173
2.156334
2.968456
3.298022
3.559442
5.200191
5.774305
4.89591
3.774978
2.796765
2.063565
2.049351
2.426652
3.273774
3.315287
3.755024
4.217354
3.393675
2.767467
2.655801
3.896467
4.440169
4.091162
