factor(envID)4 factor(envID)5
0.3941724 -0.7852112
1.236911 -0.4864046
1.150207 0.3101942
1.975348 0.09626847
1.145365 0.5313787
1.655107 0.7317125
3.102385 1.932635
3.225363 1.141364
2.982404 0.6461945
3.154897 1.112719
3.952242 3.360167
3.778146 2.1488
3.676346 2.278615
3.700268 1.776246
2.630863 1.465538
2.151689 0.9452572
1.599179 -0.2496176
1.897401 0.9033006
1.392052 -0.3323093
0.7945211 -0.6820217
0.7890418 -0.2055984
1.95834 0.6282234
1.887847 0.0540168
1.331777 -0.2295439
0.5778641 0.1627937
0.4479209 -1.097458
0.2765597 -1.294709
-0.1248284 -1.485747
-0.3224964 -1.11394
0.6595102 -0.6935251
0.6943596 -1.028576
0.6934653 -0.6888911
1.154575 0.399094
2.484012 -0.486623
1.416105 -0.3858462
2.954885 0.8477891
2.82256 1.347062
3.027532 1.511138
3.083324 2.046754
3.446851 2.150355
4.333235 3.079998
4.971802 2.894071
3.939639 3.352415
5.519845 4.037868
6.066524 4.843965
6.498771 5.08742
5.416406 4.456025
4.819828 3.964213
5.523443 4.920575
5.54198 3.461179
5.459246 3.869384
4.407361 3.048349
4.716131 2.621037
5.429889 4.591037
5.446621 4.096753
5.463085 4.623401
6.558279 5.397215
7.005453 6.303755
7.733182 5.233397
8.017701 6.362725
9.242018 8.171971
10.19626 7.819844
11.4341 9.769547
11.33636 10.56824
10.53517 9.03732
9.708258 8.451248
8.976037 7.880077
9.521461 8.31329
8.638831 7.006748
9.738445 8.827547
9.624651 8.092479
9.16788 7.864932
11.06326 9.443019
10.88569 9.13884
9.335377 7.456108
8.192634 7.388797
9.581763 8.051511
10.19228 8.619347
8.994305 7.574252
9.039271 8.253485
8.359534 7.242064
9.557339 8.597696
10.27305 8.991843
9.627705 8.228704
10.48494 8.502408
10.43458 8.704659
10.70065 8.825147
11.63065 9.654885
11.06849 10.11763
11.52548 9.680676
11.05797 9.64827
10.65992 9.296927
10.96403 9.598789
10.52588 8.849976
10.55174 8.275326
10.37973 8.686523
10.68897 9.858269
11.5401 9.819428
10.75558 9.095014
10.49616 9.680968
10.4842 8.925897
8.935239 7.575056
8.614655 7.36932
8.856832 7.636971
8.307383 6.985722
7.690726 6.401509
7.474755 6.014146
7.548344 6.565024
6.807042 5.379018
6.705431 5.142304
6.443304 5.190017
6.661522 5.064892
6.960867 4.936484
7.164801 4.1993
6.610803 5.037535
6.576453 5.246604
6.265042 5.545817
6.908151 5.319737
5.914571 5.241765
6.446499 5.227758
7.250996 5.893652
6.870888 5.702767
6.711263 5.610345
6.919682 6.119904
7.981826 7.088861
8.007575 6.113237
8.880636 6.154961
7.885394 5.914494
7.858405 6.765622
9.625202 7.587725
9.909588 7.828327
10.43162 9.124801
9.170569 7.506967
7.758481 6.415914
8.716491 6.753283
8.340248 6.083149
8.150462 6.694553
6.861713 6.198297
6.743892 5.08338
7.690819 5.739919
8.023438 6.163074
8.702705 7.639388
9.565809 8.170227
9.130013 7.970879
8.261462 7.151802
9.295025 7.274755
7.950694 7.066568
7.491232 6.1321
6.58719 5.552465
5.754107 4.345379
5.945262 4.586538
5.826399 4.7253
6.265513 4.65276
5.734453 3.889412
6.143583 4.752717
5.970306 4.616577
7.585745 5.751568
7.605618 5.988804
8.737078 7.19171
8.478332 7.098534
9.63058 8.718293
9.752912 9.389063
11.01441 9.393118
10.37406 9.083883
10.19792 9.763232
11.67935 10.94045
11.75644 9.536969
11.0598 9.792346
12.32825 11.0743
12.11802 10.77373
10.68875 10.43865
10.0922 8.842645
10.87247 9.282096
10.32832 8.372528
9.462205 8.374507
10.42559 9.311988
10.04311 8.465584
10.78087 9.399733
11.01363 9.598818
9.627126 8.473806
11.28369 9.884261
11.24565 9.360874
10.23557 9.095472
11.14333 9.506311
10.42369 9.217228
10.86162 9.960941
10.203 9.400273
10.32046 9.313548
10.13766 9.467619
11.15717 10.50999
11.2691 9.803975
10.33641 9.138534
10.23302 9.523097
11.15088 9.367852
10.18116 8.698341
9.595845 7.542579
9.403887 8.042545
10.21696 8.055123
10.37862 9.640138
11.24094 9.719077
12.50979 10.33922
12.16388 11.47036
11.53608 10.69157
11.46893 10.04414
10.97085 9.587807
10.40167 9.820125
11.93693 10.14483
11.52315 10.29445
12.81308 11.79904
12.97738 12.54867
13.60391 12.65681
13.8468 12.37141
14.62685 13.16898
14.70755 13.57596
14.65295 13.02023
13.83691 12.34139
13.60387 11.50329
13.297 12.03147
13.37318 11.60504
13.45135 11.79093
13.36021 11.55362
13.98313 10.85402
14.03875 13.2115
14.58387 12.79973
14.3412 13.55894
15.6937 13.73189
15.31585 14.05608
15.28955 13.38407
14.68469 13.94528
15.34756 14.21387
16.2229 14.84154
16.96067 15.61198
17.6179 16.98754
18.57645 17.69855
17.47571 15.77398
18.38997 16.96482
18.90014 17.65886
18.16991 16.80767
19.02948 16.73086
19.26652 17.53932
18.36367 16.73889
17.36998 16.18223
16.75751 16.09366
17.67876 15.98118
16.71469 15.56444
17.3567 15.611
17.45904 15.4955
16.88879 14.73306
16.41002 15.17618
16.7684 15.95981
16.86518 16.34795
18.21275 17.03244
17.29439 15.82994
16.61728 14.88332
16.12487 15.48544
16.18946 15.23959
15.83275 14.7565
16.32133 14.44147
16.53004 15.1258
16.17637 15.3784
16.27859 15.1037
17.6882 16.20139
16.58003 15.55778
16.52194 15.26154
16.10067 15.42751
17.81662 15.21199
18.52602 17.15557
17.63625 17.00597
19.54386 17.41404
20.1622 18.24176
18.87598 17.66167
18.59434 17.91531
18.2361 18.08867
18.02628 16.45866
18.57699 16.13682
18.05662 17.04987
18.38656 16.7987
19.0553 17.92461
18.56164 15.71534
18.106 16.45952
17.73714 15.99937
17.96869 16.571
19.03783 17.33453
18.22487 16.51367
17.81654 16.81315
18.68601 17.45031
18.94343 17.76518
18.00142 16.24074
17.07835 14.9105
16.61401 14.90271
16.27018 14.55672
16.04849 14.86517
16.11775 15.25053
15.59024 15.09681
17.36292 15.36229
17.80618 16.97696
16.35943 15.70807
17.79735 16.26842
18.95601 17.27897
19.6908 17.42718
19.24738 17.60552
18.20539 16.27158
16.98042 15.95047
16.6376 15.27852
15.6277 14.24318
15.10658 14.08743
15.43839 14.10777
16.17128 15.13181
15.80716 14.8566
16.6266 15.11806
17.07072 15.26025
16.43804 15.03924
16.12621 14.98381
15.56308 14.25406
15.43201 14.03053
15.26781 14.44663
13.72645 13.06162
15.14513 13.49041
14.15361 13.61192
14.92745 13.58169
15.27576 14.05508
15.36721 14.77933
15.3092 14.36105
15.05401 13.98839
14.72434 12.8583
13.38341 12.56834
15.29965 13.49353
15.72785 14.45493
14.90735 14.13334
15.95026 14.51188
15.25595 13.82224
15.65112 13.42563
15.36736 14.19019
16.12238 15.27669
15.17095 14.77844
17.09726 14.99791
15.85878 14.90914
15.41871 14.08945
14.13572 13.3661
14.55689 12.71491
14.09759 12.12886
13.33304 13.4585
16.08692 14.59654
17.53222 14.86598
15.43281 14.76993
14.74923 14.19439
15.16958 14.06218
15.61295 14.47105
15.67428 13.96296
17.03016 14.3267
14.94709 13.83499
15.05759 13.68855
14.85569 13.13638
14.5242 12.59986
16.36533 15.11195
15.08513 14.44134
15.63315 13.99586
16.2019 15.60021
15.60472 14.01812
15.68386 13.9934
15.07929 12.4476
12.83632 11.38575
11.86038 11.10358
12.28083 10.94077
13.15548 11.35527
13.00002 11.06331
11.62952 10.1075
11.45967 10.10529
10.90415 9.83789
12.284 9.940209
11.84999 10.60238
11.93918 10.80913
11.87838 9.640532
12.20005 11.50699
11.42006 9.734715
11.96097 10.76673
11.66555 9.929608
11.04832 9.783
11.46387 10.6692
11.5968 10.42498
10.99525 10.15516
11.8642 9.70568
12.11773 11.05986
12.14835 11.17797
12.34054 11.08398
13.30455 12.27711
12.73932 11.26903
13.4462 11.94924
13.70614 11.68685
12.54332 10.96227
13.52019 12.7763
15.25668 13.52199
14.46785 13.20399
14.89146 13.63699
15.47683 13.56252
14.98836 13.72503
16.12797 14.33974
16.74192 13.65329
16.23925 14.12502
16.40917 14.50294
15.36417 14.82293
15.38078 14.23298
15.52878 14.40775
15.25934 14.79321
16.19559 13.94311
15.2876 14.11794
14.65359 13.87354
15.21911 14.39948
15.39578 14.14749
15.54445 14.6945
16.48065 14.59408
15.98956 14.97748
15.16456 14.15568
14.87109 13.74513
14.31724 13.27954
14.02888 12.46346
12.41303 11.29031
12.45345 11.72681
13.3004 11.58283
12.62348 11.49403
12.16743 10.48332
12.72066 11.21926
12.4693 11.41485
13.19768 11.39925
13.22912 12.44496
13.89601 12.02012
14.06545 13.04628
13.85418 11.92329
12.73603 11.17425
12.27923 10.97299
12.28841 10.10572
11.16608 9.619994
11.0625 10.17712
12.82823 11.68459
13.50828 11.46447
12.59087 11.06791
12.68017 12.01546
12.51516 11.32998
11.94208 10.23328
12.62595 11.85364
12.98422 12.23693
12.60831 11.0972
12.73173 11.40535
11.93096 11.14616
12.24925 10.96128
11.3096 10.34284
12.0611 10.60547
9.826443 8.929288
10.00274 8.867528
10.80304 9.559127
10.90316 10.38322
11.9601 10.57035
12.65018 11.48797
11.66129 10.62282
11.62488 9.778032
10.58197 9.41335
11.39035 9.111489
11.96126 9.153442
11.23028 9.856621
12.39548 10.37195
11.37882 10.76502
11.49972 10.50718
11.81002 10.89511
11.6044 10.79059
11.71743 11.21497
12.39085 11.46392
13.25735 11.43077
11.5559 11.04657
13.56006 11.61755
12.7543 11.85019
14.05708 12.97083
12.50224 11.52476
13.00877 11.5318
13.45622 11.93997
15.44157 14.01582
16.09421 14.28744
14.22757 13.76765
14.50717 12.76561
15.07064 14.02432
13.74216 12.15214
13.59233 12.14951
13.6645 11.64305
14.13296 12.67218
14.09539 12.45827
13.59713 11.2929
13.33016 11.64305
12.76224 11.03863
11.92576 10.76625
12.30304 10.16169
11.19989 10.38866
10.78529 8.951826
10.17217 9.218388
10.32885 9.419267
10.66087 8.647984
12.13347 10.59988
12.27892 10.40216
11.64744 9.829925
10.49235 8.677186
10.54751 9.302922
9.386542 7.850665
9.050373 7.609827
9.771194 8.122807
9.388824 7.846974
9.112399 7.838114
9.311053 7.402849
9.425715 7.453131
9.23088 8.023191
9.6892 8.063316
9.47333 8.587507
10.63894 8.755037
9.6775 8.141777
10.67276 9.76175
11.39163 9.662389
10.65525 8.57686
10.60613 9.017847
9.75633 9.14028
9.324462 8.140509
10.20216 8.689691
10.87326 10.07389
10.21825 9.567932
11.21065 8.802033
9.595374 9.143927
10.00407 9.042422
9.467781 8.578052
9.89381 8.67427
9.476537 8.907405
10.27868 8.423
9.376338 7.636246
7.633417 6.417959
9.334551 7.915747
9.673073 7.149924
8.234647 6.856796
8.774139 6.020787
8.445357 6.978803
7.499006 6.240922
6.498973 5.547163
7.169943 5.049199
7.140616 4.787843
7.215357 6.282411
6.728661 5.353868
7.162509 5.953873
6.554938 5.483065
7.429751 5.546871
7.606121 6.629929
7.522459 6.103365
6.999397 5.355194
7.542806 5.904584
7.310759 6.179454
7.059541 5.178155
7.864519 6.63193
9.267718 7.263152
9.562071 8.5694
10.16083 9.922486
11.44815 9.484335
11.53646 9.987864
11.45691 9.709614
12.11874 9.89794
13.86029 12.65102
13.87072 12.19019
13.56587 12.85856
13.4721 11.76845
13.25595 12.45263
14.90079 13.11236
15.73951 13.98982
15.10093 14.04468
15.33293 12.82286
14.54297 13.73124
14.61663 13.63519
13.69312 13.02306
13.39188 11.75077
12.31082 10.61482
11.59195 9.567963
12.0107 9.930763
10.49187 10.28748
10.68228 9.064457
10.29996 9.254414
10.29321 9.11022
8.503588 7.35934
10.26988 8.523944
9.172907 7.865932
8.386707 6.820767
7.869473 7.129369
7.725048 6.076728
7.824108 5.976249
7.69517 6.981057
8.764276 7.607662
9.731819 8.395792
9.777491 8.708821
10.23305 8.891212
10.61321 9.038124
9.363507 8.206303
9.954747 8.624873
8.411362 7.958413
9.610202 7.926606
8.760448 6.871167
10.77882 8.322304
10.49261 8.945969
9.302485 7.946191
8.533744 7.474422
7.783917 6.256038
8.298865 6.340778
7.814556 6.181953
7.534998 4.647136
5.193944 3.986135
4.981442 3.837622
6.389478 4.282904
6.868604 5.634363
7.33675 6.230045
7.107481 5.669319
6.620231 5.626572
6.709581 5.85223
6.928318 5.309772
7.436328 4.70146
5.871208 4.921959
5.089162 3.84957
5.036625 2.808938
5.213218 2.924876
5.628162 4.21271
4.914888 4.041747
4.643062 2.98911
4.658287 3.284459
4.738633 3.191239
4.936577 4.281356
5.929255 4.01725
5.335873 3.73777
5.113777 3.527425
6.099363 3.669503
5.289866 3.705598
3.479101 2.733486
3.063604 2.310446
2.199291 1.105563
2.342534 1.066278
2.196887 0.6719553
2.503419 1.139651
3.660892 1.930115
4.076102 2.7854
5.092033 3.23881
3.980022 2.594885
4.281646 3.449556
4.807543 3.447571
4.412143 3.381718
4.650113 2.692286
5.56109 3.512087
5.18256 4.418411
5.672687 3.99472
4.759215 2.765689
4.990868 2.709275
4.755174 3.454727
5.48166 4.055122
4.372095 3.529387
4.992891 3.365997
4.714143 4.476745
4.51895 3.795606
5.432594 4.406786
5.943942 4.381451
4.291587 3.451283
3.617522 2.709991
4.529775 2.181085
5.218993 3.73142
6.156757 4.705798
7.701393 5.594602
6.175423 5.183035
6.668874 4.894804
6.26986 4.1312
6.768205 3.657667
6.858606 5.160485
7.192926 4.57279
6.73407 5.924935
8.595493 7.428347
7.958161 7.119734
8.154163 7.676138
7.94116 6.399362
8.189406 6.278638
6.207994 4.809723
6.688105 5.536991
7.261247 6.420305
6.745921 5.672336
7.099264 5.185491
6.7026 4.848181
5.744751 5.531803
6.26433 3.374912
5.884675 3.808848
7.121842 5.764263
8.781051 6.97415
8.614034 6.775977
7.993321 6.048908
8.01197 7.004214
7.206641 5.377682
6.135464 4.793025
5.463381 3.845684
5.438113 4.010269
4.442889 3.645628
4.168244 2.495927
4.480249 3.565146
4.335898 2.9818
5.177748 2.586224
4.252894 2.629352
3.084124 1.603584
2.319349 1.279413
1.09164 -0.7217531
1.621055 -0.613115
-1.008296 -1.652578
-0.6503359 -1.986958
-0.8967851 -2.07448
-1.65581 -2.805588
-1.277578 -3.58547
-1.707793 -2.412956
-0.8077759 -2.003643
-2.608117 -4.306738
-2.878087 -4.145007
-3.750148 -5.435725
-2.531693 -3.927359
-2.055827 -2.909322
-2.618002 -3.758875
-3.351387 -4.810821
-2.610356 -3.938021
-2.636417 -3.812032
-2.926936 -3.542082
-3.016272 -4.446783
-2.734846 -4.057179
-2.740659 -4.605757
-2.291452 -4.296067
-4.075092 -4.561815
-4.51375 -6.201818
-4.627094 -5.983267
-3.975282 -6.360985
-3.175738 -4.801346
-2.816414 -3.940995
-1.606763 -3.474413
-2.48722 -4.294153
-1.743873 -3.755586
-2.278512 -3.754573
-2.536073 -4.291969
-2.850971 -4.570111
-2.078223 -4.20475
-2.428324 -3.647501
-1.561889 -3.350131
-1.76091 -3.081748
-1.931909 -2.88368
-1.366509 -2.434875
-1.905343 -2.751888
-1.429262 -2.753287
-2.277436 -3.876499
-2.934258 -4.280073
-3.962149 -4.350119
-3.200821 -4.327764
-3.557279 -4.587104
-2.732336 -3.96672
-2.155507 -3.256659
-1.573053 -3.211487
0.102917 -0.63845
0.1218596 -0.8593215
1.532607 -0.6521792
0.7324476 -0.9093179
0.05152121 -0.9222717
-0.05038281 -0.7691501
-0.817572 -1.844814
-0.265382 -1.723688
0.4847818 -0.8768683
0.8110569 -0.7597604
-0.005224538 -1.838525
0.4110692 -1.133432
0.8396321 -0.3706279
0.265318 -1.20585
-0.5746267 -1.826868
-0.6242421 -1.291723
-0.2664264 -2.02831
-1.665758 -2.371782
-0.8869395 -3.202013
-1.294802 -3.031031
-0.2952383 -2.207236
-0.21623 -1.931836
-0.9383332 -2.462921
-0.1551759 -1.82168
-1.508959 -1.735476
-0.4480077 -1.585276
-0.3301453 -1.832849
-0.3497392 -1.012215
-0.2096357 -1.886241
-0.8561152 -1.020493
-0.6779227 -2.454497
-0.9719529 -1.945342
-0.1730064 -1.48674
1.540177 0.831007
1.220312 0.268367
0.9204672 0.1779542
2.118812 0.6546621
2.940481 1.548217
2.839888 1.973141
2.697472 1.227329
3.580755 1.398732
2.911202 0.7400402
3.125329 2.559954
3.187685 1.696669
1.775277 0.3894628
0.3733131 -2.118147
-0.6651525 -1.671544
-0.5699841 -1.570421
-0.8588542 -2.060868
-1.161403 -2.984159
-2.821067 -4.03166
-2.563079 -4.998224
-3.897737 -5.204358
-3.678891 -5.683533
-5.066201 -6.720954
-5.814931 -6.827192
-6.194131 -8.055364
-5.024358 -7.079258
-5.562929 -7.023666
-5.627957 -7.254186
-7.088423 -8.86118
-7.774899 -9.245065
-7.401648 -8.63905
-8.008787 -10.45731
-8.609839 -9.884268
-8.626126 -10.1396
-8.315311 -9.658004
-8.868876 -10.72974
-8.761368 -10.34358
-9.840435 -10.50113
-10.72245 -12.66968
-11.44141 -13.28046
-10.18765 -12.18083
-9.542233 -12.1943
-11.76219 -12.7114
-12.79026 -14.23593
-11.49006 -13.4967
-10.97673 -12.25915
-11.10073 -12.77203
-11.7592 -12.72797
-10.92429 -12.56293
-10.54748 -11.73364
-10.79687 -12.46423
-10.88044 -12.50955
-11.05681 -12.07922
-10.81382 -12.15175
-9.495108 -11.17922
-10.45595 -11.6876
-11.42777 -12.15549
-10.45927 -11.74366
-10.59956 -12.75743
-11.22168 -12.53153
-11.23503 -12.33304
-10.5009 -12.21897
-12.10052 -13.13786
-12.63879 -13.77595
-11.05831 -12.81122
-11.34809 -12.60861
-11.55376 -13.2905
-11.94986 -13.33502
-11.67649 -13.36253
-11.51406 -12.77286
-11.92116 -13.42342
-11.31612 -12.71038
-10.73032 -12.42656
-10.73897 -11.41029
-10.14069 -11.36864
-9.477585 -10.78503
-9.996275 -11.43917
-10.38579 -11.38943
-10.08404 -12.03117
-10.95822 -12.36315
-10.53676 -12.42135
-8.778957 -10.83229
-8.772276 -9.530442
-8.394264 -10.30708
-7.466255 -9.425943
-8.218053 -9.873983
-8.36622 -10.00832
-9.182386 -9.402091
-8.490984 -10.67095
-9.074222 -11.05192
-9.514889 -11.65957
-11.54561 -13.27391
-12.94318 -13.84132
-13.77455 -15.26596
-13.89617 -14.77681
-12.85667 -14.62756
-12.81283 -13.67798
-12.74244 -13.48335
-11.38429 -13.12011
-12.041 -12.76297
-12.61252 -13.48478
-12.63348 -14.11067
-12.17944 -14.21999
-14.33001 -14.72806
-14.14747 -15.31003
-14.14489 -15.15643
-14.86178 -15.56428
-14.07138 -17.25061
-14.57825 -16.86837
-15.1068 -16.98659
-14.6011 -16.43789
-14.6992 -16.64663
-14.45195 -16.44295
-14.55479 -16.02703
-13.62266 -15.42118
-13.79938 -15.60759
-14.05196 -15.60703
-15.58817 -16.81738
-14.85558 -17.0629
-14.22498 -15.36087
-13.86008 -15.63097
-14.40659 -15.42967
-16.44496 -16.90211
-15.87067 -17.31653
-16.43712 -16.59421
-15.78675 -17.44168
-15.35561 -16.20586
-14.74351 -16.0433
-15.3836 -16.87904
-14.53134 -16.74031
-14.69069 -15.97451
-15.3502 -16.42961
-15.01627 -15.66402
-15.26999 -16.61277
-14.59161 -16.2065
-14.25065 -16.25253
-16.86196 -17.82591
-16.61067 -17.39624
-15.24994 -18.00715
-15.29538 -17.06524
-15.58604 -16.83441
-16.52681 -17.37004
-16.85927 -17.1891
-16.37073 -17.48402
-17.62429 -18.28558
-17.63052 -19.20222
-18.75953 -19.87588
-19.67872 -21.33199
-19.54867 -21.33612
-20.4126 -21.30843
-20.11211 -22.10546
-20.35852 -21.91773
-18.8875 -20.89756
-19.51455 -20.79485
-19.20737 -19.93175
-18.7265 -20.70978
-18.47562 -19.83048
-19.67942 -21.12864
-20.14931 -20.95783
-19.65592 -21.01901
-19.08466 -20.75567
-19.35917 -20.30681
-18.85131 -21.19082
-20.21179 -21.39533
-19.96402 -21.77491
-20.00192 -21.75934
-21.03927 -23.10134
-21.77156 -22.47023
-22.36542 -23.56151
-23.01877 -24.05358
-22.75194 -23.49234
-22.77893 -24.71218
-23.93485 -25.6794
-24.5063 -25.46378
-23.22577 -24.41449
-24.95073 -26.11519
-23.67081 -25.12705
-23.2159 -25.28557
-25.77941 -27.40362
-26.84335 -27.92619
-26.47857 -27.90033
-26.48609 -28.08639
-26.35014 -28.24524
-27.69056 -28.92139
-29.47438 -30.93691
-29.78551 -30.7655
-29.81332 -31.01663
-28.81294 -30.44989
-28.83079 -29.84759
-29.59177 -29.9202
-30.1297 -31.18856
-30.58842 -31.63338
-30.01256 -31.6673
-30.67291 -31.67499
-30.80968 -31.95843
-30.25289 -32.19661
-31.57751 -32.66436
-30.13224 -31.82109
-30.15707 -32.00035
-31.68466 -32.90938
-31.72809 -33.28267
-32.41504 -33.26188
-31.97877 -33.23519
-31.57296 -33.24943
-32.13191 -33.92735
-33.24495 -33.73254
-31.47677 -32.2485
-33.1758 -34.53969
-33.51835 -34.37248
-33.60641 -34.42545
-33.71539 -34.71322
-32.75149 -34.00651
-33.04951 -35.42223
-32.81396 -34.49203
-32.77882 -34.40793
-32.85685 -33.81939
-32.1113 -33.71298
-31.23212 -32.62675
-30.88829 -32.26671
-31.44 -32.18122
-29.56573 -31.73834
-29.68665 -31.08538
-29.60917 -30.5433
-28.3122 -30.07539
-29.00594 -30.53421
-28.36703 -29.27083
-26.99893 -28.01868
-28.03514 -28.72759
-28.54162 -30.21346
-28.96979 -30.04898
-29.26799 -30.94896
-29.52895 -31.10368
-30.13679 -30.96709
-30.58113 -32.08959
-30.79467 -31.61939
-30.47825 -30.96274
-29.82789 -31.38829
-30.10092 -31.89266
-30.12748 -31.4745
-30.64652 -31.07244
-29.63195 -30.83585
-29.3331 -30.69717
-28.21702 -29.76357
-29.05207 -30.55794
-28.53802 -30.06074
-29.02511 -30.5888
-30.39537 -31.94625
-30.73708 -31.64791
-30.64456 -32.01575
-30.14116 -31.54532
-30.51697 -31.9547
-31.46865 -32.40989
-30.77534 -31.27886
-30.72985 -32.30297
-31.20015 -32.57186
-31.21356 -32.32011
-30.84682 -32.68695
-31.33645 -32.6384
-32.49658 -33.57183
-31.26953 -33.28355
-30.89179 -33.21215
-32.18515 -33.50787
-33.26317 -34.55496
-33.50534 -34.66149
-34.19939 -34.80118
-33.39767 -35.27393
-34.13015 -36.33368
-35.32272 -36.40541
-35.60176 -37.26915
-35.18697 -36.55738
-34.46363 -36.33902
-34.11477 -35.58464
-35.46277 -36.31099
-35.63221 -36.48753
-35.86832 -36.0994
-34.48004 -35.60908
-34.12429 -35.444
-35.01916 -36.14181
-34.0409 -35.54584
-34.13303 -35.47919
-32.80978 -33.26112
-33.02508 -33.61482
-32.74671 -34.42067
-32.63071 -33.52121
-32.64324 -34.73714
-32.87746 -34.50209
-31.84907 -33.83186
-31.26532 -32.82134
-31.58006 -33.97266
-31.4879 -33.45213
-29.95003 -32.11682
-30.66874 -31.37888
-31.39837 -32.16178
-30.73379 -31.7107
-31.39679 -32.38725
-30.78952 -31.74889
-31.3381 -32.86668
-31.75097 -32.60168
-31.797 -32.6158
-30.89376 -31.86661
-30.61211 -32.39041
-29.91858 -31.81266
-29.61136 -31.18306
-29.00487 -30.2199
-28.51907 -29.3039
-26.9483 -28.50254
-25.61531 -28.22053
-25.53805 -27.78931
-26.26867 -26.79768
-25.26586 -26.37191
-25.41614 -26.2733
-24.16945 -25.68172
-24.37117 -26.04073
-25.44224 -27.049
-26.22009 -27.94441
-25.93018 -27.42904
-25.33356 -26.94889
-25.98122 -27.71232
-26.52903 -27.47828
-26.80618 -27.75355
-26.25755 -27.64207
-27.83257 -28.82097
-27.88566 -28.90896
-28.66213 -29.73667
-28.54616 -30.36664
-28.17548 -30.16742
-28.29278 -29.59503
-27.83128 -29.5973
-28.83458 -30.62775
-28.78195 -30.83486
-27.74541 -28.48964
-27.22981 -28.75184
-27.14869 -28.00803
-28.24691 -28.78833
-27.54686 -28.94099
-28.17853 -29.18558
-27.57836 -28.69022
-26.76468 -28.44508
-26.97033 -28.56561
-26.58371 -28.22299
-26.94145 -27.34164
-27.35286 -28.09946
-26.7446 -28.86283
-26.4141 -28.34643
-26.32527 -27.34073
-26.78631 -28.10243
-26.71795 -28.3766
-25.68577 -28.05066
-26.43503 -27.73514
-24.91725 -27.49851
-25.53829 -26.68198
-25.85157 -27.60905
-26.89658 -28.30538
-27.12125 -28.34663
-26.92925 -28.50188
-27.46216 -29.67927
-27.84115 -29.01166
-28.1266 -29.08459
-28.06628 -28.38881
-26.28426 -27.93414
-26.45613 -27.94922
-25.56211 -26.65024
-26.14539 -27.02737
-24.91668 -26.41617
-25.52973 -27.19073
-24.41869 -24.9583
-24.09702 -25.19288
-22.61942 -24.72252
-23.95972 -25.67225
-24.53388 -25.42386
-24.93176 -26.638
-25.45147 -27.3601
-24.90261 -26.85029
-25.69648 -26.89062
-24.7707 -26.24543
-25.2106 -27.15205
-25.67316 -25.84656
-25.18224 -27.09199
-25.94669 -27.69318
-27.76285 -28.78534
-27.11892 -28.73307
-27.2423 -28.62942
-27.36719 -29.34117
-26.97483 -27.77416
-25.05602 -27.09689
-25.14149 -26.55481
-24.86572 -27.00614
-23.72659 -25.38215
-23.11505 -24.28935
-22.08046 -23.47837
-21.79606 -23.63739
-22.31259 -23.81763
-22.55336 -23.20414
-22.76317 -24.0517
-22.7352 -23.82261
-21.47496 -21.67345
-21.61253 -22.50212
-22.70988 -23.13876
-22.55871 -23.60523
-22.54559 -24.39582
-22.76605 -25.00195
-24.15698 -26.0618
-24.43265 -25.39178
-22.80795 -24.50106
-22.75715 -23.3534
-21.74079 -22.28931
-20.73568 -22.45737
-21.2584 -22.61099
-20.7706 -22.68216
-21.44099 -22.30787
-21.48747 -22.74453
-20.22913 -21.32232
-20.76954 -22.10299
-20.85889 -22.02352
-20.75122 -21.87678
-21.29825 -23.03617
-21.90312 -23.23765
-21.23422 -23.21493
-22.59608 -23.9027
-22.2218 -23.89276
-23.53732 -24.8935
-23.32622 -25.02779
-23.57633 -24.99517
-24.08649 -25.20709
-24.03399 -24.83186
-23.46078 -24.86605
-23.3728 -24.77557
-23.36917 -24.58978
-23.63404 -24.7104
-23.7421 -24.75654
-24.01817 -25.31213
-23.92574 -25.1134
-22.26751 -24.75009
-22.23308 -24.39464
-24.74611 -25.60868
-23.28787 -25.09145
-23.83066 -25.21708
-23.49883 -25.22722
-25.91357 -26.67365
-25.84723 -26.74892
-25.3012 -26.74101
-25.75796 -27.29099
-24.23492 -26.0627
-23.68768 -24.97412
-24.54189 -25.63087
-23.93175 -25.61458
-23.86663 -25.07131
-23.06654 -24.83205
-22.28768 -24.74999
-22.56519 -23.69875
-22.24079 -22.75841
-21.92424 -22.97155
-20.98861 -21.98505
-21.04092 -23.57487
-22.83138 -23.56187
-21.12787 -23.74258
-22.00001 -22.87761
-22.71657 -23.78979
-22.47108 -23.67509
-22.31394 -23.59225
-22.52273 -23.79502
-22.55122 -22.9964
-22.6119 -23.93137
-23.66209 -23.33162
-22.36587 -23.39395
-21.80081 -23.90824
-24.07991 -23.79222
-23.67982 -25.05502
-22.67696 -23.45929
-22.54903 -24.0548
-21.89948 -23.04589
-22.10159 -24.82883
-23.27668 -24.40157
-23.62879 -24.8195
-23.13879 -23.75508
-22.11711 -23.96881
-22.41518 -23.33463
-22.49525 -23.66905
-22.43499 -23.574
-20.61923 -22.88152
-20.27967 -21.26975
-20.18916 -21.17877
-18.98122 -20.55146
-18.9983 -20.20633
-18.85571 -20.17184
-17.181 -19.70144
-16.67578 -17.13308
-15.72233 -17.35942
-15.87387 -18.22781
-16.81002 -18.70081
-17.83167 -18.83468
-17.64642 -19.36905
-17.0588 -17.88234
-16.44927 -18.54263
-17.63612 -19.54779
-17.68391 -18.91461
-16.66151 -18.72699
-16.79193 -17.30102
-15.59535 -16.98825
-15.73293 -16.03053
-15.43442 -16.41015
-15.28759 -15.48977
-14.75788 -15.80223
-16.31135 -17.07875
-16.57761 -17.1066
-14.50623 -15.92507
-14.12011 -16.36524
-14.17243 -16.37483
-14.58428 -15.60255
-14.18693 -15.61117
-13.22728 -15.2402
-12.54542 -14.84018
-13.48512 -14.61975
-13.44427 -14.56302
-12.93426 -15.24362
-13.71159 -15.57325
-12.70542 -14.5206
-12.30724 -13.98733
-11.88979 -13.21068
-11.88878 -13.63348
-11.32613 -12.66618
-9.719541 -11.53942
-9.281788 -11.27658
-9.751555 -10.85384
-9.667907 -11.72189
-9.496453 -12.30274
-12.01139 -12.71336
-13.06817 -13.84496
-13.30109 -14.98093
-14.20147 -16.03961
-14.74306 -16.67276
-13.54439 -15.45061
-13.0451 -14.80921
-15.30633 -16.5951
-15.10254 -16.20676
-15.29616 -17.29532
-14.04145 -15.77805
-12.73685 -13.83954
-12.38872 -14.28914
-12.53951 -13.81963
-13.30296 -13.92705
-13.15495 -14.55836
-12.55464 -13.55454
-12.30892 -13.50126
-12.02558 -13.58541
-12.22645 -13.29816
-13.4122 -14.65617
-13.44885 -14.70937
-13.59681 -15.37012
-13.28744 -14.93329
-13.54421 -14.95833
-13.00773 -14.45547
-13.96369 -15.36904
-14.7408 -15.18694
-14.74422 -15.86206
-14.07383 -16.17998
-12.36832 -14.02657
-12.02426 -13.45717
-11.69027 -12.8732
-11.26445 -12.88951
-11.64773 -12.49044
-10.73059 -12.27955
-11.16642 -12.95062
-10.03129 -10.84048
-8.902529 -10.9264
-8.651094 -9.329705
-7.796617 -9.727716
-7.714282 -9.345573
-7.035765 -7.822328
-6.823299 -8.492944
-8.939031 -9.896133
-8.254605 -9.426613
-7.030745 -8.142066
-6.443716 -8.295084
-6.863014 -8.052691
-7.344669 -8.965923
-8.128467 -10.35671
-8.498514 -9.251279
-9.121037 -10.53644
-10.18941 -12.39914
-9.866159 -11.9102
-9.298165 -11.6714
-10.6189 -11.56573
-10.00844 -11.38941
-8.43746 -9.30052
-8.9379 -10.18709
-7.069141 -8.341264
-7.540293 -8.950915
-8.533531 -10.59641
-9.475481 -10.37515
-9.367646 -10.61139
-9.891459 -10.03186
-9.110534 -10.32193
-10.4462 -11.97172
-11.13366 -12.29421
-12.43947 -13.90808
-13.25895 -14.5505
-12.21479 -14.59428
-13.65911 -14.96095
-13.71912 -15.16307
-13.39967 -14.85777
-12.94068 -14.26347
-12.19775 -14.61851
-12.82543 -14.12044
-13.44192 -14.96805
-14.61027 -15.749
-14.7458 -15.6767
-14.27042 -15.19051
-13.68337 -15.91608
-15.26872 -16.8535
-16.13936 -17.55664
-16.47806 -17.74904
-16.21178 -17.66605
-15.84241 -16.95254
-15.58846 -17.34434
-16.47798 -17.12416
-16.04068 -17.63116
-14.93151 -17.268
-15.09044 -15.8851
-15.12774 -15.47083
-15.56685 -16.25388
-15.1559 -16.49512
-16.70436 -17.4004
-16.90864 -18.6243
-16.7934 -18.3019
-16.69615 -18.25943
-17.0409 -18.87768
-17.18902 -19.09087
-17.35072 -18.27154
-17.32681 -19.31798
-17.96441 -18.86431
-17.97783 -20.0637
-19.26462 -20.92752
-18.60748 -20.8328
-18.95991 -20.70892
-19.0784 -20.31107
-19.80826 -21.16707
-20.5928 -22.0505
-20.24417 -21.80682
-20.57333 -22.24604
-19.00329 -21.41589
-18.28755 -20.2597
-19.08872 -20.30337
-19.11139 -21.39664
-19.56625 -21.30267
-18.88462 -19.46306
-18.58028 -19.70456
-18.69764 -21.0715
-20.1255 -20.95895
-20.93034 -21.94499
-21.46043 -23.08102
-22.10551 -23.81321
-21.81573 -23.29787
-21.35684 -22.80672
-21.74778 -23.64284
-22.68472 -23.23531
-22.21167 -24.19259
-22.12834 -23.24315
-23.24979 -24.01066
-21.71632 -23.34786
-21.42919 -22.74811
-21.97291 -22.80802
-21.46154 -23.25947
-22.65881 -24.5855
-22.68362 -24.53148
-23.46587 -24.24862
-22.32093 -24.59641
-22.34862 -24.82366
-22.57387 -24.3823
-23.10834 -24.34269
-23.16272 -24.89837
-22.50208 -23.86944
-24.35444 -25.52582
-24.177 -25.23297
-24.8881 -26.18473
-25.51087 -26.65553
-25.43634 -27.08273
-26.51227 -27.44679
-26.45493 -27.9029
-25.59951 -27.72183
-25.84141 -26.90698
-26.70975 -28.48064
-25.61138 -27.2483
-25.19411 -27.43784
-25.7969 -27.38623
-24.89601 -27.00348
-25.31273 -26.10698
-24.42232 -25.27696
-22.46316 -24.23816
-20.40611 -22.29232
-20.29075 -21.53886
-19.99769 -20.7349
-20.07501 -20.71325
-20.54406 -21.81262
-19.65651 -21.81028
-19.71019 -20.44895
-19.83682 -20.9344
-20.02212 -21.16698
-19.6829 -20.93476
-20.164 -21.78348
-22.06706 -23.41665
-21.22275 -22.85183
-20.82519 -22.12666
-22.19694 -22.8969
-21.89681 -22.86803
-21.89581 -23.62228
-21.95811 -23.78679
-21.54119 -23.41893
-22.22404 -23.67061
-21.7269 -23.13233
-22.62569 -23.41654
-23.33804 -25.46098
-23.04701 -24.13686
-21.42062 -23.19092
-20.60884 -21.17757
-20.16498 -22.13437
-20.82128 -22.06293
-21.37192 -21.09941
-20.37759 -21.36406
-20.92849 -22.38254
-21.02627 -22.43105
-21.10528 -22.13421
-20.32793 -21.90103
-20.79974 -21.79305
-20.7593 -22.05791
-20.14984 -22.05279
-19.05606 -20.61824
-20.15063 -22.18421
-20.29394 -21.69678
-20.86479 -22.4359
-20.78021 -22.15314
-21.13454 -22.24858
-22.08953 -23.38639
-21.07808 -22.67629
-22.58666 -24.2025
-20.39371 -22.3544
-22.02465 -23.0806
-22.25566 -23.80962
-20.94662 -23.65727
-21.1571 -23.04458
-22.15348 -23.26856
-20.91492 -22.0989
-21.22147 -21.84982
-22.15564 -22.87546
-20.54404 -22.34317
-19.61981 -21.54223
-18.55354 -19.64534
-17.64216 -19.53367
-17.37659 -17.79528
-16.37857 -17.94992
-16.0828 -18.08524
-16.35157 -17.4814
-17.71173 -18.92311
-18.03607 -19.15863
-18.11111 -20.2289
-18.57416 -19.43298
-17.73664 -18.95169
-17.87788 -19.16623
-18.63797 -19.58696
-18.15706 -20.10699
-17.90734 -19.36523
-17.86581 -19.12004
-17.34072 -18.45151
-17.51945 -18.64614
-17.23629 -18.0209
-16.16403 -18.1964
-17.29752 -18.68561
-17.27601 -18.08216
-16.60533 -18.46527
-17.01077 -19.23752
-18.19505 -19.536
-17.56608 -19.22678
-17.88138 -19.29673
-17.43568 -18.72042
-18.6484 -19.50034
-18.5047 -19.5568
-19.75877 -21.57501
-20.44295 -22.05461
-20.40671 -21.54415
-19.89399 -21.38872
-19.13931 -20.85237
-18.91476 -20.10711
-16.94937 -18.22518
-16.18032 -17.1002
-16.06173 -17.33075
-16.5057 -18.37296
-17.39621 -19.48907
-16.89272 -18.19631
-15.91771 -17.50391
-16.13381 -18.15003
-15.00401 -17.66335
-15.35846 -16.38713
-14.93551 -16.86903
-15.92548 -17.30349
-15.38998 -16.79751
-15.41766 -17.16488
-15.58308 -17.20776
-15.83235 -17.36327
-16.59514 -18.11777
-16.68531 -17.47887
-16.1775 -17.00017
-17.08172 -18.15011
-18.01687 -19.28225
-17.04498 -18.48499
-16.57151 -18.9325
-16.40367 -17.9462
-15.52791 -17.11541
-16.01928 -17.06872
-15.60593 -17.10573
-16.64295 -17.96843
-16.34356 -17.80982
-16.13235 -17.54459
-16.11865 -18.36075
-16.06692 -17.09944
-16.29811 -16.99695
-15.99171 -16.60112
-15.22294 -16.53249
-13.50087 -14.83449
-14.07036 -15.20836
-14.59769 -15.81362
-14.37855 -15.92853
-14.86309 -16.78522
-15.83277 -16.67915
-15.75024 -17.08399
-15.63944 -16.9572
-16.14025 -18.69089
-16.69291 -17.61911
-16.83357 -18.57509
-18.46407 -20.31078
-18.67082 -20.39526
-17.55933 -19.69883
-17.8323 -18.38682
-18.4021 -19.95145
-16.86102 -18.44253
-17.12187 -17.97732
-17.79535 -19.33547
-17.38925 -19.24328
-16.81127 -18.22101
-15.26363 -16.92288
-15.554 -17.28258
-16.52783 -18.05327
-16.91965 -18.68165
-17.32424 -18.65189
-18.61039 -20.0081
-17.90287 -19.99452
-18.13724 -18.91985
-18.8674 -20.39333
-19.67973 -20.82809
-19.67581 -20.98878
-20.78837 -21.90463
-19.30084 -21.43885
-19.11848 -20.59858
-18.7815 -21.05597
-19.47123 -20.95743
-19.42988 -21.3834
-19.90839 -21.13508
-19.38196 -20.60614
-19.60837 -20.8303
-19.00394 -19.80364
-20.01499 -20.79646
-19.41553 -21.17399
-18.40355 -20.27012
-19.21465 -20.82619
-18.52139 -19.39592
-16.95114 -17.95608
-16.94946 -18.68047
-16.24232 -18.38755
-16.68174 -17.72403
-17.07 -18.62159
-17.4688 -18.87991
-17.76553 -18.59583
-17.53828 -18.11761
-16.72975 -17.40797
-15.12376 -16.83554
-16.57488 -17.55746
-15.52932 -17.12416
-16.16871 -16.95856
-16.32584 -17.31662
-16.76203 -17.23252
-16.50066 -17.41283
-16.9076 -18.09337
-16.54055 -18.21926
-18.1677 -19.90826
-18.5048 -20.20297
-18.78854 -20.10312
-19.08396 -20.24802
-19.94728 -20.95781
-20.17575 -20.70538
-20.87132 -21.70881
-19.44386 -21.11521
-18.63527 -19.77773
-19.23787 -20.84833
-19.91794 -21.43869
-19.94549 -21.2515
-19.80747 -21.13062
-20.59049 -22.7758
-22.00679 -22.9334
-21.04403 -22.5835
-21.96252 -23.17513
-20.44258 -21.66355
-19.99461 -21.23722
-20.85581 -22.06992
-18.60924 -21.03398
-18.04009 -19.52748
-17.32052 -20.89532
-17.72549 -18.26349
-17.85807 -18.98676
-16.48466 -18.23528
-16.37658 -17.84248
-16.63302 -17.16191
-16.39186 -17.58466
-16.62035 -18.13302
-17.78121 -19.09904
-18.4954 -19.0234
-18.6499 -19.95558
-19.30202 -20.74837
-19.25423 -21.09157
-19.35764 -20.61857
-18.70636 -20.78561
-18.7843 -20.75129
-19.57285 -20.88604
-19.1045 -21.16239
-18.57562 -20.28726
-18.98397 -19.21466
-18.27899 -19.3189
-17.85292 -19.67657
-17.19829 -18.83925
-16.8994 -18.97981
-17.57313 -18.46507
-17.49324 -19.25831
-16.94607 -18.51142
-16.59977 -17.29847
-16.34791 -18.29948
-18.03632 -19.087
-18.49717 -20.58524
-18.34758 -18.86555
-17.88146 -19.21742
-17.17316 -18.29605
-16.69381 -18.31626
-16.61903 -18.55355
-18.00718 -19.19333
-18.86908 -19.98229
-17.76879 -19.82373
-17.68773 -19.25557
-15.64276 -17.64727
-15.71884 -17.69675
-15.97367 -16.93824
-17.08536 -18.68416
-17.81195 -19.39266
-17.2728 -18.84579
-17.97365 -19.84161
-18.19174 -20.05162
-16.85061 -18.43321
-16.59514 -17.68172
-15.95827 -17.79871
-16.21847 -18.29724
-17.00661 -18.55943
-17.61631 -19.14042
-16.87186 -18.23769
-17.00396 -18.00215
-16.57303 -18.05887
-16.67256 -19.22468
-17.50381 -18.8827
-18.63362 -19.72626
-19.20526 -20.28176
-18.36584 -19.86172
-18.83344 -20.43839
-19.08621 -21.12509
-19.60175 -21.24048
-18.50742 -20.33103
-17.04232 -17.87225
-16.9925 -18.17699
-16.62719 -18.4905
-15.65308 -17.38176
-16.51108 -17.72689
-16.53837 -17.19161
-16.58116 -17.44228
-16.55486 -18.31647
-15.88734 -16.65922
-16.03021 -17.46699
-17.35436 -18.69087
-17.45472 -19.0991
-17.48574 -18.95961
-16.43409 -18.04939
-17.20878 -18.58406
-16.8336 -18.97235
-15.81999 -17.83125
-16.45693 -18.54358
-16.89246 -18.78383
-18.1087 -18.50931
-17.7442 -19.06313
-17.19151 -19.10953
-18.22497 -20.17635
-18.13066 -19.343
-17.66823 -19.09891
-18.86723 -19.22234
-18.83079 -19.34613
-17.56443 -19.4113
-18.11072 -18.84082
-18.3785 -19.85512
-19.01953 -20.27315
-18.17654 -19.61542
-18.27284 -19.96592
-17.50853 -19.06554
-18.64226 -20.22303
-18.36524 -20.06675
-20.12418 -21.48376
-18.92933 -21.29889
-18.61323 -20.56424
-20.00905 -20.55021
-20.18372 -21.48669
-20.00319 -21.59989
-20.43822 -21.50322
-20.08494 -21.65675
-21.44336 -21.88969
-20.06907 -21.48197
-19.54395 -21.92724
-19.71395 -20.60724
-18.81147 -20.46927
-18.96563 -19.97191
-18.55864 -19.51459
-18.21535 -19.82369
-18.09405 -19.22024
-18.79298 -21.33418
-18.2136 -19.79615
-18.85289 -20.5813
-19.29979 -20.37363
-18.00639 -19.57093
-19.4353 -21.17803
-19.13219 -21.09631
-19.86477 -20.11392
-17.66476 -19.7709
-16.91046 -18.58163
-17.24408 -18.15604
-15.88432 -16.86839
-15.08878 -16.36041
-13.47197 -15.14098
-12.40726 -13.53115
-12.93014 -13.26379
-12.6316 -13.69264
-11.90924 -13.2692
-10.80003 -11.956
-11.06601 -12.02153
-10.01648 -11.92145
-9.828025 -11.32367
-9.425235 -10.8535
-10.18582 -11.28028
-11.10246 -12.60647
-10.32782 -12.39442
-10.98315 -12.04675
-10.91471 -12.37819
-10.99596 -13.28738
-12.16904 -13.50229
-11.61438 -12.63445
-11.57876 -13.43622
-13.51558 -14.96854
-12.90207 -14.15289
-12.50348 -14.66043
-13.18572 -13.39861
-11.55087 -12.97952
-13.0017 -13.93575
-12.79738 -13.66884
-13.27724 -14.80846
-11.38636 -13.574
-13.06445 -14.01687
-11.4446 -12.81697
-10.13327 -11.72952
-11.53494 -13.11398
-10.87042 -12.18148
-11.88128 -13.17664
-12.623 -14.31628
-12.46447 -14.53978
-12.36375 -13.85114
-12.99085 -13.77639
-12.06379 -12.97965
-11.07683 -11.98318
-10.73525 -12.92528
-10.93395 -12.59427
-8.809125 -10.53645
-8.447518 -9.780969
-8.639701 -10.18707
-8.93821 -9.952275
-9.373831 -9.977061
-8.213328 -9.424711
-8.193062 -9.197398
-7.378475 -8.567493
-7.058354 -8.330432
-6.761534 -8.016499
-7.849914 -9.660808
-6.99703 -9.249807
-7.857064 -8.940355
-7.527764 -8.689652
-8.045938 -8.6705
-8.428372 -9.896198
-8.494262 -10.24367
-8.057598 -8.85778
-9.574188 -10.84662
-10.20864 -10.97703
-9.476412 -11.10287
-10.2241 -12.10972
-11.5958 -12.60516
-11.76 -13.25086
-11.35716 -13.19677
-10.95429 -12.14214
-11.90418 -13.16669
-11.9708 -13.16938
-11.7009 -13.4296
-12.30237 -14.20637
-11.07884 -13.41979
-12.31831 -13.07796
-11.88357 -12.91618
-10.96248 -12.28961
-10.35027 -11.16372
-10.30215 -11.67464
-10.62115 -11.90378
-10.25001 -12.38164
-9.4956 -10.24848
-8.544139 -10.99149
-7.875291 -9.609895
-8.823934 -9.982938
-9.376735 -10.59531
-7.348529 -8.476785
-5.579187 -7.672596
-6.348349 -7.812437
-6.243094 -7.902899
-6.744845 -7.606233
-7.468664 -8.733178
-7.384422 -9.637991
-7.364181 -8.906921
-8.635138 -9.702962
-9.630154 -9.975829
-9.412697 -10.38703
-8.923158 -9.903747
-8.475493 -9.748076
-8.375684 -9.299123
-8.028818 -9.800969
-7.544066 -8.181907
-6.915167 -8.50688
-7.200936 -8.678475
-7.106791 -8.98449
-6.486857 -7.799745
-5.514427 -6.904631
-6.078549 -7.385374
-5.890962 -7.459761
-4.904318 -6.359122
-6.305733 -7.142965
-5.624252 -7.509677
-6.178954 -6.90057
-5.534293 -6.806322
-4.888262 -6.041798
-4.020089 -5.334726
-5.046566 -6.119924
-3.270231 -5.009921
-2.931783 -3.956577
-3.217557 -4.008326
-3.190348 -4.14826
-4.415322 -5.659101
-4.935733 -7.004225
-5.829608 -6.827533
-7.715928 -8.502231
-7.774557 -9.314003
-7.324655 -9.10543
-6.895511 -8.329926
-6.122537 -8.099767
-7.940513 -9.138933
-9.058296 -10.22976
-8.188355 -9.406481
-8.093672 -9.075739
-8.186172 -9.415937
-6.349674 -7.524434
-6.243482 -7.665052
-4.874931 -7.065217
-6.518343 -8.260632
-6.490394 -7.251183
-6.11098 -7.866901
-5.789094 -6.951106
-6.319083 -7.196988
-5.715999 -6.991797
-3.923405 -5.721821
-4.008083 -5.39507
-3.508065 -5.063457
-3.35624 -5.097476
-2.124007 -3.993916
-1.057834 -2.561058
-1.205991 -2.47097
0.2699345 -2.295888
-0.4932027 -1.536487
0.2630148 -0.7180252
1.007314 0.01203083
1.297463 0.3357221
1.952975 0.4320895
2.037252 0.4135177
0.5136905 -0.694118
0.9316352 -0.08269308
0.7116619 -0.5018986
-0.09794063 -1.919523
-0.03833989 -1.168789
-0.9933352 -1.420683
-1.470272 -2.435666
-0.7096408 -1.655017
-0.6559283 -1.70015
-1.186677 -2.690105
-0.8205313 -2.63802
-1.997611 -2.186706
-1.462687 -3.365751
-0.7279196 -2.415265
-0.3341482 -2.283045
-0.1687162 -2.125177
0.1637771 -0.4161129
-0.06155769 -1.175528
-0.03840718 -0.9291966
0.2708037 -0.9554625
0.1381614 -0.5198551
-0.01164738 -0.9199148
-0.1841282 -1.241589
0.8851285 -0.223243
1.23585 0.8821744
1.402384 -0.6040425
1.623063 -0.7544282
1.185976 -0.8253194
0.618902 -0.1747397
-0.5206598 -1.435718
-0.1359014 -0.6710123
0.3237098 -0.4801099
1.997064 0.3227018
2.936622 1.068833
1.682741 -0.3241379
2.279135 0.5732216
1.774075 -0.2389299
1.357256 0.2547954
3.311792 1.274346
3.206137 1.45351
2.842183 1.635911
4.391824 2.646205
2.99998 2.129513
2.985776 1.200738
2.187238 1.335221
3.305183 1.540262
2.430508 1.664151
3.31478 1.390326
2.214428 0.7586053
2.073446 0.99871
2.370279 0.9283179
2.778683 1.202472
2.21103 1.84085
2.502573 0.4847409
2.84327 1.605468
2.27598 0.7924318
2.608972 1.04453
2.326109 1.187442
2.927155 1.698769
3.19637 2.031795
4.226034 2.402726
4.217385 1.741577
3.954919 2.519295
4.106872 3.214351
3.956754 3.54978
4.903881 3.239277
5.525211 3.633839
5.181115 3.528269
3.359195 1.694113
3.585155 1.77981
3.005532 1.75867
2.205934 0.9018304
1.373781 -0.3953239
1.360325 0.003578025
1.015361 -0.09578304
-0.5466446 -0.8993104
-0.4887801 -1.485574
-0.3289388 -2.026027
-1.315116 -3.070613
-2.038815 -3.415474
-1.791976 -3.404132
-3.040655 -4.606781
-3.120548 -5.501241
-3.366522 -4.320333
-3.536175 -4.918642
-5.432491 -6.098053
-4.093895 -5.392221
-3.545725 -4.976903
-3.739755 -5.517577
-3.604364 -4.674038
-2.367815 -4.163596
-3.219444 -4.976589
-3.207644 -4.735579
-3.617412 -4.818095
-4.069221 -5.8048
-3.755184 -4.972377
-3.486185 -4.994023
-2.044449 -4.206826
-2.402829 -4.056682
-1.85501 -3.559992
-2.193132 -2.781688
-0.6390843 -1.80653
-1.134425 -2.183621
-1.902025 -2.908917
-1.450939 -1.462842
-1.766381 -3.554701
-2.285911 -3.536632
-3.565947 -4.70335
-3.715076 -4.959934
-3.03893 -4.274701
-2.210041 -3.577736
-1.585869 -3.095975
-0.9519921 -2.511121
-0.9720093 -2.660513
-1.499909 -2.640406
-1.090302 -1.846812
-0.340362 -2.310653
0.5459484 -0.4307398
2.581124 0.01815724
2.489738 0.9929057
1.899992 1.410075
2.101744 1.080482
-0.100212 -0.9692081
0.2913757 -1.866343
-0.5954731 -1.730858
0.8522074 -1.004401
1.643365 -0.1579149
1.631187 0.155229
1.27784 -0.1252617
1.759007 0.1547661
0.1276166 -0.9894934
0.5555752 -1.411693
-0.6868425 -2.010832
-0.3119109 -2.543421
-0.2823477 -1.426498
0.3350052 -0.7634186
1.426279 0.05634951
1.925836 0.5002501
2.057277 0.2145985
2.159399 1.287545
1.026239 -0.2021244
-0.1334453 -1.35878
-0.5073648 -1.754075
-1.184047 -2.594353
-1.182526 -3.101493
-1.04134 -1.907565
0.3147765 -1.76594
-0.2560954 -1.515697
-0.7788853 -2.464674
-1.39871 -2.959279
-1.821852 -3.738858
-1.717344 -3.484235
-0.8109573 -1.662858
0.234186 -1.081717
0.3192691 -1.261437
1.143941 0.08219733
2.442343 0.8253179
2.857529 2.118062
3.217373 0.785974
2.869197 1.115247
2.592994 1.062704
3.525705 2.288224
2.9231 1.543971
3.859552 1.908244
3.447602 1.106098
2.557412 0.7784637
0.8053456 -0.4365852
0.3501706 -0.2972516
0.1533376 -1.51494
-0.2834251 -1.518075
-0.4061215 -1.75493
-1.33788 -2.856225
0.4295504 -1.11318
-0.2886536 -1.153354
-0.4313412 -2.339901
-1.748437 -2.500978
-0.3308869 -0.7752548
-0.7864109 -2.000746
0.1571185 -1.776001
-0.9056741 -1.997929
-0.4782557 -1.746974
-0.1770347 -1.369533
0.6120224 -0.8114451
0.8878581 -0.6159391
1.237302 0.2786553
0.2045847 -0.8202016
-0.05723101 -0.9025822
-0.3407114 -1.329181
0.04826375 -1.452265
-0.3432734 -1.503413
-1.680737 -3.753112
-2.249168 -3.424486
-1.108508 -2.192679
0.05765704 -1.145687
0.3974493 -0.5914161
1.204767 -0.7654758
1.435295 0.6226331
2.253162 1.578612
3.372781 1.680965
2.672214 2.127311
4.190243 1.851218
3.572046 1.272777
1.287161 1.010531
1.363087 0.2107481
1.438616 -0.2491845
0.004850647 -1.208049
1.87701 0.1239178
1.709048 1.097235
2.894748 1.18276
2.053852 1.242921
2.067756 1.237085
2.170569 0.8822642
0.9661572 -0.1716958
0.3945126 -0.8655376
1.610388 0.155075
3.394157 1.389261
1.579711 0.4451602
3.259079 0.5613265
1.548857 0.3287137
1.021154 -0.7661724
0.1758246 -0.5059428
3.199862 0.6016212
1.963193 0.6300124
3.074283 1.699545
3.434388 2.841315
2.515034 1.428183
1.553219 0.9907544
2.768032 0.2184803
1.184106 -0.3915267
-0.1130302 -1.945148
-0.3023237 -1.214928
0.04881654 -1.251523
0.7043162 -1.136032
0.5625779 -1.25347
-0.5493669 -1.513399
-1.036021 -2.696102
-0.9677634 -1.296968
-0.9586565 -2.300137
-1.094366 -1.953055
-2.261815 -3.357234
-0.900399 -1.720367
-0.02872829 -2.203128
-0.3573753 -1.838763
-0.2948319 -2.152869
-0.3411818 -2.620382
-1.617625 -2.374497
-1.674924 -3.22651
-2.799806 -3.664099
-1.94069 -3.259415
-2.077952 -3.191726
-3.579407 -4.891424
-4.135281 -5.516605
-3.097621 -4.64863
-3.283468 -4.217187
-3.867532 -4.182648
-2.963526 -4.350849
-3.020833 -5.027384
-3.306321 -4.662016
-2.429651 -3.630853
-3.14801 -4.081952
-2.024698 -4.596429
-4.039659 -4.785339
-3.751162 -5.234734
-3.665144 -5.860783
-4.116766 -5.856386
-4.116013 -5.734989
-4.190176 -5.633396
-4.022091 -5.848008
-4.346317 -5.296534
-3.364153 -5.125894
-3.233353 -4.987857
-4.027437 -5.013705
-3.191872 -4.205815
-3.606632 -4.468358
-2.426244 -4.338074
-1.828231 -2.957602
-1.074192 -2.29598
-0.3084741 -1.453302
-0.133117 -1.6003
-0.7474631 -2.205003
-0.9704303 -2.303804
-0.959374 -2.322538
-0.9806919 -2.718907
-1.258314 -3.022934
-1.83089 -3.631529
-2.926532 -4.050759
-3.288481 -4.167301
-3.336376 -4.03898
-2.172055 -4.564537
-3.001115 -4.350259
-3.089914 -4.690266
-3.677477 -4.731566
-4.080503 -5.844076
-5.356096 -6.065822
-4.52443 -6.056413
-4.269139 -4.853983
-4.46124 -5.875101
-5.438501 -6.443435
-5.346911 -7.343972
-5.376826 -5.619614
-5.748695 -7.100712
-7.460075 -8.66626
-7.54373 -8.750629
-7.204307 -8.489745
-6.04495 -7.469448
-6.79417 -8.284995
-8.873084 -9.470124
-8.221728 -10.25674
-8.670415 -9.320903
-8.359771 -9.285346
-8.095401 -9.551436
-8.391823 -9.671391
-8.043738 -9.507866
-8.886224 -9.289668
-6.808245 -8.711271
-7.088549 -9.412452
-6.441654 -7.961052
-5.707573 -6.860903
-4.706912 -6.58326
-5.424935 -6.70429
-5.461883 -6.230229
-4.277524 -5.953969
-2.765687 -4.246229
-2.248914 -4.200185
-1.831546 -3.491774
-2.667101 -3.251421
-2.998612 -4.555437
-2.815234 -4.852987
-3.765121 -4.239877
-2.934278 -4.376933
-3.449854 -4.268326
-2.379264 -4.202638
-2.87827 -3.114332
-2.190565 -2.234197
-1.379621 -2.940487
-2.135947 -2.575161
-2.462977 -3.226968
-2.271825 -3.434454
-2.668083 -3.644782
-2.382781 -3.747629
-1.599731 -3.067401
-1.102457 -2.117136
-0.5820246 -1.680247
-0.1954863 -1.706494
0.4265798 -1.132353
0.9709061 -0.1193677
0.06472587 -1.486197
-0.1117178 -1.376315
-0.1128837 -1.064456
-2.045017 -2.925824
-0.7292542 -2.588237
-1.298988 -2.31478
-2.47965 -2.935663
-0.1441842 -2.029326
-1.19565 -1.762255
-0.607664 -2.791198
-0.8411464 -1.422572
-1.510753 -2.070452
0.1368915 -1.451913
0.1402452 -1.568764
0.4215653 -0.1516058
1.254413 -0.2455658
1.614215 0.2412783
0.9384458 -0.7106197
0.06734206 -1.766242
-0.7597809 -1.606638
-0.9963635 -2.126951
-0.9433776 -2.470242
-1.034682 -2.185525
-0.6441949 -1.872194
-0.6756592 -1.223842
-0.07521867 -1.698553
-1.097258 -2.726088
-0.2625053 -1.795989
0.2275207 -2.131909
-0.5134092 -1.832209
-1.070702 -3.126079
0.6924081 -1.775435
-0.6968892 -1.117261
-0.3387992 -2.302033
0.05669022 -1.156252
-0.455443 -1.605421
-1.154718 -1.872625
-1.544486 -1.991439
-2.138728 -2.659603
-1.80532 -2.867188
-2.516395 -3.478162
-1.622443 -3.115629
-0.8385928 -2.448848
-2.05725 -2.959823
-2.542742 -3.621324
-2.239252 -3.690326
-1.426106 -2.950389
-1.445815 -2.994472
-0.8171904 -3.36115
-1.162201 -2.560847
1.445805 -0.6721296
1.337196 -0.04815755
0.9570692 -0.1989518
1.046843 -0.802683
0.9063212 -0.3627971
0.7294903 -0.6344337
1.456215 -0.7268357
0.5326369 -0.7884866
0.4243008 -0.8183394
1.702118 0.3621174
1.481943 -0.8485215
0.5819406 -1.437942
0.4268667 -0.8254371
-0.7485897 -1.819362
-0.6243267 -2.873423
-1.146045 -3.182467
-1.973213 -4.684105
-2.324387 -3.4502
-3.736615 -4.476577
-4.781438 -5.915543
-5.762933 -6.537617
-4.880387 -6.356645
-4.658406 -6.342674
-5.680246 -6.602497
-6.484005 -6.964294
-5.424041 -6.924301
-3.761154 -5.703598
-4.045325 -4.956472
-3.617244 -5.535998
-2.956254 -4.970511
