factor(envID)17 factor(envID)18
0.03914376 0.01166332
0.03015851 0.02856137
-0.0108268 -0.008202035
-0.001490063 -0.02709381
0.003496915 -0.007404764
-0.007884367 -0.03744689
-0.03910978 -0.04461266
-0.03105657 -0.05683211
-0.05204859 -0.05296747
-0.0422875 -0.06007431
-0.02164105 -0.05736698
0.006601806 -0.02619503
-0.005765802 -0.0286059
0.01051704 -0.008070358
0.0216321 -0.01418592
0.001117322 -0.02973076
0.01039461 -0.0185597
0.006488639 -0.0005775402
0.01137638 -0.0307817
0.009922492 0.0192074
0.04945362 0.01558699
0.05884669 0.04836209
0.0742717 0.05996396
0.0605179 0.04529286
0.1145627 0.07893604
0.1247976 0.1042111
0.1666947 0.1352349
0.158739 0.1233359
0.1280016 0.1032395
0.1501842 0.1242733
0.2058903 0.1665482
0.1882206 0.1645863
0.1815745 0.1601671
0.2408035 0.217709
0.2711205 0.2481612
0.2735129 0.2196376
0.3063308 0.2647079
0.277637 0.25958
0.293963 0.2449508
0.2668452 0.2358957
0.2669152 0.2383037
0.2643542 0.2488697
0.2544194 0.2218833
0.2823432 0.2448087
0.2971483 0.2566376
0.2912144 0.278368
0.2669193 0.2562548
0.2880091 0.246213
0.2916473 0.2723543
0.3110781 0.2788362
0.2666713 0.2597794
0.2525923 0.2297259
0.2392047 0.1999836
0.2475867 0.2519861
0.2729728 0.2546028
0.2735384 0.2524511
0.307798 0.27268
0.2717357 0.2676766
0.2665782 0.2666118
0.3003421 0.2673181
0.3328879 0.3203314
0.3367026 0.3367121
0.3546741 0.3476911
0.3615081 0.339162
0.3507067 0.3304976
0.3365974 0.3166059
0.326163 0.3034668
0.2864891 0.2288281
0.2652783 0.241059
0.2677728 0.2459658
0.2375843 0.2251717
0.2237562 0.2042564
0.2433185 0.2130181
0.2016883 0.2104373
0.2486723 0.2131385
0.267293 0.2677434
0.2157462 0.2312543
0.2010784 0.194682
0.1732483 0.1431491
0.170184 0.1587052
0.2013591 0.1944573
0.2074175 0.2019518
0.2072212 0.1934772
0.2006247 0.1909667
0.2110692 0.1848338
0.2089336 0.1807908
0.2080915 0.1972737
0.1561404 0.1324043
0.1940563 0.1581738
0.2054861 0.1834232
0.2219277 0.210163
0.2107694 0.1737042
0.2364746 0.1919049
0.2168984 0.2064583
0.1901006 0.1824464
0.2207458 0.2235453
0.2504508 0.2201071
0.2567291 0.250302
0.2376249 0.2315821
0.2497413 0.2331744
0.2876777 0.2281248
0.2831768 0.2339465
0.2267635 0.2204393
0.1907872 0.1580079
0.1866286 0.1640086
0.1996765 0.1774731
0.226151 0.1989541
0.213349 0.1869466
0.1817383 0.1890152
0.201019 0.1915308
0.2208277 0.1870679
0.2143313 0.2186392
0.2114244 0.1820058
0.1966877 0.1849945
0.2168922 0.1999112
0.2024956 0.1711219
0.1690508 0.1750603
0.1611856 0.1352237
0.1815669 0.1856002
0.1990993 0.1706693
0.1965034 0.1960099
0.2017684 0.2005554
0.1767042 0.1811306
0.1942132 0.1847485
0.2421007 0.2036095
0.2307961 0.2202386
0.2172629 0.1811571
0.209898 0.1808243
0.2108339 0.1803569
0.2212056 0.2022436
0.2325254 0.2055189
0.2213748 0.1881548
0.1895471 0.1622307
0.2060167 0.1758715
0.2226168 0.1724864
0.2004397 0.1987522
0.2288093 0.2235814
0.2309902 0.2040366
0.1781541 0.1709901
0.2038207 0.1781887
0.2143268 0.195028
0.2189394 0.2042998
0.2308182 0.1829225
0.203556 0.1687265
0.2003205 0.1684201
0.1828692 0.1533729
0.1906913 0.1566763
0.1717209 0.1639976
0.1820177 0.147821
0.1669467 0.1486333
0.1298225 0.1284562
0.1203217 0.1122095
0.1494677 0.1323216
0.1318186 0.1331881
0.1498343 0.1185168
0.1951103 0.1767713
0.2098104 0.1509554
0.2078736 0.1592986
0.227159 0.199593
0.2275268 0.1950871
0.2295145 0.1948557
0.2195812 0.2102624
0.2235063 0.2131696
0.2384039 0.2259388
0.2632675 0.2352801
0.2537161 0.2440556
0.2468213 0.2373641
0.2455226 0.2005033
0.2092107 0.1923009
0.206208 0.2163752
0.2736676 0.2605591
0.2629983 0.251171
0.2940108 0.2724578
0.2906021 0.2629374
0.341325 0.3159031
0.3282405 0.3107394
0.3180407 0.2906474
0.310588 0.3009703
0.3058223 0.2784086
0.2842263 0.2632062
0.2491464 0.2426304
0.2689691 0.2441108
0.2597032 0.2748644
0.2533536 0.2411592
0.2663595 0.2309129
0.32569 0.3221729
0.3349898 0.3285678
0.354544 0.3484165
0.361643 0.3279512
0.319495 0.3086144
0.3245405 0.2986193
0.3222985 0.3053048
0.3298035 0.3079001
0.3047299 0.2894736
0.3498143 0.3146336
0.3744802 0.3486937
0.4019194 0.3709937
0.4193319 0.3995887
0.4120784 0.4036223
0.4322933 0.4269278
0.5150057 0.4820702
0.5088813 0.4939636
0.4911761 0.4777448
0.4845085 0.4580918
0.4848837 0.4609809
0.4679083 0.4545325
0.5108016 0.5010327
0.4906047 0.4812082
0.5373181 0.5330009
0.5684726 0.5286966
0.5750036 0.5559797
0.5819499 0.5376844
0.5646373 0.5396158
0.5503982 0.5401563
0.5583325 0.5204874
0.5265228 0.5085323
0.509101 0.4761726
0.5274313 0.5159142
0.5410581 0.5388425
0.5672241 0.5520339
0.5783354 0.5563217
0.6042472 0.5870544
0.6207048 0.5818965
0.6095139 0.5941384
0.5844973 0.5923697
0.5708275 0.5494015
0.5689657 0.5472586
0.5470758 0.559494
0.5268651 0.5132079
0.5295055 0.5097121
0.5153058 0.5263442
0.5596814 0.5414845
0.5313786 0.5045628
0.5338452 0.5214262
0.5506736 0.5350029
0.5313536 0.5156315
0.5269704 0.5258254
0.5135834 0.5052441
0.444054 0.427781
0.4308688 0.4325249
0.447273 0.4771515
0.4632502 0.4448084
0.4724421 0.4611177
0.4827851 0.4491526
0.4268838 0.4368158
0.428624 0.397124
0.3709249 0.3573764
0.3991224 0.3551213
0.3698253 0.3468604
0.3453808 0.3331314
0.288723 0.2974257
0.3017161 0.2805393
0.2972565 0.2881945
0.286533 0.2674556
0.2896131 0.2413955
0.272108 0.260994
0.2696286 0.2437075
0.2994274 0.2433281
0.2485325 0.2385294
0.2465986 0.2337134
0.2320451 0.2234404
0.2830849 0.2492286
0.2724868 0.2374871
0.247384 0.2306651
0.2648017 0.2589239
0.2880293 0.2674531
0.2892541 0.2637758
0.2312147 0.1972604
0.2475478 0.2343955
0.2336198 0.2381708
0.2149714 0.2257527
0.215443 0.2026697
0.2460504 0.2468749
0.263467 0.2538847
0.2511269 0.2181708
0.2305688 0.2337685
0.2512446 0.2375164
0.2865409 0.2832225
0.300551 0.2921634
0.2810969 0.2606502
0.2831334 0.2423278
0.3042777 0.279086
0.3190199 0.2916175
0.3372832 0.3099174
0.3648477 0.3221336
0.3499515 0.3455372
0.3324973 0.3234328
0.3180949 0.3219039
0.3042622 0.2833488
0.2687827 0.2634195
0.2473577 0.2235959
0.2137561 0.1858676
0.2297842 0.2205639
0.2157935 0.1932871
0.2251474 0.2048511
0.19091 0.1857553
0.2082995 0.1812955
0.1745088 0.1694825
0.2197111 0.1871068
0.2347505 0.2128076
0.2331873 0.2301152
0.2182432 0.2270372
0.2337651 0.1928643
0.2010273 0.1957162
0.2367816 0.2260468
0.2387282 0.1950316
0.2380396 0.2035339
0.2546958 0.2508479
0.2815278 0.230313
0.2526471 0.2156832
0.2787544 0.268569
0.2887766 0.2675647
0.3217809 0.2998569
0.3104164 0.2811008
0.2915897 0.2627491
0.2815937 0.2278539
0.247041 0.2312948
0.2195694 0.2011148
0.1978471 0.1796097
0.1982445 0.1913015
0.191177 0.1628976
0.1703171 0.1558018
0.1111625 0.09790271
0.09505956 0.09303351
0.08953526 0.08737995
0.09338284 0.06775012
0.1037138 0.06891196
0.08333192 0.08425491
0.0961171 0.0784225
0.07751741 0.08073102
0.08923169 0.04708524
0.1001774 0.07811642
0.1122835 0.1055596
0.09895096 0.1071495
0.1183706 0.07423421
0.1193683 0.08898785
0.1271076 0.08943431
0.1301189 0.103557
0.1114381 0.0962454
0.1295967 0.1089656
0.1278762 0.1060718
0.08733068 0.06444867
0.09160065 0.0699112
0.08234899 0.05023608
0.03277822 0.03204724
0.02741156 0.03525118
0.02265043 0.01166252
-0.002835651 -0.02366141
-0.02064335 -0.04088287
-0.008154391 -0.02758813
0.02885338 0.01003677
0.02305675 0.01441277
0.01243284 -0.003294961
0.03021402 0.02804496
0.05070775 0.03857629
0.03224847 0.0226807
0.06050583 0.06523052
0.08774617 0.08136122
0.1175031 0.09467833
0.1238974 0.1344812
0.1536714 0.1419227
0.1075527 0.1043021
0.1204259 0.1112457
0.1360052 0.1120492
0.1306613 0.1118247
0.156786 0.140127
0.1698957 0.150421
0.1055975 0.0793455
0.1337504 0.1218792
0.1141751 0.1140705
0.1200182 0.1340781
0.144238 0.1265759
0.1576751 0.1130719
0.1302824 0.1327417
0.098056 0.1180784
0.1273018 0.09176296
0.1158636 0.08992158
0.1244774 0.08542561
0.1016453 0.08036761
0.1240274 0.09440049
0.09302467 0.08861092
0.09833539 0.08153825
0.09022436 0.06446582
0.07434144 0.03759889
0.02066303 0.02105172
0.04692935 0.02024034
0.06848848 0.03308019
0.04481234 0.032593
0.04031174 0.0002058097
0.02770723 0.01169881
0.05300717 0.04628406
0.06630084 0.03970518
0.02467934 0.01481411
0.04216669 0.0249858
0.02158502 0.005332322
0.02045476 0.005179275
0.01856753 0.0148373
-0.02875303 -0.03913613
-0.05864513 -0.05983404
0.0008699663 -0.05774012
-0.05940219 -0.08342079
-0.04109987 -0.07290296
-0.05286642 -0.07332749
-0.04527944 -0.08123307
-0.04011414 -0.09364296
-0.07399229 -0.08605217
-0.07916272 -0.1145822
-0.055371 -0.09848115
-0.051849 -0.04616282
-0.05320138 -0.06846576
-0.0791455 -0.1123741
-0.1486418 -0.1523699
-0.1492007 -0.1694194
-0.1353517 -0.1484448
-0.1422815 -0.1834823
-0.1371305 -0.1631869
-0.1436553 -0.1571351
-0.09352777 -0.1084102
-0.08216984 -0.1083019
-0.04478644 -0.07193349
-0.01735569 -0.03806486
0.001137788 -0.02210827
-0.0238457 -0.03176789
-0.01889224 -0.06017097
-0.02547621 -0.03013058
0.00929862 -0.01038214
-0.01310066 -0.01230877
-0.03763084 -0.05631147
-0.01416682 -0.05644773
-0.0531893 -0.05217084
-0.02575319 -0.06212373
-0.03999318 -0.06750339
-0.02194955 -0.03185734
-0.01823835 -0.04602999
-0.0464695 -0.06119282
-0.03045766 -0.0514302
-0.05960461 -0.07720075
-0.1024884 -0.1065014
-0.1098319 -0.1061176
-0.1100019 -0.1253779
-0.07963226 -0.08389333
-0.08575069 -0.1053471
-0.07538506 -0.06320952
-0.02864061 -0.05136599
-0.02933954 -0.05228006
-0.01125834 -0.0349074
-0.01605039 -0.03106753
-0.008822441 -0.004201024
-0.01673557 -0.03070163
-0.005036296 -0.008946023
0.02261087 -0.01703727
0.05014455 0.02294984
0.1003142 0.05485228
0.1073621 0.07709885
0.1044277 0.09405206
0.1149868 0.08710265
0.1342098 0.1069596
0.155991 0.1387723
0.127833 0.1136542
0.1196503 0.1045117
0.1184681 0.1221989
0.09266373 0.0767446
0.09720603 0.07867416
0.1128859 0.1020583
0.1363431 0.0876
0.1337796 0.1257422
0.1304693 0.1176405
0.1531526 0.1415539
0.1386181 0.102224
0.1308088 0.1176202
0.1272732 0.1236251
0.1556157 0.1486461
0.1810202 0.1553934
0.1438216 0.1346439
0.1343118 0.1302565
0.18479 0.1523611
0.1741109 0.1460871
0.1972075 0.1694861
0.1430273 0.139819
0.16707 0.1595867
0.2143434 0.17441
0.2385493 0.2283778
0.2064275 0.2272996
0.2133077 0.2156544
0.2141606 0.2045652
0.2121945 0.2109539
0.2404308 0.23675
0.2853563 0.267548
0.3203228 0.2881722
0.3308885 0.3206481
0.3264713 0.2781619
0.3315574 0.3236195
0.3006868 0.2774003
0.2480636 0.2331721
0.2528131 0.2544485
0.2175358 0.2071511
0.1966515 0.1886624
0.2008401 0.1616543
0.175392 0.1587279
0.1483793 0.1370459
0.1093975 0.100873
0.1158983 0.1079315
0.109412 0.0856191
0.1197389 0.09932074
0.1240274 0.1242855
0.1330494 0.07144445
0.1310147 0.1031695
0.1050865 0.1250341
0.1621078 0.1279703
0.1371505 0.0946772
0.1306902 0.09701523
0.1160245 0.08679177
0.1052741 0.114744
0.09181857 0.06459151
0.06109941 0.05073954
0.01323748 0.02613678
0.04833851 0.03274749
0.05414829 0.05238772
0.06857256 0.04552921
0.03573663 0.006441187
0.03203254 0.01038206
0.01631033 0.006971169
0.04137352 0.0006166155
0.04970331 0.04669372
0.1058183 0.09045467
0.09537894 0.09559765
0.07365866 0.07009714
0.08672406 0.0807222
0.08915254 0.06826503
0.07586792 0.09153732
0.08275804 0.06575919
0.1389416 0.1181392
0.1301967 0.10044
0.1081205 0.0933456
0.111103 0.0776411
0.1179835 0.1106089
0.1237987 0.0826502
0.1046381 0.1005937
0.1104439 0.117969
0.1280163 0.0892785
0.1185143 0.06831927
0.1211588 0.1057483
0.1595785 0.1226165
0.1071365 0.1092869
0.1009191 0.09520314
0.1269613 0.1033361
0.1540501 0.1451301
0.1342251 0.1223804
0.1182432 0.09548978
0.09306094 0.0885882
0.1264874 0.09344805
0.117359 0.07910866
0.1147726 0.06974317
0.1305869 0.07551471
0.1123798 0.08403527
0.1538531 0.1198125
0.1541488 0.1200193
0.1369904 0.1215255
0.1265014 0.08379541
0.1192524 0.09602869
0.1559384 0.1063993
0.1389171 0.145063
0.1637342 0.1438415
0.1250746 0.1112747
0.1601775 0.1288124
0.1630001 0.1348784
0.1449958 0.1148362
0.1222508 0.093817
0.0981764 0.0941853
0.135933 0.1053671
0.08502516 0.09465001
0.0850111 0.06404011
0.1071173 0.07782263
0.1153876 0.0897653
0.1171058 0.1119914
0.1289637 0.09672007
0.118001 0.1107514
0.111088 0.09191499
0.1054362 0.08240782
0.08097621 0.07508773
0.07346049 0.04652613
0.1072421 0.07837065
0.09966452 0.08378947
0.1107413 0.1008903
0.0897236 0.07639516
0.07705586 0.04492386
0.1127058 0.1039436
0.1425543 0.1332664
0.139668 0.1166316
0.1402262 0.1190114
0.1112894 0.1097557
0.1490142 0.1331341
0.1643671 0.1499154
0.1537842 0.1305232
0.1223416 0.1275378
0.1336685 0.1213509
0.1135618 0.09874183
0.1472302 0.1197907
0.1084617 0.09759975
0.1304858 0.08486488
0.1314265 0.1105775
0.1096563 0.07472266
0.1416157 0.1433772
0.1146547 0.1033305
0.1072048 0.1063677
0.1175468 0.1368154
0.1564116 0.1357853
0.14776 0.1031496
0.148178 0.1163205
0.1716922 0.1395976
0.181854 0.1510124
0.1401477 0.13299
0.1383273 0.1212795
0.1154275 0.09340513
0.1070229 0.08783896
0.09622414 0.09496931
0.08783605 0.07696235
0.09504888 0.08717813
0.1047021 0.06829237
0.124439 0.09556754
0.1005246 0.06765081
0.1147577 0.07955276
0.09887984 0.09498404
0.09573767 0.09084641
0.0987661 0.07511829
0.1237746 0.07587317
0.06034981 0.07189073
0.08561971 0.06447635
0.03918639 0.03825141
0.08236679 0.05238123
0.08529002 0.04498198
0.06233319 0.0403085
0.06268805 0.04517107
0.02103125 0.02262292
0.06811396 0.05599011
0.08313834 0.04018808
0.0913515 0.06648867
0.05987863 0.0297447
0.07232554 0.04871728
0.03188332 0.02925309
0.04778129 -0.0020585
0.02202944 -0.008254631
0.02874106 0.01677464
0.02749999 0.00724886
0.02138573 0.01634645
0.02663278 0.003383587
0.04726132 0.0004670111
0.04410772 0.02009973
0.0132909 -0.02322345
0.01806271 -0.009188368
-0.004533133 -0.0378801
-0.03769308 -0.05623171
-0.03053447 -0.04885371
-0.06135419 -0.05529988
-0.02645865 -0.04630485
-0.04347515 -0.05706091
-0.07290556 -0.08563671
-0.03460219 -0.06819158
-0.07843308 -0.1019314
-0.06497773 -0.07958671
-0.1039774 -0.1378057
-0.1123437 -0.1340915
-0.0624653 -0.09085541
-0.05065534 -0.05975655
-0.03605015 -0.05718452
-0.01566091 -0.05944127
-0.04369402 -0.05719706
-0.003737029 -0.04616945
0.0005857084 -0.02683903
0.01413151 -0.01692398
-0.0386426 -0.03058474
-0.0272279 -0.05637692
-0.008554867 -0.007281757
-0.01019166 -0.02394295
-0.04116285 -0.02995532
-0.03420169 -0.05384128
-0.02720727 -0.04403328
0.007197874 -0.02597537
0.00531726 -0.0335164
-0.02491658 -0.05026039
0.001428816 -0.03159658
-0.01792047 -0.04932298
-0.03984442 -0.07256098
-0.02609144 -0.04222265
-0.03864987 -0.04719368
-0.02925868 -0.06289417
-0.01250255 -0.03769822
-0.02129727 -0.01428834
-0.03943656 -0.07028317
-0.03520016 -0.09011444
-0.08227327 -0.08763331
-0.06305355 -0.05870052
-0.04089102 -0.0809857
-0.07384118 -0.08307027
-0.09305002 -0.09251018
-0.05293532 -0.06501192
-0.03571897 -0.06747257
-0.03089527 -0.05054833
0.002778675 -0.007640634
0.01308052 0.001315538
0.01619063 0.0203008
0.03141925 0.02074333
0.01678363 0.006023938
-0.05432215 -0.0670958
-0.07517475 -0.09674212
-0.07944876 -0.1138308
-0.06439309 -0.09224698
-0.09165582 -0.09492468
-0.08423104 -0.105355
-0.1149612 -0.1234637
-0.121718 -0.1346412
-0.09749373 -0.1321388
-0.08277198 -0.08633518
-0.08659471 -0.106667
-0.0852478 -0.1004904
-0.08670001 -0.08818238
-0.06979813 -0.07824459
-0.0799864 -0.09917127
-0.1034289 -0.1276406
-0.1413952 -0.1518404
-0.09623555 -0.1444541
-0.105762 -0.1050829
-0.1016438 -0.1371264
-0.1209675 -0.1406602
-0.1397319 -0.1750333
-0.1588495 -0.1753931
-0.1391836 -0.1597825
-0.1451999 -0.1662892
-0.1207958 -0.1291637
-0.1235298 -0.1430837
-0.1332804 -0.1643961
-0.158379 -0.1740618
-0.166377 -0.1712254
-0.1328605 -0.1632046
-0.1321669 -0.1674524
-0.1604544 -0.1639742
-0.1268586 -0.1538024
-0.122963 -0.1639135
-0.1369379 -0.1898878
-0.1652305 -0.1427776
-0.1237889 -0.1650143
-0.1103104 -0.1221258
-0.1235722 -0.1513448
-0.1197264 -0.1485396
-0.1289935 -0.1687373
-0.1630883 -0.169067
-0.1455221 -0.1626233
-0.1155923 -0.120008
-0.091226 -0.1200017
-0.0897345 -0.124663
-0.0868568 -0.1073361
-0.09836361 -0.1041714
-0.07565305 -0.1045569
-0.1096229 -0.1095079
-0.1072138 -0.1351045
-0.1226348 -0.1487622
-0.1509667 -0.151459
-0.1245573 -0.1663516
-0.1199156 -0.1455395
-0.1154733 -0.1256299
-0.09650168 -0.1027148
-0.1163927 -0.1458844
-0.1324423 -0.1441327
-0.1308843 -0.1585183
-0.149178 -0.1319607
-0.1545559 -0.1683578
-0.1882701 -0.1981161
-0.1821605 -0.2026084
-0.1998557 -0.2202587
-0.1895149 -0.2219714
-0.1659158 -0.1891214
-0.173157 -0.190175
-0.1721568 -0.220968
-0.1796056 -0.2064375
-0.1697645 -0.1978232
-0.1903199 -0.2087588
-0.1973236 -0.2166328
-0.2083234 -0.188828
-0.1976192 -0.2162063
-0.2244831 -0.2444972
-0.201092 -0.2050044
-0.2080021 -0.2300549
-0.1745682 -0.2179617
-0.1756023 -0.1944977
-0.1630487 -0.1761061
-0.1454976 -0.1372223
-0.1411329 -0.1341339
-0.1412651 -0.153989
-0.1663956 -0.149422
-0.1264633 -0.155884
-0.1516972 -0.1559226
-0.1227453 -0.1503336
-0.1067456 -0.1474594
-0.1140539 -0.1114856
-0.07153821 -0.08913085
-0.08416288 -0.1029942
-0.05473321 -0.07936881
-0.07286909 -0.07113581
-0.06779186 -0.07481985
-0.09419807 -0.06783995
-0.04897746 -0.06151593
-0.04546643 -0.08744524
-0.05839317 -0.07160118
-0.05425814 -0.06656711
-0.05666223 -0.0668749
-0.04580111 -0.0836366
-0.06131812 -0.06921788
-0.05122574 -0.07720444
-0.04411462 -0.07078127
-0.006001214 -0.04293541
-0.01241981 -0.04458793
-0.03679797 -0.04857692
-0.03407089 -0.05006169
-0.05058171 -0.07129473
-0.07003101 -0.1074871
-0.09786792 -0.1128299
-0.1242506 -0.1119269
-0.1204327 -0.1376482
-0.11151 -0.1525327
-0.1678763 -0.1622912
-0.1929134 -0.2041135
-0.1969596 -0.2209414
-0.1997167 -0.2200448
-0.2180282 -0.2296899
-0.239696 -0.2499502
-0.2646333 -0.2531591
-0.2244807 -0.2262012
-0.2241516 -0.2666353
-0.2696079 -0.2686387
-0.262528 -0.2880887
-0.2945399 -0.3209735
-0.3417135 -0.3613881
-0.3225528 -0.3198342
-0.323991 -0.3340062
-0.3067937 -0.3555258
-0.3081704 -0.3336147
-0.3030997 -0.3413592
-0.3345947 -0.3480273
-0.3192998 -0.3317978
-0.2811061 -0.3012813
-0.2344821 -0.2552835
-0.2567427 -0.2775326
-0.2775486 -0.2782246
-0.2704834 -0.2932777
-0.2871248 -0.2922732
-0.3220475 -0.3317821
-0.3226995 -0.3503437
-0.3337903 -0.3385422
-0.2893429 -0.3097815
-0.2488687 -0.2955928
-0.2491214 -0.2719678
-0.2899564 -0.3157682
-0.2579517 -0.2750406
-0.2175012 -0.2491126
-0.1684987 -0.1883474
-0.1807275 -0.1917777
-0.1615997 -0.1779299
-0.1686578 -0.1724643
-0.1858073 -0.1764159
-0.1737278 -0.2087645
-0.1676141 -0.2054624
-0.2004654 -0.2165004
-0.1585121 -0.198607
-0.1983606 -0.1880654
-0.162207 -0.2033925
-0.2085946 -0.2353022
-0.2213921 -0.2441652
-0.2386279 -0.2533923
-0.2272072 -0.2364527
-0.2462671 -0.2898798
-0.2639091 -0.2852762
-0.2733364 -0.2903698
-0.2232774 -0.2927295
-0.2741076 -0.2973616
-0.2931814 -0.3363022
-0.3194056 -0.3234921
-0.2781707 -0.3115234
-0.2709227 -0.2794433
-0.3121999 -0.3334744
-0.3015609 -0.2965493
-0.2499438 -0.2637182
-0.2072906 -0.2304115
-0.193278 -0.2043046
-0.1901969 -0.1772305
-0.1831493 -0.199854
-0.1757372 -0.196526
-0.1749465 -0.2240376
-0.1826488 -0.1755175
-0.2149374 -0.2317086
-0.211476 -0.2280571
-0.2242019 -0.2368439
-0.2562149 -0.2699745
-0.2653007 -0.2435517
-0.2172685 -0.2426101
-0.2401423 -0.2634924
-0.2086844 -0.2375144
-0.1889354 -0.2152078
-0.2058611 -0.1991619
-0.1726096 -0.1948945
-0.1646434 -0.1719478
-0.1815442 -0.1956213
-0.1691926 -0.1882287
-0.1826358 -0.2109515
-0.179687 -0.1833705
-0.2136555 -0.2293497
-0.1503245 -0.1772598
-0.1420419 -0.1493739
-0.160066 -0.1904824
-0.1685637 -0.1969355
-0.1751929 -0.2056779
-0.1665299 -0.1961443
-0.182877 -0.2102901
-0.2018001 -0.2259555
-0.1780649 -0.2101202
-0.2073589 -0.2191113
-0.2048926 -0.2367096
-0.2260138 -0.2493258
-0.2335734 -0.2503055
-0.2615661 -0.2889624
-0.2805457 -0.2856892
-0.2815857 -0.2925969
-0.2905019 -0.3190013
-0.2977868 -0.3024286
-0.3018414 -0.3320011
-0.3178934 -0.3347266
-0.2903311 -0.2873891
-0.2850969 -0.3068382
-0.2802334 -0.2945672
-0.2732684 -0.2941028
-0.3069893 -0.2949771
-0.2866491 -0.3031812
-0.2643606 -0.298524
-0.2598191 -0.2474617
-0.2664 -0.2658999
-0.2400045 -0.251446
-0.2338625 -0.2581226
-0.2052849 -0.2419669
-0.1994031 -0.2363726
-0.184236 -0.1915472
-0.1178936 -0.1308686
-0.1263043 -0.1138346
-0.1303835 -0.128028
-0.08876836 -0.09973463
-0.03842104 -0.07108145
-0.04616172 -0.07206999
-0.06956882 -0.09815811
-0.0367738 -0.0812245
-0.08299386 -0.1003941
-0.08974596 -0.09607265
-0.07232755 -0.09497582
-0.1057245 -0.1190437
-0.1193076 -0.1220548
-0.1364072 -0.1385315
-0.1359702 -0.1322589
-0.1251013 -0.132028
-0.1175343 -0.1358487
-0.1511294 -0.1718606
-0.1704815 -0.194043
-0.1773351 -0.1929415
-0.161126 -0.2009252
-0.1838938 -0.1844044
-0.2043522 -0.2241472
-0.1775187 -0.210879
-0.1717863 -0.2146651
-0.210696 -0.2048906
-0.2151273 -0.2578704
-0.2328512 -0.2574033
-0.1931422 -0.2260682
-0.1715055 -0.2081907
-0.2059833 -0.2295958
-0.2255561 -0.2354033
-0.1592088 -0.1874755
-0.1322218 -0.1690455
-0.113489 -0.1490591
-0.1535978 -0.1713027
-0.1240979 -0.1702357
-0.1522553 -0.1726137
-0.1704571 -0.1784133
-0.150549 -0.1715721
-0.1417512 -0.1590623
-0.1218612 -0.1285691
-0.06232251 -0.1045329
-0.04429118 -0.07076716
-0.03194248 -0.03833335
-0.0535445 -0.07027934
-0.01414024 -0.02472995
0.01621947 -0.02319338
-0.02865273 -0.05834342
-0.03142891 -0.04410473
-0.0224842 -0.04937804
0.001396861 -0.03301162
0.01506733 0.007293806
0.01248048 0.001560148
0.001714943 -0.02909542
0.008819084 -0.02297147
-0.02428092 -0.05932112
-0.02173037 -0.06055148
0.003167825 -0.02099053
-0.0155378 -0.001866127
0.007778385 -0.00244947
-0.02266818 -0.01118931
-0.01561844 -0.0007579026
-0.004177477 -0.009893532
-0.0552741 -0.04740604
-0.06349066 -0.086862
-0.07697019 -0.09329772
-0.05590394 -0.05892945
-0.02270122 -0.05499653
-0.01920019 -0.04733241
-0.03888402 -0.0509558
-0.04697155 -0.07155837
-0.05122988 -0.06448498
-0.06364193 -0.06640359
-0.05640694 -0.07224368
-0.05197586 -0.0822615
-0.04838006 -0.0592418
-0.03883557 -0.06981099
-0.04209085 -0.08315871
-0.07771378 -0.08170037
-0.06746033 -0.1018702
-0.06939408 -0.09070363
-0.0788049 -0.1020856
-0.06672265 -0.09986632
-0.07128482 -0.08047578
-0.07395252 -0.08839616
-0.1014349 -0.09352968
-0.09755928 -0.1096348
-0.1254148 -0.1092648
-0.05781269 -0.0937967
-0.05433908 -0.07698134
-0.06897342 -0.08458962
-0.06885856 -0.080597
-0.04362861 -0.02875037
-0.03492862 -0.05376299
-0.07011133 -0.07797108
-0.05280354 -0.06211163
-0.05622456 -0.07754491
-0.06942021 -0.07274548
-0.03647261 -0.05190798
-0.04546729 -0.05021885
-0.0614758 -0.06906838
-0.05025814 -0.09869411
-0.06825519 -0.09357513
-0.1051323 -0.09745022
-0.09373409 -0.1169943
-0.09244001 -0.07014759
-0.09318273 -0.1122548
-0.05299371 -0.07398676
-0.02540521 -0.0628026
-0.02812441 -0.04786706
0.009376464 -0.03033673
-0.06837517 -0.04441627
-0.0392835 -0.06107527
-0.03260747 -0.05695092
-0.06344955 -0.06928651
-0.01044142 -0.04722987
-0.01804141 -0.04528986
-0.00434169 -0.02287275
0.0222804 -0.0004390199
0.01326795 -0.006435328
0.05316314 0.03194705
0.05149373 0.05378346
0.1302408 0.1138875
0.123498 0.1072204
0.09164804 0.07807573
0.09524728 0.09227734
0.1198422 0.09114722
0.1822098 0.160893
0.1601323 0.1338818
0.1533969 0.1286064
0.1624769 0.1279929
0.1617866 0.1370717
0.1848147 0.1450264
0.1605462 0.163026
0.1830423 0.1614633
0.1809776 0.1682249
0.1776774 0.1334743
0.1867247 0.1684889
0.2098205 0.1829808
0.219242 0.2146099
0.2286712 0.1862272
0.2009841 0.1976785
0.1709315 0.1658109
0.1215644 0.1268495
0.0866522 0.06968662
0.1103916 0.09014694
0.1461962 0.1184615
0.1671177 0.1433895
0.2035742 0.159843
0.1885555 0.1830309
0.2114084 0.2058414
0.2378332 0.2124578
0.2042619 0.1772661
0.1732423 0.1604825
0.1750934 0.1456806
0.2206774 0.201331
0.1990733 0.1669802
0.1703337 0.1524761
0.1710501 0.1505011
0.1856272 0.1617954
0.176348 0.1747076
0.1774947 0.1479782
0.1557792 0.1425682
0.1462098 0.1123924
0.1642271 0.1419441
0.1461724 0.1223549
0.1359369 0.1569645
0.1760618 0.1548946
0.1738984 0.1452558
0.1996395 0.1721136
0.1962865 0.1584299
0.1775916 0.1680052
0.18508 0.1695057
0.1810156 0.1743409
0.1855167 0.1434165
0.2145661 0.1380582
0.1757995 0.177759
0.1996393 0.1906796
0.2405706 0.2121471
0.2567475 0.2061471
0.251176 0.236098
0.2405876 0.2361006
0.2931111 0.252648
0.2895107 0.2458341
0.3025933 0.273003
0.3025706 0.2873221
0.3396412 0.2970373
0.3120112 0.286147
0.3372115 0.2939998
0.3647665 0.3299715
0.3656926 0.3649533
0.3739877 0.3479598
0.3884703 0.3577871
0.3776141 0.346545
0.3755671 0.3622365
0.3544484 0.3353441
0.3843341 0.3396568
0.3499858 0.3516341
0.3259697 0.3380585
0.3685458 0.3664692
0.369214 0.3590293
0.396306 0.3735334
0.3850274 0.354956
0.3760909 0.3478433
0.3726086 0.3763572
0.4044387 0.3883154
0.4206273 0.4106967
0.4679268 0.4483678
0.4923806 0.4643392
0.4895955 0.4728059
0.4922343 0.4558786
0.496705 0.4675851
0.449885 0.4481574
0.4918797 0.462414
0.5090345 0.5014219
0.4926589 0.4513658
0.457609 0.4315636
0.4699082 0.4496104
0.4801427 0.4559389
0.4581898 0.4394235
0.44349 0.4622609
0.5112525 0.4756264
0.4917126 0.5047509
0.4844246 0.4686905
0.4700138 0.4492312
0.4686627 0.4356203
0.4435392 0.4001884
0.4338124 0.4195934
0.407915 0.4126018
0.3669005 0.3620937
0.3274908 0.3268267
0.3518193 0.3215967
0.2992866 0.3102866
0.3076346 0.3216716
0.3548848 0.3240678
0.3755024 0.3441483
0.3647935 0.3520539
0.3800893 0.3417409
0.3893854 0.3416889
0.3680507 0.3628234
0.3761115 0.3817017
0.3974505 0.3730788
0.3594221 0.3723948
0.402167 0.3792572
0.4085556 0.3896268
0.4173575 0.3816996
0.4140653 0.3908415
0.4076236 0.3780372
0.3969611 0.4111658
0.4295416 0.3857013
0.3857282 0.3772638
0.3558512 0.3073731
0.3059081 0.3097303
0.289738 0.269403
0.2741055 0.2648555
0.2572171 0.2767897
0.2801073 0.282135
0.2605325 0.2408105
0.2335766 0.2266042
0.2279771 0.1951068
0.1795585 0.1641441
0.1803455 0.1732195
0.2093788 0.1934358
0.2005011 0.1813829
0.2107614 0.1783137
0.2007572 0.1796084
0.1996319 0.1770506
0.2268132 0.190693
0.2244387 0.2184745
0.2048309 0.195397
0.2282084 0.1814551
0.2142012 0.2100867
0.227496 0.2126233
0.2400189 0.2166762
0.2337736 0.1981136
0.2472455 0.2182528
0.2581849 0.233807
0.2463515 0.2134752
0.2132219 0.1891598
0.2222225 0.2008897
0.2258767 0.2268733
0.247727 0.2215086
0.2244971 0.2077429
0.2376225 0.2103355
0.2396193 0.2081444
0.2144907 0.1960744
0.2159253 0.181356
0.207432 0.1878548
0.1859555 0.1891467
0.197649 0.1758556
0.2118821 0.1643156
0.1603857 0.1666144
0.161967 0.1520898
0.1279089 0.09542736
0.08529968 0.06492142
0.0521025 0.04405135
0.05878417 0.02945648
0.0659406 0.03242983
0.09218513 0.0644957
0.124669 0.1020037
0.1100016 0.1129378
0.1055008 0.090914
0.0838029 0.06811835
0.06973103 0.07482836
0.07914036 0.0673859
0.02774743 -0.0001580897
0.03381498 0.01798619
0.02886634 0.001623515
0.0578555 0.0606897
0.07877934 0.06643933
0.08592608 0.08212745
0.1067209 0.09194932
0.09968227 0.06897532
0.08498103 0.07312498
0.09778399 0.0756675
0.1061359 0.04594235
0.1232461 0.09567974
0.1267992 0.115601
0.0830542 0.1117335
0.06174794 0.0589593
0.07580795 0.0641678
0.1057934 0.08033394
0.06879333 0.0430061
0.07079359 0.04990481
0.06310981 0.02996425
0.0349694 0.02493234
0.005554958 -0.005919346
0.02162389 -0.01517704
0.02610696 0.001614754
0.04358233 0.03619151
0.05767104 0.0411149
0.04201462 0.01351787
0.03741428 0.02844778
0.05974295 0.04842265
0.07900573 0.04067595
0.0765768 0.0546409
0.120917 0.1172531
0.1308956 0.09642715
0.1391886 0.1323487
0.1819978 0.1550364
0.2008387 0.1421966
0.179674 0.1602797
0.1933416 0.1980718
0.1927025 0.1650201
0.1848503 0.1329962
0.1409019 0.1094149
0.1484339 0.1286614
0.152084 0.1313458
0.173579 0.1277869
0.1617484 0.1172146
0.1074325 0.07665477
0.1069179 0.08788248
0.08322155 0.07664602
0.06758844 0.04503438
0.02829282 0.03083435
0.03728916 0.01220001
0.0492836 0.03263367
0.05557374 0.02121027
0.04139032 0.0447261
0.03395633 0.03146484
0.06491417 0.06022619
0.05816156 0.03633719
0.06768507 0.05100012
0.09140262 0.06531402
0.1211757 0.1023539
0.1024183 0.1147494
0.1304959 0.09553892
0.1351701 0.1029774
0.1582609 0.1272158
0.1294715 0.1362879
0.1163675 0.117603
0.1197868 0.1013925
0.1363155 0.1095522
0.1520863 0.1026315
0.1247654 0.1257624
0.09901452 0.0902088
0.0914945 0.05804632
0.09066441 0.08741697
0.1000915 0.08388556
0.1274471 0.09776159
0.04073621 0.03287745
0.0531613 0.04238234
0.03788035 0.02760911
0.008807223 0.001801739
0.01362476 0.006220666
-0.0006291721 -0.02820812
-0.007426321 -0.028948
0.01022177 -0.02610003
0.05304139 -0.002715658
0.04576761 -0.01111733
0.03385156 -0.0075977
0.0390869 0.02851696
0.02889704 0.01794684
0.03784427 0.01061614
0.03905692 0.01471823
0.01239776 -0.007583915
0.001928936 -0.04322503
-0.01084184 -0.03779039
-0.04599391 -0.0607888
-0.04397686 -0.05912637
-0.05848414 -0.08638411
-0.07739487 -0.09165603
-0.06117668 -0.09474298
-0.05994084 -0.06613299
-0.02672693 -0.04879281
-0.03307914 -0.06179539
0.0162545 -0.04526753
-0.03177705 -0.01894611
0.0006891144 -0.03508541
-0.005252565 -0.01822078
0.01011386 -0.006505312
0.04026113 0.007532098
0.02396226 0.02586742
0.006157511 0.01925275
0.0544391 0.01180797
0.05518663 0.03470453
0.07397079 0.0505598
0.09340704 0.08538904
0.1211688 0.07593949
0.1480924 0.1237075
0.1195001 0.09246327
0.1448161 0.1136758
0.1376425 0.1206385
0.1385862 0.09515897
0.1281087 0.08788189
0.08328608 0.06098497
0.0779427 0.0652424
0.096697 0.07249221
0.09159158 0.1111012
0.08979291 0.09218593
0.1111328 0.08760318
0.09354396 0.07157864
0.06639546 0.04012069
0.08570991 0.06114
0.077743 0.05267444
0.07573989 0.05951523
0.03795046 0.02904576
0.06332967 0.06361147
0.1058717 0.08725604
0.08780641 0.07398638
0.08769965 0.07997666
0.08589023 0.04557329
0.1012764 0.06461132
0.1193081 0.1067954
0.1106744 0.08423656
0.132321 0.106482
0.1653456 0.1253435
0.1206348 0.0884191
0.1412978 0.1264234
0.1819001 0.1657965
0.1566716 0.1374575
0.1408284 0.1270017
0.1127496 0.1029343
0.1275804 0.08226245
0.1085252 0.09088801
0.1104787 0.08750092
0.1261062 0.09117161
0.09586969 0.08743776
0.1062556 0.1067811
0.1288458 0.08935262
0.1069998 0.06615684
0.1250277 0.08354108
0.1351709 0.1091606
0.1453705 0.1109378
0.1818754 0.158569
0.21802 0.1949877
0.1903975 0.1725325
0.2065399 0.198429
0.2115379 0.1890055
0.2084428 0.2251414
0.2394995 0.2224083
0.2275162 0.2003695
0.227906 0.2187159
0.2463032 0.2324806
0.2731513 0.2475718
0.230188 0.206633
0.2090937 0.2019967
0.1960052 0.1829635
0.1930736 0.1577122
0.1863887 0.1658622
0.1569963 0.1469035
0.1489721 0.126785
0.1557413 0.1337571
0.152446 0.1476991
0.163425 0.1303579
0.1801565 0.1646787
0.1649002 0.1646746
0.1668032 0.1545409
0.1543256 0.1428523
0.2013867 0.1553187
0.1974488 0.158615
0.152673 0.1247507
0.170404 0.1669956
0.1710757 0.1625221
0.1693797 0.1658683
0.1610042 0.1423459
0.1553113 0.1645654
0.1544853 0.1593005
0.2447659 0.1995735
0.2770071 0.249574
0.2726795 0.2653915
0.2605523 0.2383312
0.2439405 0.2337654
0.2183204 0.2092218
0.2220199 0.2203146
0.2087437 0.1989194
0.2203491 0.2124991
0.2452754 0.2406547
0.2966573 0.2826255
0.2910518 0.2739339
0.2869857 0.2488095
0.2908186 0.2827845
0.2741829 0.2386392
0.2401115 0.1995794
0.2551751 0.2459271
0.2314045 0.2289724
0.2061721 0.1867173
0.2594708 0.2161633
0.2525403 0.2199302
0.234714 0.2119654
0.2060954 0.1819978
0.2018386 0.1876547
0.1661316 0.157565
0.1853397 0.147575
0.149689 0.1465466
0.1403656 0.1255671
0.1587156 0.1290955
0.1690378 0.1619633
0.1776433 0.1542313
0.173929 0.1248295
0.1428884 0.112564
0.1382424 0.1119773
0.1852216 0.1464109
0.2049325 0.2163851
0.2154211 0.2155266
0.2651013 0.2339558
0.2865116 0.2694855
0.2842356 0.2407553
0.2525824 0.2437471
0.2810006 0.2850989
0.2862109 0.2819913
0.2770313 0.2734874
0.2788371 0.2345035
0.2475742 0.2181586
0.2686793 0.2525619
0.3294006 0.2918519
0.2781071 0.2530969
0.3067607 0.303291
0.3327556 0.3138932
0.2989929 0.2585531
0.2712097 0.270348
0.2739252 0.2789307
0.2521404 0.2432066
0.2801443 0.2638992
0.2895919 0.2818684
0.2768576 0.2489002
0.2648787 0.2430304
0.2745504 0.2547793
0.2934412 0.291219
0.3013469 0.2921867
0.2851799 0.2843866
0.3138008 0.3025543
0.3196867 0.2946251
0.3144681 0.2891003
0.2973294 0.2859513
0.3339039 0.3110585
0.3139635 0.309748
0.3268972 0.2884962
0.2937353 0.2951215
0.2770772 0.2584515
0.219938 0.2297439
0.2371867 0.236946
0.2246003 0.2046406
0.2123043 0.2132757
0.2227289 0.1791948
0.1977258 0.1775533
0.1599877 0.1479409
0.1413307 0.1463552
0.1294356 0.09544229
0.1214548 0.09244335
0.1170598 0.0815978
0.08307999 0.08022211
0.08587909 0.06657505
0.08428472 0.07837592
0.08987549 0.05077295
0.07854372 0.06834185
0.1214251 0.09946011
0.1181438 0.09687196
0.1538332 0.1103251
0.1656437 0.1261525
0.1585994 0.1525161
0.178707 0.1519184
0.198022 0.1910526
0.2184304 0.1944943
0.2912931 0.2644958
0.2922478 0.287363
0.289281 0.2533845
0.2659049 0.2383585
0.2664883 0.2562011
0.2487121 0.2276723
0.2674244 0.2374753
0.2406365 0.233884
0.2428916 0.2217659
0.2279557 0.2307736
0.2185171 0.1919151
0.2247132 0.2046584
0.2269508 0.2078857
0.2171988 0.1830418
0.2117336 0.1884431
0.2094087 0.2077216
0.2015032 0.194871
0.2034168 0.1910625
0.2257009 0.2033378
0.2290712 0.2251464
0.2645063 0.2440568
0.2409092 0.2477199
0.2612665 0.226309
0.2640908 0.2454374
0.2256819 0.2147372
0.2314325 0.2208419
0.2060342 0.1986132
0.200934 0.173551
0.174906 0.1332097
0.1617212 0.1298112
0.1318406 0.1200762
0.09734796 0.09673213
0.09900165 0.07984259
0.07712628 0.04955458
0.08658149 0.06881184
0.1017293 0.08905664
0.09639576 0.07472601
0.08769102 0.08573317
0.09779012 0.08646718
0.08068953 0.04453423
0.03951815 0.0266418
0.01945473 -0.01674769
0.04572756 0.02571022
0.05554706 0.03847992
0.05993466 0.03172344
0.05782357 0.05321646
0.05346836 0.03451416
0.02454037 0.02473544
0.02769911 0.01202241
0.06283366 0.05462893
0.05166474 0.03129463
0.08178677 0.03202293
0.06333185 0.01555789
0.0739601 0.04242903
0.0744614 0.07740601
0.1080555 0.09103862
0.1291016 0.1029988
0.123568 0.10905
0.1242464 0.08994764
0.141196 0.11205
0.1307499 0.1165104
0.1688957 0.1444988
0.1512059 0.1356543
0.151299 0.134864
0.1520532 0.1199861
0.1466016 0.1461829
0.1830697 0.1531163
0.1697209 0.1531937
0.1782733 0.1557814
0.1424729 0.1221392
0.1657595 0.1746858
0.1773777 0.1534008
0.1754489 0.1273852
0.1387484 0.1205309
0.1354281 0.1219945
0.1362939 0.1366931
0.1408765 0.118445
0.1568162 0.1449268
0.1603183 0.1538865
0.2095897 0.1674019
0.1684335 0.1581527
0.2033969 0.1617648
0.1724407 0.1620728
0.1878979 0.1815065
0.182769 0.16222
0.1894431 0.1544896
0.2218385 0.191394
0.2300037 0.2151431
0.270621 0.2137992
0.1990912 0.1852541
0.1743565 0.1516182
0.1835732 0.1658286
0.196948 0.1648334
0.2073528 0.1725641
0.194987 0.1822413
0.2239951 0.1935917
0.2450688 0.221571
0.2446878 0.2101755
0.2605309 0.227788
0.243418 0.2204347
0.2203629 0.2032818
0.1906421 0.1713999
0.1816093 0.1784381
0.2003576 0.1670012
0.2047259 0.1660181
0.2236431 0.1955865
0.1922481 0.1640886
0.2012402 0.1843955
0.1896466 0.1761859
0.165505 0.1100406
0.1339845 0.1157085
0.1301167 0.1212171
0.146823 0.1438627
0.1726203 0.1148672
0.1551397 0.1105789
0.1569711 0.1601746
0.1612732 0.1542279
0.1892803 0.1792547
0.1925015 0.1587488
0.1582629 0.1462851
0.1741144 0.1657011
0.1866518 0.1797621
0.1411166 0.1373156
0.1039824 0.07246834
0.07762627 0.06079891
0.08960261 0.0646714
0.08255924 0.06948386
0.1116335 0.1104834
0.1490416 0.1322552
0.1207974 0.09636631
0.09713136 0.0718246
0.08125594 0.0555149
0.05512901 0.02483441
0.09113266 0.05630643
0.1371925 0.1252814
0.1604563 0.1312593
0.1908735 0.1465006
0.1577376 0.1575428
0.1600693 0.1610714
0.1849067 0.149707
0.1553373 0.1241135
0.1346217 0.1013155
0.0959345 0.1041301
0.09708377 0.08579456
0.09185003 0.104296
0.1645964 0.1455088
0.1656947 0.1527179
0.1587611 0.1482555
0.1452898 0.1082991
0.06988633 0.07848125
0.07810595 0.04324076
0.07018484 0.05699714
0.04271921 0.04334573
0.03309979 0.02668869
0.0153151 0.008954981
0.03874911 0.020761
0.02265355 0.008628221
-0.02297363 -0.04631854
0.03344236 -0.01751915
0.009734818 0.005205822
-0.01022604 -0.008255093
0.03235216 0.009241652
0.05998353 0.03751023
0.03571935 0.03520372
0.01677531 0.006876041
0.003971384 0.00967185
0.03577767 0.004892919
0.04091818 0.02835596
0.08313532 0.03712764
0.05205112 0.03793859
0.0359869 0.0141247
0.05314441 0.01529093
0.0689514 0.04825317
0.06741315 0.06645174
0.04114953 0.02632427
0.01954374 0.0001323648
0.04320397 0.01653793
0.0767923 0.04726262
0.03700399 0.02324617
0.04623591 0.04829871
0.04894697 0.03415621
0.05822224 0.035264
0.07394645 0.02978279
0.07510649 0.05262819
0.07600927 0.07448285
0.1017946 0.08688566
0.09121591 0.07993567
0.1092723 0.05519068
0.07077001 0.04676939
0.08328754 0.06099462
0.0703295 0.04546168
0.0362731 0.01061913
0.008176719 -0.01766478
0.04242698 0.004743631
0.009110658 0.00270971
0.004253479 -0.01659532
0.04352381 0.02711672
0.05968792 0.0578944
0.1038531 0.06757232
0.1163824 0.094428
0.1395778 0.1249248
0.1605871 0.1719611
0.1682496 0.1273166
0.1565033 0.1403683
0.1939036 0.1801081
0.2311217 0.1893302
0.1802634 0.168173
0.1657999 0.1502296
0.1336975 0.1167314
0.1474018 0.155534
0.1294422 0.1221831
0.134709 0.1288821
0.1435184 0.1119503
0.1159379 0.08744317
0.1447181 0.1138309
0.1394923 0.1081931
0.1511551 0.1340125
0.1628729 0.1429423
0.111412 0.07374137
0.08810201 0.06969357
0.09118434 0.08556012
0.1453178 0.119349
0.1706636 0.1349376
0.1512393 0.1393723
0.161575 0.1472064
0.1691865 0.1510225
0.1287747 0.1242625
0.1177912 0.107704
0.09233896 0.07605434
0.1039767 0.1083638
0.08490889 0.08287851
0.1013749 0.08282781
0.0486365 0.03272413
0.04867357 0.01809901
0.01804715 -0.008572884
0.02235542 0.007630184
0.03297516 0.006195657
0.005870108 -0.01126864
0.004131589 -0.007909982
0.01605682 -0.00921049
-0.03715813 -0.06504111
-0.05800918 -0.06330735
-0.03362113 -0.0669266
-0.07993721 -0.09379721
-0.08482931 -0.1054939
-0.09313443 -0.09587428
-0.06625891 -0.09396548
-0.0747304 -0.09778643
-0.04642755 -0.0619821
-0.06070252 -0.06929515
-0.06601837 -0.1012429
-0.06177046 -0.1145176
-0.051061 -0.08765293
-0.06781922 -0.09084863
-0.07623389 -0.07328568
-0.03106985 -0.0461371
-0.0126701 -0.0376167
-0.01801578 -0.04387137
-0.03083548 -0.04994215
-0.0298472 -0.04729153
-0.06250209 -0.1019095
-0.06190258 -0.09259467
-0.05559518 -0.07593111
-0.04631414 -0.05330967
-0.02600298 -0.04094815
-0.05323719 -0.03976523
-0.03279523 -0.04386283
-0.0362417 -0.06141466
-0.06368919 -0.08133132
-0.1119569 -0.1080254
-0.1168395 -0.1143636
-0.08840768 -0.131414
-0.09571298 -0.1331825
-0.1058666 -0.1434823
-0.1093044 -0.138492
-0.1226419 -0.1401162
-0.1680336 -0.1904833
-0.147461 -0.1786978
-0.1841472 -0.2007946
-0.1575562 -0.1826509
-0.1600228 -0.2015517
-0.1743881 -0.1891398
-0.1843822 -0.1926983
-0.1708449 -0.1946902
-0.1426561 -0.1572458
-0.1608995 -0.2129454
-0.1951191 -0.2248136
-0.1944067 -0.2253245
-0.1878791 -0.2149789
-0.2006739 -0.2220511
-0.2361259 -0.2476457
-0.2656099 -0.2951609
-0.2838032 -0.3044869
-0.2465803 -0.2873815
-0.2014542 -0.2321089
-0.2359628 -0.2577058
-0.2541222 -0.2614874
-0.2402887 -0.2546284
-0.2398379 -0.2445567
-0.2823252 -0.2853997
-0.25802 -0.2911861
-0.2630885 -0.262675
-0.2426891 -0.2788025
-0.2476148 -0.2661795
-0.2214955 -0.2274037
-0.1997345 -0.2387571
-0.211279 -0.2337337
-0.1953174 -0.2380818
-0.2132463 -0.2335949
-0.2220778 -0.2127744
-0.206517 -0.2184886
-0.1895594 -0.1970486
-0.185667 -0.2132389
-0.2027019 -0.2206378
-0.1363687 -0.1589776
-0.1560616 -0.181258
-0.1444554 -0.1844007
-0.1027148 -0.1398419
-0.09725775 -0.1414368
-0.1068103 -0.1316026
-0.07685416 -0.09887109
-0.08974204 -0.09702722
-0.1135154 -0.1342701
-0.08185357 -0.1039855
-0.09694314 -0.1015708
-0.09333629 -0.1109198
-0.1188764 -0.1165946
-0.1016298 -0.1337676
-0.1331997 -0.1299393
-0.1261289 -0.1580129
-0.1510287 -0.1698531
-0.1720752 -0.1865062
-0.1811968 -0.2045244
-0.167307 -0.1789682
-0.1823901 -0.1806071
-0.1624109 -0.1795476
-0.156207 -0.191574
-0.1530425 -0.1694692
-0.1263358 -0.1117276
-0.08106338 -0.1240272
-0.1138711 -0.1512863
-0.1144466 -0.1484225
-0.1322302 -0.1733045
-0.1140321 -0.1468134
-0.140934 -0.1580288
-0.1258895 -0.1454014
-0.1308203 -0.1335752
-0.1163846 -0.1531443
-0.1338818 -0.1654947
-0.1181872 -0.1221828
-0.1450726 -0.1651894
-0.185177 -0.1887502
-0.1600178 -0.1896792
-0.1573871 -0.1747761
-0.1786529 -0.1972679
-0.1678103 -0.1813063
-0.166813 -0.2007447
-0.1398005 -0.1545785
-0.1168786 -0.1312893
-0.1289309 -0.1482628
-0.1356165 -0.1653712
-0.1408077 -0.1754377
-0.1566148 -0.2056748
-0.1744811 -0.1975866
-0.1680203 -0.1949128
-0.1624088 -0.1766913
-0.1264485 -0.16652
-0.1070345 -0.126585
-0.126519 -0.1514998
-0.1476348 -0.1710398
-0.1709042 -0.2053607
-0.1503241 -0.167328
-0.1221291 -0.1384906
-0.1475684 -0.1544395
-0.1277103 -0.1497422
-0.1267321 -0.1310935
-0.1349934 -0.1513037
-0.1080611 -0.1382668
-0.06729711 -0.1083241
-0.1279779 -0.1357937
-0.1157113 -0.123374
-0.07247478 -0.09648764
-0.1331233 -0.1443666
-0.1418853 -0.1403077
-0.1336177 -0.157059
-0.129416 -0.157453
-0.1291292 -0.1637333
-0.1447517 -0.1578395
-0.121172 -0.1520749
-0.1607151 -0.2085124
-0.1300381 -0.1452517
-0.1367575 -0.1609622
-0.1204308 -0.1456234
-0.1305926 -0.1434276
-0.1210419 -0.1591314
-0.09865867 -0.1410969
-0.1259273 -0.1530617
-0.1052 -0.1027887
-0.1042367 -0.09632846
-0.0699787 -0.1168212
-0.06495683 -0.0970621
-0.09337245 -0.1031505
-0.0755724 -0.09455605
-0.1058066 -0.118131
-0.05524353 -0.0860488
-0.03767591 -0.07808212
-0.0624485 -0.05922201
-0.1062338 -0.09576917
-0.1335427 -0.1165152
-0.1183202 -0.1208588
-0.119586 -0.1460842
-0.07269832 -0.1110124
-0.1241869 -0.1294354
-0.1272462 -0.1445521
-0.149578 -0.1502914
-0.1500098 -0.1679277
-0.1390924 -0.172773
-0.166969 -0.1602003
-0.1550069 -0.1599767
-0.1536948 -0.1751591
-0.1788014 -0.1998251
-0.186554 -0.2123619
-0.1774727 -0.1853751
-0.1873038 -0.2205034
-0.2185322 -0.2339813
-0.1965947 -0.2013152
-0.1870663 -0.2082012
-0.1887811 -0.2134717
-0.1741316 -0.2052845
-0.2054889 -0.2079411
-0.2091477 -0.2300356
-0.2308423 -0.2357029
-0.2678019 -0.2704773
-0.2744823 -0.3127072
-0.3068062 -0.3254964
-0.2871412 -0.3057475
-0.2733432 -0.2957562
-0.2842512 -0.2757642
-0.2546267 -0.2502256
-0.216117 -0.2686371
-0.2289895 -0.2121532
-0.2411245 -0.2833618
-0.2372673 -0.2586404
-0.2438403 -0.2597354
-0.2389725 -0.2738968
-0.2305488 -0.2596419
-0.2131746 -0.2371557
-0.1683816 -0.1996583
-0.1978409 -0.2190619
-0.188294 -0.1901313
-0.2101699 -0.2250188
-0.2135381 -0.227803
-0.2213705 -0.2299561
-0.1831632 -0.2014772
-0.190049 -0.2159197
-0.2187349 -0.2220299
-0.2218598 -0.2627171
-0.2202098 -0.2545889
-0.2278037 -0.2528522
-0.2014086 -0.2235626
-0.1867676 -0.1912897
-0.1663354 -0.1864845
-0.1279295 -0.1680166
-0.1478494 -0.1575272
-0.1203992 -0.1470511
-0.1019053 -0.1121982
-0.1238633 -0.1430832
-0.1127366 -0.1582234
-0.1604146 -0.1670823
-0.1443937 -0.1758074
-0.1565323 -0.1558723
-0.1684233 -0.1568115
-0.1192161 -0.1489955
-0.1192387 -0.1395319
-0.1273253 -0.1506688
-0.1100196 -0.102933
-0.09380525 -0.09226491
-0.1380946 -0.1408455
-0.09605121 -0.1277299
-0.1468738 -0.1658669
-0.1574971 -0.1544441
-0.153933 -0.1727354
-0.1545126 -0.1947197
-0.1514817 -0.1834143
-0.1462781 -0.1672485
-0.1436524 -0.1532012
-0.1513184 -0.17233
-0.1549898 -0.2018421
-0.1918945 -0.2225966
-0.1759605 -0.1909519
-0.1309844 -0.1604837
-0.1029402 -0.1368337
-0.1612203 -0.1750401
-0.1207729 -0.1671875
-0.1619276 -0.1910545
-0.1824532 -0.2251372
-0.2203577 -0.2295256
-0.2388226 -0.2536236
-0.2464224 -0.2718439
-0.2178586 -0.2484854
-0.2224947 -0.2253493
-0.2214803 -0.2318534
-0.1777114 -0.204332
-0.2068067 -0.2015731
-0.2140228 -0.23076
-0.2033665 -0.2073176
-0.2112017 -0.2213457
-0.2394462 -0.256446
-0.25552 -0.2937329
-0.2560892 -0.2563076
-0.2458095 -0.262003
-0.2356338 -0.2602504
-0.2067614 -0.2453364
-0.1858759 -0.1915302
-0.2021262 -0.2090572
-0.1807986 -0.1942342
-0.1667304 -0.1914407
-0.1697202 -0.1748199
-0.1826927 -0.2133655
-0.185195 -0.203781
-0.1770743 -0.2050321
-0.1573153 -0.1858627
-0.1596248 -0.1732036
-0.1769243 -0.1991424
-0.2020459 -0.2078868
-0.1611241 -0.2079181
-0.1747701 -0.1780223
-0.1776736 -0.1876426
-0.1921783 -0.207658
-0.1723934 -0.1753118
-0.1541647 -0.1969891
-0.135161 -0.1844849
-0.131228 -0.1308331
-0.1285519 -0.1322817
-0.1371246 -0.1359838
-0.07839018 -0.09364227
-0.03410653 -0.07042984
-0.04435038 -0.07287256
-0.04192692 -0.0342694
-0.03709581 -0.04809422
-0.0598646 -0.06603577
-0.05440414 -0.07294389
-0.09591246 -0.1106645
-0.08952081 -0.1017889
-0.08634467 -0.09532145
-0.08356285 -0.1079236
-0.08361398 -0.1268024
-0.1004934 -0.1321224
-0.09764253 -0.1160704
-0.09296862 -0.1231313
-0.0473147 -0.08276198
-0.01741737 -0.02559208
-0.007688185 -0.01468661
0.007859629 -0.01577273
0.02244064 0.002840741
0.02243848 0.009557957
0.01446107 -0.007046803
0.030732 0.001091947
0.006501221 -0.002045128
0.02234668 0.00422576
0.003341612 4.275619e-05
-0.009768353 -0.030611
-0.002191146 -0.008960712
0.03920672 0.03099909
0.04059207 0.01811431
0.02929517 0.008184908
0.04630675 0.01908763
0.06066241 0.05577124
0.06302229 0.04750684
0.08210216 0.03100987
0.08633369 0.06392839
0.09522346 0.07790146
0.101334 0.07225382
0.1065768 0.07856701
0.1101459 0.09084066
0.1198394 0.09341169
0.1228382 0.1266813
0.1474802 0.1212072
0.1698402 0.1512958
0.2013572 0.153515
0.1771555 0.1787847
0.1771898 0.1637854
0.2294227 0.2127547
0.1970865 0.1948155
0.1839984 0.1633615
0.1723423 0.1542917
0.1836743 0.1424846
0.2038947 0.179065
0.2289957 0.1860032
0.2305464 0.1883028
0.2083617 0.197823
0.2022383 0.2147629
0.2102296 0.1809698
0.227137 0.2119673
0.2071979 0.1745393
0.174833 0.1464128
0.15813 0.1334118
0.2065004 0.1854127
0.2353608 0.2068183
0.1981527 0.174235
0.2162164 0.2244213
0.2395923 0.2160819
0.1836757 0.1821092
0.1818674 0.1537007
0.2037885 0.1819522
0.226993 0.1963553
0.2416595 0.2256026
0.2021993 0.1894642
0.2236024 0.1944501
0.1893742 0.1894034
0.1838835 0.171278
0.158332 0.1369163
0.1909535 0.1499398
0.2160375 0.1883152
0.1904444 0.1703157
0.1965529 0.1681374
0.1976689 0.1664889
0.1907918 0.186472
0.1838137 0.1651759
0.2073867 0.1782091
0.1704723 0.1641793
0.1572507 0.1255614
0.1698121 0.1480522
0.1797551 0.1608982
0.2113376 0.2178009
0.2648583 0.2521952
0.2750486 0.2446568
0.2474733 0.2350719
0.2514976 0.2283868
0.2563756 0.2076155
0.2357902 0.2257345
0.2454805 0.2179897
0.1933262 0.2061054
0.2324544 0.1998607
0.2075479 0.2046485
0.2163608 0.1949489
0.2027995 0.1873435
0.2008196 0.1958984
0.1528104 0.1408904
0.1834607 0.1383925
0.2067023 0.1814591
0.2064101 0.1756161
0.2086586 0.1664112
0.2061876 0.2162494
0.2209651 0.2113628
0.2246427 0.2022476
0.2439015 0.2243563
0.2667268 0.2581613
0.2731245 0.2464743
0.2380109 0.2351058
0.266 0.239798
0.2542073 0.2641755
0.2898851 0.2866959
0.292192 0.2874076
0.3005834 0.3074328
0.302836 0.2756677
0.2891847 0.2505834
0.241738 0.2359496
0.2482419 0.2445962
0.2677316 0.2546822
0.2775145 0.2381981
0.2889256 0.2506342
0.2840773 0.2646334
0.2917835 0.2582447
0.2651141 0.2666983
0.2812047 0.2696735
0.2805093 0.2652279
0.2854219 0.2421964
0.2583055 0.2442607
0.2432424 0.2144758
0.2310564 0.2358143
0.2436925 0.2405804
0.2263269 0.2079127
0.2183111 0.1906223
0.1924162 0.1854807
0.204269 0.1945291
0.1990794 0.2011544
0.1863345 0.1681249
0.1507651 0.1260343
0.1749198 0.138238
0.1663364 0.1329917
0.1927933 0.1729532
0.1731269 0.1539214
0.1735766 0.1354969
0.1711002 0.1506022
0.1528641 0.1499699
0.1214622 0.119413
0.1038821 0.1061786
0.1350466 0.1194261
0.1431348 0.1146005
0.1444096 0.1222822
0.1508877 0.1441197
0.1564111 0.1462038
0.1570714 0.1457717
0.1574202 0.1528494
0.1583638 0.1521263
0.1606214 0.1362075
0.1572976 0.1362897
0.1578614 0.1365479
0.1871457 0.155495
0.2039765 0.182011
0.1630097 0.1712022
0.1599475 0.1204915
0.1165813 0.09058859
0.1122615 0.09137419
0.1187339 0.1339811
0.1036758 0.1150328
0.07150588 0.02807325
0.06656477 0.04678617
0.04263797 0.02885751
0.03045925 0.02374427
0.0722542 0.02564567
0.05337518 0.04412636
0.01481586 0.01189955
0.07009529 0.06510629
0.04916414 0.02007087
0.05293371 0.02584603
0.06988614 0.0546781
0.03357616 0.03864213
0.04458083 0.02035253
0.1010702 0.07342864
0.116293 0.1142298
0.1325984 0.1147004
0.1475525 0.1331558
0.1511846 0.1369362
0.1609572 0.1422976
0.1403014 0.1170916
0.1148026 0.08995053
0.102428 0.07852699
0.08060397 0.07257041
0.1185498 0.07884094
0.1112895 0.1055497
0.1235833 0.1111761
0.1369551 0.1247747
0.1731866 0.1619805
0.1902948 0.1676275
0.1939756 0.1818779
0.1630522 0.1340798
0.180209 0.16346
0.188975 0.156293
0.1119645 0.1227714
0.1190558 0.09387087
0.130957 0.1187656
0.1348235 0.1049928
0.1017867 0.0860548
0.07873971 0.04740961
0.07210785 0.06234547
0.1090438 0.09057431
0.129995 0.1247911
0.127674 0.09706567
0.1357468 0.1027072
0.1415336 0.1315909
0.1222255 0.1196256
0.1266004 0.1093274
0.1279492 0.09749649
0.08432081 0.07549196
0.1008237 0.07688757
0.1360734 0.1049976
0.1049695 0.1109745
0.1499829 0.1033686
0.1164186 0.1006877
0.09904005 0.09082062
0.1094655 0.09896007
0.06858341 0.03489323
0.0332883 0.02573342
0.01240952 -0.007566439
-0.01545879 -0.02081006
-0.004531371 -0.0274274
-0.03627225 -0.06462397
-0.0420124 -0.06264839
-0.04570962 -0.07462924
-0.05740252 -0.07573077
-0.0643897 -0.09742604
-0.08154698 -0.08750917
-0.03375189 -0.04939292
-0.01098154 0.0004685175
-0.01344779 -0.04774682
-0.05709819 -0.06674324
-0.05854159 -0.05835278
-0.05998505 -0.0783682
-0.06146779 -0.09359618
-0.0746603 -0.09665998
-0.09904058 -0.1131268
-0.08103432 -0.1020942
-0.08424949 -0.09919099
-0.07895047 -0.1191384
-0.08508677 -0.1008544
-0.1155798 -0.1335863
-0.0825124 -0.1079395
-0.05760076 -0.09916151
-0.06629069 -0.07309965
-0.04772844 -0.05325127
-0.0766968 -0.0793882
-0.06595377 -0.08043173
-0.05800723 -0.08126025
-0.06232429 -0.07228148
-0.07130449 -0.07358866
-0.05345052 -0.06633667
-0.07702093 -0.1056534
-0.06468243 -0.08774144
-0.0938593 -0.1152475
-0.07143628 -0.1087415
-0.08754785 -0.1087816
-0.1207673 -0.1483529
-0.09501442 -0.125774
-0.1043423 -0.1111559
-0.09986784 -0.1027477
-0.1297175 -0.1452318
-0.09418098 -0.1165232
-0.0631442 -0.09271606
-0.07670402 -0.1048323
-0.06981728 -0.1122891
-0.07843312 -0.1090911
-0.06682661 -0.101111
-0.05828088 -0.05906796
-0.05997458 -0.0867081
-0.04954492 -0.0841878
-0.07084845 -0.1130372
-0.0646218 -0.1093414
-0.06444143 -0.1086847
-0.06921527 -0.09008025
-0.07286348 -0.0744756
-0.05465115 -0.06625619
-0.07686687 -0.09496252
-0.06282518 -0.115219
-0.1069305 -0.1200337
-0.07072498 -0.0974676
-0.04528583 -0.0489984
-0.006139217 -0.04146971
-0.01099531 -0.01922942
-0.005260138 -0.02595473
0.01421646 -0.0356506
0.002812015 -0.03679301
-0.003181454 -0.01935457
0.04553817 0.02164271
0.0693318 0.02902799
0.05316868 0.04284413
0.03049034 0.007298782
0.009570733 -0.01892966
0.008933621 -0.02861321
0.04100175 0.006730075
0.01679315 -0.004451455
0.02212904 -0.009387122
-0.002159241 -0.009163505
0.0257344 -0.001791584
0.0156781 -0.006886316
0.0285104 0.007750332
0.01369741 0.0004077762
0.0270684 0.01124672
0.07112506 0.03823984
0.05063316 0.05600962
0.1000548 0.07370586
0.09982672 0.05467785
0.1202783 0.06838596
0.1227599 0.1083902
0.1164557 0.0751218
0.06740225 0.03633146
0.05112775 0.05023685
0.1157131 0.1021939
0.09668273 0.06992452
0.1304729 0.09367503
0.1345624 0.09935185
0.1377954 0.1099771
0.100717 0.08523656
0.1473233 0.1258461
0.1792532 0.1587178
