factor(envID)4 factor(envID)5
0.6430127 -0.3387205
2.561309 0.5647279
3.123035 2.362578
4.005299 2.21441
3.713152 2.553877
4.624726 3.531645
5.398879 4.128834
5.371243 4.848653
5.717866 3.953576
6.33967 5.351911
7.134374 6.725319
7.656963 5.136449
6.738587 5.595468
6.288157 4.488613
5.674857 4.57541
5.903846 3.716045
4.346931 3.490594
5.265411 3.140612
5.987674 4.259915
6.294025 5.129885
6.104805 4.424989
5.302291 3.850649
5.705754 4.61377
5.751125 4.434962
5.336518 4.203479
5.828638 4.779315
5.950765 4.38568
4.922511 4.358983
6.053967 4.921239
5.203666 4.041862
5.743673 3.866608
4.692263 3.468815
4.893094 4.040371
6.69075 4.712186
5.874395 4.343538
6.234835 4.339722
6.316206 5.159385
6.259467 4.989483
6.585825 5.405992
6.302745 4.929989
6.580733 4.701798
6.755373 4.69163
6.162829 4.936373
5.709932 5.296081
5.859177 4.578548
5.974781 4.218353
5.450312 4.692733
5.274606 4.314129
6.806707 5.545675
7.254478 5.617182
8.189753 6.898547
7.825024 6.223113
6.901047 6.136335
7.278374 5.194809
7.028932 5.730511
6.73047 5.461101
6.329179 5.504692
5.784082 4.643884
4.687274 2.600941
5.210244 4.098089
6.215829 4.923109
7.345988 6.477137
8.423656 6.302902
8.030427 6.449934
7.761442 6.828695
7.384781 6.361518
6.562596 5.739884
6.889049 5.21026
7.076187 5.861793
7.407795 6.752739
7.00215 6.42
7.81646 5.82327
7.324282 5.950628
7.119995 4.85192
6.229191 5.281961
6.685482 4.80765
6.197128 4.861316
6.930784 5.528061
6.735582 5.354431
5.865835 4.861752
6.66198 5.941961
7.742607 5.775265
6.679654 5.199867
7.214219 6.192717
7.81577 5.545844
6.13163 4.95175
8.150696 6.47975
8.605511 7.643454
8.441697 7.316194
8.710702 7.790521
9.590534 8.69605
8.710756 6.69147
7.312792 6.602242
7.305697 6.526598
7.561004 6.383787
8.066578 5.586007
8.154431 6.073966
6.029808 5.295616
6.413133 5.325467
7.24099 5.869331
8.748378 7.090312
7.663956 6.473073
7.221553 6.329403
6.762881 5.154661
6.984096 6.184519
8.103224 6.951918
7.573926 6.143248
8.101957 7.29368
8.809265 8.37654
10.07372 7.913284
10.49859 8.777683
9.783141 8.955637
11.5987 9.85416
11.14928 9.745067
10.54639 9.214747
11.17388 9.582431
12.01578 10.10714
12.51133 10.77853
12.96718 11.44235
12.4798 11.29382
12.96764 11.50316
12.52071 10.97756
13.24812 11.69447
13.54248 12.23438
14.10092 12.52495
13.68736 12.21354
14.68802 13.26884
14.69966 13.09148
15.19151 13.9275
15.78123 14.56811
16.64342 15.05853
15.55283 14.80584
15.33255 13.89442
14.76439 13.10281
15.74669 13.8297
15.15593 13.80044
15.72152 14.6065
15.90175 13.49015
14.81646 13.91124
13.2943 12.53364
13.41323 11.67658
14.38055 12.85825
14.16161 13.82935
14.18509 13.45206
14.73774 13.5461
13.68827 12.70454
12.61223 11.79183
13.19263 12.19712
13.59265 12.35003
13.69453 11.66697
13.52516 11.57567
13.98348 13.16731
13.61217 12.47135
13.70203 12.30318
13.69033 12.40605
13.75755 12.59821
13.58054 12.40433
13.50136 11.62063
13.41847 12.40648
12.67051 11.66397
11.83454 10.83925
12.63546 12.11744
12.23583 11.42704
12.38087 10.97077
11.83125 10.96445
11.29961 9.992641
10.82326 9.25808
11.14286 10.20041
11.6142 11.45704
11.36552 9.639977
11.50984 10.09527
11.24369 10.16124
11.90259 10.36913
13.37244 12.10099
14.84442 12.92659
14.72721 13.86737
15.76412 14.17614
15.36902 14.25569
15.57998 14.18407
16.7422 15.28308
16.95062 15.69299
16.95163 16.5416
18.0483 17.19924
17.22368 16.70978
18.4946 16.21904
17.90894 16.84165
17.08481 15.99187
16.19794 14.49677
16.00612 15.10239
16.03058 14.41624
16.67274 14.61964
16.82429 15.69434
16.69269 14.1353
16.13657 15.14977
16.58151 15.03633
16.32948 14.53444
16.55692 15.20525
16.7081 15.76897
17.53464 15.75114
18.46393 17.13404
18.24524 17.30362
19.89112 17.63704
19.57319 18.31561
18.50098 16.89129
18.44064 17.41284
19.75589 17.94833
19.44485 18.015
19.32603 18.0847
18.98086 17.63517
19.07469 17.03524
19.11961 18.36607
19.2847 17.38608
18.98527 17.99377
19.09761 16.89956
18.72648 17.61062
18.83997 16.7688
18.12807 17.28521
18.17935 16.64681
17.53137 16.57699
18.02825 17.30901
17.37429 16.25163
17.0947 15.94784
17.87326 16.14325
18.13773 15.82027
16.93385 16.43382
18.57712 17.05503
20.09966 18.83018
20.49063 19.97189
22.06009 20.83911
23.37334 21.60577
22.78516 21.95063
22.96584 21.60205
24.36693 22.45744
24.61594 22.86609
23.82814 22.45139
24.30674 21.75743
22.13927 20.297
23.02216 22.48436
22.37364 20.68468
22.91124 21.65859
22.71605 21.0931
23.56551 21.48356
22.3028 21.44961
21.78169 20.96792
22.67049 21.2937
22.39963 21.02798
21.35304 20.28727
22.46781 21.25238
22.07602 20.79495
21.74894 20.23897
22.21046 20.84706
23.32025 21.70585
21.96305 21.95679
22.82185 21.86851
22.80937 22.64524
22.6146 21.39352
22.40019 20.98766
21.50245 19.85312
20.71537 19.77449
21.35596 20.43261
23.26362 21.61874
24.34044 22.2389
24.05191 21.9966
21.49322 20.94249
21.99381 20.82968
22.16718 21.03071
23.57017 22.4341
23.32733 21.45289
23.36601 22.50456
22.38514 20.7656
21.80638 21.01419
21.45753 20.26496
21.57767 20.33007
21.89447 20.04984
21.40479 20.94295
20.1019 18.72988
20.9384 19.85484
21.48362 19.989
21.65337 20.59829
22.2457 20.27965
21.81327 20.36347
21.41236 19.51902
20.4997 19.35077
21.66196 18.95915
19.06927 18.52914
19.04633 18.4631
18.35861 18.27612
19.20375 17.5465
19.36072 18.78967
19.35323 17.87025
20.26388 19.09813
19.66487 18.10962
19.18519 17.65723
18.60325 17.94113
18.34079 16.90397
17.30524 16.38337
17.26388 15.82243
17.0003 15.81663
16.56017 15.05646
16.05859 14.45213
14.98234 14.55396
15.51665 14.68144
16.39971 14.52965
16.95963 15.1723
16.56466 15.30697
16.19307 14.58478
17.58376 16.07867
17.9163 16.05412
17.57268 16.82814
17.46718 16.76974
18.16843 16.70712
18.45437 17.75589
18.42018 17.12315
19.20437 18.24658
18.8819 17.81892
19.16387 17.85029
19.14871 18.03137
19.70097 18.13274
21.04382 19.59286
20.88688 19.38051
20.41462 19.44451
20.63503 19.36813
20.99361 18.45399
20.12282 18.65314
20.3402 18.97027
20.70136 19.8469
22.2922 20.95369
20.88355 20.3893
21.25948 19.61336
21.45041 20.18949
21.9811 20.71353
23.44444 22.25006
22.694 22.15875
21.78792 21.02804
21.8914 20.56862
21.58161 20.37617
21.47679 20.92256
22.2324 20.73106
21.60693 20.50093
22.72752 20.80635
23.02142 22.51238
22.51976 20.98971
23.64385 22.17489
24.58426 22.68768
23.46426 22.60202
23.16855 22.25066
23.45437 21.51591
22.94696 21.47471
23.65819 22.26451
23.36366 21.65551
22.33386 21.41446
21.66674 21.53177
23.94035 22.24198
22.23824 20.96994
23.79946 22.40586
23.55279 21.41131
24.1606 22.65025
24.01661 21.9496
23.40006 22.17027
22.08237 21.57063
22.81029 21.49095
22.54479 22.49071
22.72246 21.55756
20.88926 20.65347
22.12977 20.5504
21.98037 20.44832
23.01017 21.79379
24.615 22.84333
24.82231 22.87308
25.25909 23.43298
24.49098 23.44987
25.21313 23.54189
26.14227 24.27493
26.08785 24.90362
26.32662 24.46825
25.80032 24.6736
26.3587 24.52521
26.49598 25.05463
26.33695 24.59771
25.12734 24.56263
25.17429 23.73158
25.83037 24.06781
24.47067 24.14589
26.56608 24.28757
25.39264 24.86244
26.14493 25.00931
26.35327 25.08208
28.30136 26.80687
28.57331 26.51281
28.15422 26.3946
28.88694 27.37092
28.5443 27.00383
29.55069 27.9762
29.00598 28.23495
28.86913 27.86403
29.55295 28.32414
30.02577 27.86337
29.24884 28.44893
29.68599 28.30752
30.17331 29.58319
30.09618 29.18288
32.28048 30.17958
32.44751 30.26855
30.61865 30.01442
30.90591 29.31754
29.6807 28.18699
29.3816 27.76602
30.71174 28.21397
30.43954 29.27847
31.43514 29.89001
31.36081 30.53093
31.68321 30.39516
30.84885 29.69916
32.37127 30.31183
32.84997 31.11288
32.96276 31.57383
33.80539 31.69178
33.70663 31.90107
33.93598 31.7877
34.46443 33.22613
34.70095 32.64638
34.47412 32.77447
35.13089 33.4807
35.50941 34.09484
34.86903 33.89301
33.361 32.57427
32.72705 31.64444
33.71004 31.78931
34.68582 32.31966
34.01301 32.95889
34.11584 32.80116
33.65915 31.96169
32.09669 30.63372
32.96604 32.03654
34.07954 32.43077
33.88943 32.29882
33.74253 31.55835
34.05478 32.26426
33.28762 31.69024
32.30129 30.76644
32.7757 31.87675
33.56745 31.77472
33.37447 32.50422
34.6906 33.05224
34.68441 34.22452
34.7665 33.85506
36.10079 34.90517
35.88035 34.02829
35.97918 34.01024
36.06414 34.8652
35.81195 34.65174
34.67014 33.18587
34.8122 33.16557
34.60229 32.99836
34.00495 32.71849
34.81497 33.34269
33.29639 32.44792
33.83589 32.34156
33.73342 31.64805
33.49336 32.73613
33.078 31.38877
32.41375 30.35278
31.08816 29.44251
31.25036 30.02517
32.00322 31.09192
31.90897 30.50541
31.28654 30.63797
31.64021 30.39168
32.64137 31.59773
33.19686 32.3279
33.46325 32.13274
33.50768 32.10645
35.31917 34.04364
35.51313 33.37801
34.28451 33.08558
34.35584 32.23868
32.72185 31.46056
31.99509 30.2935
30.53447 29.51555
29.91281 28.59061
30.48404 28.7909
30.82546 29.06627
29.88699 28.55085
30.04175 28.66892
29.55623 27.92541
29.13425 27.38835
28.28348 27.38856
28.06142 26.48117
27.10204 25.69142
28.57849 27.77862
28.32826 27.16378
28.35569 27.26038
28.7128 27.04582
27.96966 26.66225
29.39634 28.01627
27.9206 27.39429
29.10806 27.3999
29.50507 28.23812
28.5837 27.13206
28.56383 27.56827
28.88025 28.07534
29.63858 27.51352
27.959 26.36442
27.05584 27.07936
27.66898 25.95137
28.10268 25.75916
29.17269 27.90728
29.28408 27.55226
28.2518 26.11095
27.02782 26.92966
27.32902 26.46783
28.31601 26.42026
28.25683 27.36111
27.85026 26.76986
27.81953 26.13649
27.99031 26.93339
27.27081 25.28539
25.06565 25.55149
26.63448 24.90656
27.01949 25.14612
26.86301 25.36954
25.36361 24.6558
24.87409 23.32668
26.94469 24.81637
27.77412 25.77585
27.29709 25.92999
28.11832 26.48218
27.93344 26.77437
28.10345 27.06227
27.50848 26.96257
28.00844 27.37167
27.96838 26.31313
26.66019 25.50067
28.0619 25.53698
26.48631 25.78455
27.61894 25.91909
27.27964 26.17635
28.27225 26.83932
28.35651 27.58989
27.99863 26.79209
28.76601 27.40671
28.48028 27.35626
29.30056 28.37477
30.46078 29.51498
30.42997 28.68929
30.97894 30.04612
30.97347 28.90175
32.06731 30.94068
32.19239 31.23693
32.35677 30.9009
32.07983 30.55725
31.24942 29.39623
30.67907 30.28289
30.884 29.72173
31.31529 29.19467
31.95178 30.65684
32.81337 30.93594
32.72829 32.17769
31.72455 30.76794
32.41204 31.08472
32.62262 31.0852
32.03865 30.84539
31.46543 30.93146
31.7843 30.03979
32.35968 30.82252
31.28201 30.2932
31.77794 30.32429
31.84323 30.47136
31.7916 29.61812
30.88514 29.75764
30.24287 30.30447
31.95604 30.32562
33.17074 31.16047
33.08309 31.83395
32.04611 31.00013
31.50814 29.98256
31.85365 30.51133
32.11664 30.30212
31.54006 30.36549
31.03592 30.04719
31.28558 29.74262
31.28037 29.92997
32.5387 30.88446
31.78329 30.20747
30.86444 29.82277
31.21144 30.31847
31.80045 30.01604
32.00307 30.32779
31.32272 30.5551
32.48689 30.28197
31.35099 30.31373
31.32462 30.04173
31.68961 30.72034
31.44913 30.48225
31.55518 30.14591
31.6358 30.50706
32.09304 30.1738
32.08728 31.04861
32.65018 31.13481
33.33661 32.88684
33.61037 32.58599
32.50029 31.94254
33.75204 32.16651
32.87781 31.55363
32.95304 31.51265
32.54623 31.69718
32.14619 31.31908
33.1972 31.59954
32.34056 30.30643
31.20137 30.34648
33.31803 31.25795
34.45746 32.86523
34.53287 33.63591
35.00262 34.18128
35.58514 33.92079
35.49643 32.786
34.55934 33.08045
33.99343 33.52268
35.2695 33.50257
34.11102 32.80629
35.40605 34.21346
36.03651 34.41159
37.08448 35.42857
37.47277 36.36508
36.79684 35.48364
37.0016 35.25676
35.71508 34.21094
35.57915 33.72496
35.31549 34.91265
36.08777 35.17611
34.93243 34.85592
35.89927 34.5747
36.89067 35.51951
36.16333 34.54636
34.94655 33.81185
34.95448 33.40369
35.15943 33.95353
35.60115 35.06319
36.03195 34.03216
34.77694 32.98329
34.08328 32.57062
34.30483 32.8096
34.10634 33.53328
34.94304 33.03403
34.59925 33.51137
34.97108 33.85711
34.4749 32.66541
34.13262 33.01291
33.06712 31.50192
33.29483 31.18159
32.38023 30.5888
32.36541 31.08305
32.04132 30.79709
31.9722 30.79838
31.92001 30.25436
32.21791 31.19014
33.58056 32.01133
32.91809 32.03926
34.42721 33.3075
35.861 34.72931
35.43363 33.74603
34.00578 33.09595
34.39978 33.57476
36.80188 35.36544
37.48703 36.35141
37.24716 35.0771
36.87401 35.27305
37.05528 35.1078
37.39092 35.68443
36.37952 34.74596
35.02329 33.60186
34.54512 33.35331
34.38852 33.22296
33.32665 32.2907
33.83373 32.25708
35.47295 34.34019
36.87334 35.99932
36.28684 34.98025
36.24074 35.02787
36.08309 34.55641
36.43161 34.25155
36.55794 34.3125
36.01438 34.87985
35.7458 34.85425
36.34961 34.47776
35.38391 34.69278
35.92649 34.62322
35.28934 35.02901
35.03192 34.49263
34.51568 33.60936
35.01393 32.76878
34.30664 33.04384
34.06454 32.77527
34.71436 33.88512
35.06861 33.98019
34.90143 33.85196
34.70862 32.9266
34.17069 33.72409
34.78128 32.69521
33.90416 32.47841
34.78718 32.57984
33.44719 31.9491
34.08235 32.76586
33.89322 32.91788
34.51635 33.29196
34.75425 32.94153
35.21613 32.9203
34.18534 33.82323
34.70043 32.9664
33.98158 33.24461
32.60052 32.35381
31.91835 30.36844
31.66872 30.25183
30.6816 29.60085
31.27322 30.47615
31.69225 30.084
31.16766 29.45566
30.41583 29.11535
30.74973 29.82422
31.92464 29.92874
31.13646 29.37038
32.46137 30.59814
32.62279 30.87102
33.74336 31.64207
32.67949 31.64216
33.10491 32.69726
33.48362 32.20365
33.44749 31.77509
33.80976 32.68162
34.65516 32.3169
34.9283 34.18549
35.67147 34.21695
35.56135 34.77428
34.398 33.66486
34.88329 32.94565
36.10072 34.40836
36.05105 34.75784
37.38913 35.87208
36.93605 35.83526
36.77615 35.74094
36.96592 36.49426
37.25836 36.14754
37.63644 36.42221
38.92108 37.55952
40.6666 39.04462
40.86071 38.79601
38.72292 37.7896
38.05389 37.08134
39.41771 37.78198
38.90778 37.85548
39.40614 39.18257
40.30201 39.49877
39.8875 37.82214
39.56261 37.84001
38.85525 37.66894
39.97172 38.38176
40.32204 38.40134
39.51667 38.4019
39.21685 38.51398
39.83849 38.73524
40.17808 39.00024
40.46052 39.34298
40.17031 39.31263
39.27318 38.44698
39.34399 38.50828
39.38203 38.1999
38.19517 36.23245
37.75237 36.39703
39.29542 36.6741
37.65581 36.39037
36.39328 35.32403
37.40385 35.78791
37.71183 35.64926
37.32572 36.83762
37.97262 37.25404
37.62278 35.99927
37.7753 36.06756
37.42249 36.55025
36.90665 35.71126
36.51629 35.39533
36.21574 35.44534
36.75005 35.18155
35.38409 34.23852
36.38114 35.36482
35.62109 34.45567
36.27523 34.17863
36.75672 34.95915
35.48534 34.33876
35.69962 34.60697
35.569 33.72956
35.03787 34.00834
34.5058 33.56031
33.93663 33.43189
33.65538 32.41809
34.82241 34.03247
34.44927 33.36409
33.80798 33.71088
34.07306 32.69157
35.53419 33.94907
33.80043 32.52481
35.14441 33.35785
34.99783 33.52033
34.22792 32.65798
33.90229 32.53971
33.62351 31.58786
33.42128 31.78299
33.89781 32.4965
33.4583 32.31762
32.46499 31.41593
32.79607 31.21597
33.15635 31.90946
33.40402 32.79491
34.06062 33.47409
34.99378 33.60015
36.03931 34.33317
36.94138 35.38873
35.80188 34.50457
35.49678 34.07425
36.24393 34.98255
34.89245 33.91403
37.01559 35.40772
36.01759 35.48494
36.01291 34.4708
36.97399 35.383
36.5123 35.51145
35.87853 34.84382
36.1715 34.46362
36.543 34.87492
36.30524 35.04326
35.36649 34.20436
35.9891 34.248
34.83662 33.76145
35.55989 33.44675
36.99059 35.74499
37.37711 35.78705
37.90187 36.21811
37.54313 36.14961
37.04847 36.77834
38.59726 36.72051
38.45804 37.40554
38.84636 37.10439
38.35831 36.64745
39.16739 37.99829
38.89276 38.17398
39.63179 38.23635
38.76658 36.98673
38.53419 36.66877
38.63907 37.01986
37.58757 36.30657
37.10691 35.66634
36.5673 34.47438
36.00571 35.68167
37.27822 35.767
36.23851 34.58795
36.46599 35.08798
37.72035 36.28533
36.9969 36.01084
38.3477 36.76204
38.79771 37.43069
39.01274 37.49367
38.94081 37.57027
38.35455 37.07727
37.66794 36.65793
37.75019 35.99859
38.58289 37.16289
36.89647 36.18664
38.00053 37.31593
37.45043 36.09651
36.44066 35.21399
36.80488 36.18716
36.41799 35.74946
37.56203 36.36458
37.76736 36.22059
38.16465 36.53491
37.84533 36.45091
37.23117 36.53406
37.68754 36.19113
38.0778 36.80875
37.20072 36.52067
36.70347 35.6673
35.69479 34.0347
37.70287 35.8512
37.72933 36.34292
36.47603 35.43604
37.5477 35.36915
36.58552 36.13272
36.70349 35.85938
37.082 36.23418
38.0013 36.72021
38.54211 37.54199
38.75172 37.43417
39.1427 37.68145
39.69015 38.20799
39.9493 39.42142
40.11783 39.33464
39.74708 38.65324
39.69928 38.10683
39.13642 37.53656
38.5787 37.58733
36.72161 35.8976
36.43062 35.37764
37.32831 36.74346
38.36059 37.58705
37.69651 37.16538
38.1806 36.70087
37.85464 36.96887
37.62425 35.97127
37.54407 34.62788
35.0934 33.94596
35.33869 32.95731
34.595 32.92858
34.94503 34.17835
36.17822 34.03526
36.36977 35.84231
36.47297 35.75805
35.99498 35.10334
36.67647 34.27869
35.1423 33.73223
34.62155 33.55131
35.07971 33.68606
34.35913 32.54033
35.09696 33.77093
34.45782 33.32414
34.48836 32.60888
33.48544 32.79561
33.39477 31.81277
34.42133 33.0519
35.02177 32.73945
33.69455 33.06563
35.60031 33.89257
35.0628 33.47342
35.88111 34.52903
36.12065 34.66799
35.06283 34.01833
35.29061 33.2168
35.50499 34.71159
36.68384 35.93156
36.56367 35.62953
37.11489 35.25117
37.09263 35.41585
36.80138 35.71293
37.65607 36.54195
37.45963 36.86948
36.85715 35.75969
37.43254 36.13096
38.0442 36.27177
37.72939 36.94814
39.28841 37.86434
38.02404 37.46246
37.75628 37.01591
37.97128 36.74934
38.39067 37.90336
37.80052 36.8943
38.13803 36.04173
37.0445 35.91879
36.47689 34.80394
35.75297 34.81312
36.15691 35.35149
36.41152 35.10156
37.58261 36.75955
36.69061 35.92611
36.47938 35.47676
36.95675 36.24317
36.7441 35.7128
37.70511 35.53244
36.80747 35.83476
36.61369 34.65163
36.79021 35.41284
36.52683 35.67252
37.75341 36.99034
37.04187 35.76942
36.99283 35.72369
36.96519 36.10304
37.08487 36.39311
36.84686 35.06878
36.98019 35.86522
37.76833 36.50576
38.76104 36.69919
37.72054 36.62837
38.24131 36.85481
38.14808 36.80383
37.75271 35.7652
37.08223 36.41936
37.60795 37.01117
38.56071 37.54581
39.66861 37.88311
39.05239 39.03951
39.70946 38.95509
40.7851 39.76768
41.36576 39.53065
39.87354 37.69418
39.26974 37.25959
38.3824 37.37346
37.9269 35.54858
36.6326 35.19731
37.3926 36.58465
37.21008 35.49212
38.27128 37.1766
37.4972 35.78771
38.00436 36.21294
37.8305 36.95084
37.8262 36.75061
37.80127 36.82016
38.11651 37.28064
38.83544 37.84777
38.69457 38.3097
39.13814 37.66922
40.25323 39.21615
39.50498 38.17163
38.63012 37.13864
37.81612 35.87429
37.80859 35.96177
37.68452 36.04584
37.33398 36.1738
36.7432 35.25747
37.05756 35.58324
37.03303 35.12727
36.64508 34.98807
36.43218 35.34596
36.34316 34.1931
35.04918 33.88214
34.84525 33.32504
35.03386 34.04852
35.64282 34.49299
36.39649 34.51356
35.41294 34.40255
35.19179 34.3875
35.19588 33.75352
33.70322 33.06078
34.39318 33.39996
34.68905 33.03582
33.9568 32.8807
33.19054 32.02902
34.67807 33.22405
35.47781 34.02541
35.65007 34.27276
36.52381 35.04237
38.88836 36.70551
38.00444 36.56577
37.17632 35.81793
36.30998 34.03673
35.46031 33.77062
34.06169 33.17844
33.81181 32.39012
33.82947 32.47884
32.91545 31.59749
32.90349 31.79935
33.25588 31.96249
33.14145 31.53617
32.98663 31.307
31.61914 30.8487
32.89174 31.64188
31.36231 30.13203
31.01323 28.99058
30.74695 29.22481
28.56111 28.10143
29.1386 27.35838
29.46893 27.35596
29.43766 28.02824
30.50375 30.0625
31.2336 30.11932
31.41843 29.69778
30.67769 29.89045
29.08277 28.10885
28.39707 26.87913
27.76658 26.42039
26.69974 25.25487
26.92194 24.83963
25.45385 25.04348
25.81922 25.21395
26.9019 25.8437
27.13225 25.43152
27.27644 26.13645
28.55038 27.62906
29.6414 28.25502
29.25709 29.08794
29.37697 28.59778
29.91249 28.52091
29.39084 27.50255
29.95914 28.1776
29.13125 27.83027
28.43273 26.94687
29.17404 28.14656
28.77256 28.38915
29.5743 27.92583
29.92415 28.64216
29.03885 27.59426
28.2465 27.23634
27.43549 27.42952
28.46091 27.20516
29.65164 28.24638
28.35499 28.78082
28.99525 27.79581
29.32509 27.98532
29.99834 28.77983
30.61536 28.92963
30.22503 28.7493
30.44422 27.87551
29.4669 27.89836
28.17311 27.23645
28.31549 26.47963
28.15706 26.56911
28.16738 26.56539
28.78725 27.91978
29.26492 27.3165
29.63052 27.90991
30.55412 28.44547
29.20803 28.34386
30.65552 28.88891
30.09987 28.30477
31.3342 29.65384
31.18147 30.72808
31.65014 30.95894
31.28984 29.76967
30.07834 29.23113
30.63864 29.08836
30.55544 28.93621
31.0802 30.03524
30.37697 29.48483
30.11019 28.17064
28.90093 27.97575
29.57981 28.88117
30.51297 28.96211
31.39392 29.77118
32.27352 31.05846
32.32386 31.44031
33.67425 32.17395
33.14431 31.45263
33.36585 32.05898
34.11653 32.29633
34.57905 32.35913
34.97776 33.26506
35.18425 34.04381
34.3371 32.72697
33.3276 33.01852
34.53832 33.53509
35.78608 34.6675
37.98747 35.84406
37.56604 35.89751
37.74115 36.14663
37.51216 35.7282
36.87976 35.19697
37.01241 35.57957
37.36967 35.96579
37.53199 35.78708
37.51566 36.28621
36.14284 35.6202
36.57267 34.96749
36.35154 35.65623
37.64072 36.60899
37.80234 36.11402
36.18419 34.71302
36.64366 35.74104
36.9064 35.15772
38.47137 36.59014
37.94673 36.46527
40.24311 38.40871
39.19596 37.42565
37.78448 37.07317
37.57443 36.69965
38.54808 37.30049
37.51636 36.14741
36.98544 35.22044
36.25391 35.11075
35.79545 34.77781
35.89612 34.6039
34.44613 34.15134
36.49212 35.14653
36.30733 34.83714
35.95105 34.98718
36.09418 34.66951
35.63421 34.22513
35.41161 34.78475
35.92209 34.71844
35.97924 34.15701
35.47741 34.3638
35.05734 34.16338
34.93552 33.12046
34.09919 32.66046
33.38331 31.66168
33.76782 31.64193
33.53843 32.49109
34.40511 33.26613
34.94917 33.29409
35.14975 33.98569
35.52003 34.47565
37.76857 36.14737
37.43326 36.40904
37.50499 35.94723
36.77001 35.99044
36.92116 35.72229
36.55231 35.41438
36.59963 35.34666
36.79818 36.18711
37.45814 36.44272
38.11258 36.6277
37.79967 37.33084
38.53898 37.3617
38.21318 37.01926
37.27123 35.59626
36.24643 35.5013
36.70982 35.34791
36.73792 36.07088
38.4679 35.92389
37.7554 36.8261
36.548 36.13206
38.14567 36.12082
36.39919 34.92237
36.4988 35.83417
35.65103 35.27922
36.02554 34.22142
35.72716 34.50092
36.98182 35.10782
37.54802 35.63927
38.14709 36.80917
38.38779 36.53488
37.70299 36.43984
38.23319 37.07147
37.66976 35.94324
37.62767 35.6885
37.19907 35.48091
38.36044 37.06941
38.65139 37.32019
38.39659 37.62494
38.19041 36.80912
38.71185 37.22386
38.50394 37.80913
39.2282 37.55393
38.65293 37.14104
37.60764 36.47978
36.02694 35.10545
34.75864 33.85998
35.66892 34.63635
36.42834 34.95447
36.99332 35.48288
36.77301 35.85236
36.28591 34.85029
37.02039 35.70573
37.45743 36.38509
37.67676 35.56186
37.24747 35.82655
36.02113 34.09159
35.3858 34.07847
35.62143 34.68721
36.38504 35.29284
36.6703 35.8725
38.16912 36.87465
38.80643 37.16351
38.13841 36.86726
37.83892 37.19447
39.58155 38.50789
38.92879 38.45339
40.81497 40.14209
41.71637 40.09945
41.98425 40.44226
41.90951 41.01063
41.58685 39.9614
40.6149 38.99508
40.48345 39.57065
39.922 39.46781
39.83389 39.32698
39.4725 38.26726
39.54947 37.49039
38.50758 37.90824
38.61055 38.97688
39.01438 38.20642
38.63147 37.78645
39.65957 37.9459
39.2603 38.10792
38.23598 37.15994
38.30508 37.02649
38.30435 37.71538
38.92807 36.7049
38.7769 37.57541
38.96402 37.63439
39.0633 37.12629
38.6073 37.00911
38.72877 37.15709
37.95043 37.11022
37.5208 36.11857
36.47776 35.05827
35.95666 34.8818
36.34796 34.90827
36.46189 34.961
37.23087 35.56045
37.82832 36.92475
36.41921 34.96629
35.46545 33.69835
36.05992 33.89523
37.1838 35.64536
36.90327 35.68514
36.4377 35.63244
36.85953 35.43447
36.44562 35.35469
36.83811 35.73908
37.31492 35.68629
36.34794 35.68652
35.93467 34.7108
37.41097 36.37506
37.45381 36.31382
37.48595 36.81883
37.79451 36.43869
37.85347 35.89485
36.67374 36.31042
35.69356 33.98387
35.98286 34.25759
34.98581 33.37078
33.86866 33.0713
34.60021 33.75391
35.07218 33.78212
34.62821 33.19167
34.68473 33.04505
34.76393 33.64012
34.52917 33.56381
35.08151 33.90903
36.0605 34.14015
35.57942 34.11185
34.93545 33.62315
34.6296 32.54502
34.55139 33.25771
33.49061 32.75651
32.20418 31.40587
31.25154 29.57692
30.42455 28.96314
30.65258 29.22936
31.55327 29.32449
31.50891 30.29098
32.00177 30.88863
31.90067 30.6429
31.26691 29.87783
30.11963 29.24748
31.00376 29.8517
31.45297 30.45968
33.57517 31.55631
33.70857 32.3859
33.27366 31.53046
33.8945 32.39206
33.57366 31.66058
31.6438 30.74204
30.82474 29.80859
30.28433 29.25644
30.59238 29.10382
31.58701 30.29521
31.70502 30.83289
31.52813 30.53165
32.3282 30.8777
31.80188 31.28092
32.34391 31.11528
33.04488 32.88911
34.03649 32.78307
35.17416 33.56057
36.16427 34.25172
35.43568 34.51378
35.70022 35.05615
35.65654 35.22482
37.93619 36.5778
38.85474 37.49451
38.827 37.6465
39.04295 37.57615
39.03739 37.5899
39.2946 39.04462
40.59106 38.84288
39.20761 38.51261
39.37617 38.34969
39.57206 38.84068
41.7951 39.90003
42.80717 41.36826
42.51575 40.45769
41.44434 40.58148
43.00256 41.69618
42.04217 40.6624
42.43819 41.3089
41.69174 40.62091
42.49508 40.95128
42.26175 40.88117
41.30733 40.12908
41.39369 39.43595
40.86885 38.9777
41.43704 40.25079
40.59101 40.13759
41.56864 40.96458
42.95026 42.07264
43.94486 41.53859
44.64742 42.28397
44.38007 42.95392
44.06577 42.86165
43.34231 42.30775
42.60746 41.6373
42.62815 41.11684
43.37732 41.1635
43.72483 42.52771
43.72309 42.39092
44.15972 42.68293
43.89946 42.23692
45.39245 43.93897
45.25912 43.99041
45.80024 43.92949
46.65626 45.81538
46.66155 44.94685
45.48195 44.38665
46.73375 44.76218
47.40879 46.00597
48.21673 45.30872
46.88849 45.48687
46.23588 45.35198
45.4515 44.06929
45.47169 43.84342
44.77197 43.9051
44.97317 43.68794
45.48372 43.88744
45.63895 44.32678
45.07905 43.0445
44.15172 43.85069
44.23571 42.8068
44.40427 42.36344
44.40868 42.89552
44.76817 43.34172
43.1503 42.20216
44.04465 42.45064
43.36346 42.10161
44.59916 42.56381
44.38023 43.97837
45.62011 44.09519
45.23894 44.21933
45.06169 43.80695
45.4809 43.9842
45.2872 44.28379
43.62466 42.87596
43.52724 41.85985
43.25555 42.18118
42.43057 41.18163
40.60619 39.62762
40.47746 39.60823
41.9444 40.993
42.2096 40.20727
42.6414 41.78767
43.09216 42.25876
43.51394 41.8709
42.90456 41.03053
42.66662 41.5649
41.45923 39.90661
41.35026 39.98745
40.76971 39.7976
40.79302 39.41402
40.49279 39.41355
40.77852 39.38794
41.35701 39.95866
41.19718 39.79957
41.78325 40.43434
41.53473 40.13168
40.11699 39.55348
40.75785 39.34021
40.48362 39.10363
41.1717 39.67738
40.91978 39.80896
40.7295 39.08447
40.13996 39.26617
39.93708 38.75852
40.27514 39.04813
41.01247 38.79673
40.36951 39.28837
40.69342 38.39171
39.26494 38.65626
39.86029 38.78799
40.8733 38.86544
40.85052 39.74367
40.91563 40.0184
39.74963 39.56061
39.95013 38.96672
40.81952 38.73985
40.03542 38.75297
39.43523 38.47037
39.43296 38.66218
40.15882 39.67599
40.45508 38.67568
40.78019 40.17921
42.19077 40.21886
42.26582 40.91398
43.38756 41.22989
41.71999 40.60966
41.46107 39.39294
39.89967 38.84819
39.33518 38.19047
39.74194 39.08838
39.27544 38.47149
39.37728 38.48887
39.69687 38.28351
39.72877 38.91029
40.60342 38.70735
40.78086 38.31767
40.97327 39.37881
40.31196 39.07213
40.52757 38.20448
39.0794 38.04178
38.51375 37.49967
37.14598 35.88235
38.01518 36.14199
37.60175 36.74541
37.21264 35.93688
37.74259 36.55489
37.9783 36.67987
37.93429 36.26888
38.65333 36.95443
38.15064 37.37539
36.76988 35.82586
36.90106 35.78233
36.44788 36.13749
37.35606 36.69273
38.64837 37.36459
38.86978 37.76021
38.13168 37.13079
38.64582 36.84516
39.49789 38.43553
39.06794 38.42278
39.54558 37.65636
41.16985 39.59819
41.8782 41.19
41.76448 41.01681
42.06119 40.58822
41.57895 40.39567
41.81574 40.24444
42.60787 41.4109
42.35308 41.07258
43.43254 41.84221
43.15993 42.10385
43.3185 41.44818
43.65877 43.02967
44.45957 43.0345
44.01099 42.77857
43.70211 42.2104
42.53144 41.84287
42.19001 41.00344
42.11278 40.67335
42.4681 40.95177
42.62734 41.53986
42.39496 41.02996
42.54397 41.62288
42.71903 42.04746
43.61884 41.81875
43.68957 42.64893
44.39742 42.72926
44.10982 42.63225
42.62361 40.6016
42.40609 40.93279
42.94437 41.13812
43.08657 41.17233
42.32242 41.50033
43.18426 42.44413
44.24003 42.70971
44.38329 43.09686
45.08545 43.38784
46.59439 45.74034
47.70216 45.69933
47.2916 46.09003
48.19395 46.79867
47.44997 46.30994
47.59113 46.85811
48.98372 47.12155
49.08358 47.75056
46.98131 46.31099
47.02125 45.63373
46.34435 45.44631
46.23051 45.09689
45.16128 44.04147
44.17868 43.13299
44.69602 42.75793
45.88981 44.25973
46.56257 45.63719
45.95547 45.00325
45.70568 44.43843
47.11412 45.53142
47.89621 45.52889
45.80827 45.08056
45.72698 44.19846
45.32643 44.61364
45.50131 45.17219
45.30743 44.89056
45.55245 44.28266
45.86395 43.89184
46.00953 44.71338
47.78524 46.73289
48.33139 47.49208
48.07383 47.47562
49.83798 47.98062
49.12602 48.30528
50.52855 49.27679
50.48515 49.8902
51.15961 49.22122
51.1273 49.02127
51.87746 50.40022
51.83068 51.69319
51.92282 50.69183
51.26675 49.47989
50.82031 48.67919
50.93862 49.24134
50.39493 50.05918
51.05264 50.09994
51.91612 49.79256
51.05705 50.07991
51.42196 49.37558
51.82103 50.12074
50.78973 49.57097
50.5375 49.65938
51.17344 49.19517
50.82355 49.95676
51.84092 50.42973
51.26862 49.75958
51.61292 49.4964
52.50143 51.47489
53.05858 51.91676
52.86795 51.37511
52.46265 51.01781
52.82678 51.18939
52.78178 51.31349
53.41258 51.4189
52.21657 51.25571
52.42862 51.51531
52.90723 50.529
52.2723 51.74608
52.68823 51.42122
52.22791 51.0919
52.36941 51.3333
52.94279 51.41703
52.7905 51.4777
52.46001 51.01793
52.87244 52.22865
52.96861 51.83809
53.65333 51.57527
53.8163 52.58264
54.28686 52.93128
54.36126 53.05487
54.82093 53.08389
54.30034 54.3954
54.99762 54.22136
54.90091 53.92178
54.85314 53.84221
56.06654 55.61004
57.61889 56.56811
57.64624 56.51703
56.01179 54.73608
55.42573 54.75553
55.90869 54.04501
55.44149 55.00932
56.28658 54.72783
57.7487 55.6565
57.37291 55.84576
57.93636 56.01072
59.13353 57.63904
58.69332 56.64924
59.25487 57.97581
59.72568 58.1495
59.48409 57.84761
60.74271 58.95802
61.1841 59.90245
62.48589 60.89395
62.17478 60.71422
62.94201 61.68746
63.56406 62.00142
63.39535 62.36079
62.99348 61.76858
63.50637 62.51249
62.71056 61.78093
63.6826 62.26979
62.87147 62.47764
63.12361 62.12896
63.08213 61.723
63.30833 62.43496
62.87872 62.11009
62.37708 60.523
62.38328 61.16956
62.60124 61.7805
62.63102 60.99609
62.33014 60.99675
62.87985 60.84739
62.38301 60.80978
61.52875 60.8073
62.16353 61.18205
61.56516 60.43634
60.70161 59.96307
61.92936 60.88279
60.50123 58.74824
60.26255 59.16566
60.75206 59.81126
60.92918 59.63822
61.08024 59.92124
61.4239 60.72927
61.9803 60.31288
62.02188 60.62203
62.38665 60.55108
61.37985 60.4031
61.64093 58.86073
60.41827 59.42341
60.00467 58.78199
60.69037 59.64596
60.15197 58.92449
58.81372 58.25048
58.90153 58.18273
58.77142 57.03909
58.92138 57.21876
58.49315 56.78652
59.21084 57.14103
57.90874 56.96263
58.69124 56.96224
57.61056 56.74508
57.01747 56.38298
56.74327 56.02077
56.91441 55.49763
54.98638 54.34261
55.39227 53.87797
54.94692 53.73119
54.95197 53.26789
55.29175 54.26875
55.46558 53.44871
54.57914 53.63156
54.69208 53.506
54.1712 52.58719
54.26258 53.68084
53.72498 52.97609
52.61758 51.84744
51.7977 50.93362
51.90728 49.70521
50.88803 49.51381
50.64184 49.36857
51.50996 49.93683
51.77782 50.2795
52.29663 51.03196
52.9826 51.98726
54.01453 51.98799
52.22472 51.49163
53.28023 51.23003
53.12565 51.75612
52.08252 51.12441
51.22787 49.66819
51.35472 49.74023
51.60319 49.6626
51.29378 50.43124
52.56106 51.01178
51.43828 50.83888
52.38844 50.31341
51.92423 50.16593
52.37374 51.61988
52.88373 50.60975
52.1524 51.26371
53.79682 52.42461
53.91304 51.48967
52.65132 51.32054
52.92651 51.43001
53.30033 51.82121
53.21045 51.28765
53.81232 51.93788
54.22328 53.0835
55.29471 53.97677
56.12095 53.84841
55.76663 53.7039
55.91863 54.80063
56.23451 55.59833
55.87932 54.66744
55.37112 53.49422
54.32696 53.43413
55.08147 53.18372
54.78325 52.92866
54.58137 53.03487
53.97066 53.03906
54.05896 52.66889
53.85079 52.60869
55.59095 53.12058
54.20907 52.16928
54.12033 53.08053
53.90266 52.03552
51.14993 50.2418
50.44853 49.18958
50.04309 48.91593
50.20028 48.51594
48.59318 47.02169
47.89487 46.56788
48.85586 47.96353
49.06683 47.65309
48.95092 47.91652
48.98668 48.33445
49.09483 48.70486
49.66183 47.65042
49.39759 47.16445
48.57246 47.52916
48.03764 47.55361
48.2357 46.50092
47.43272 45.68032
47.33212 46.02692
47.30262 45.71355
46.6627 45.27772
47.15796 46.14978
47.70571 47.29818
47.5691 46.41756
48.14913 46.51631
47.87625 46.16755
48.62471 47.10312
47.31256 45.76774
48.8986 47.29911
47.5797 46.44212
48.57862 47.41158
48.14262 46.99232
48.21038 46.59069
48.59972 47.13419
47.35816 45.41474
47.57159 45.7789
47.6903 45.98216
46.45364 44.91268
46.11335 44.82781
45.30548 44.34573
45.67517 44.84533
46.38653 44.24316
47.30063 46.26829
47.94827 46.51182
46.32637 44.99161
46.66026 45.59718
46.39763 45.52606
47.05051 45.50979
45.92727 44.05634
46.22198 44.22777
44.67283 43.57559
43.02413 41.71883
42.881 41.94038
41.13748 40.50783
41.66292 40.34355
41.24365 39.62577
41.23057 40.51131
42.20045 41.3716
41.79941 39.50264
39.93863 39.6442
40.12895 39.19943
39.5764 38.15722
40.42554 39.17021
39.03113 37.88383
38.52687 37.95853
40.44401 38.45782
39.74828 38.77377
39.65153 38.44606
38.43616 37.34215
38.01294 36.53036
37.86146 36.49788
38.04389 36.6035
37.70387 36.16581
37.34466 36.14254
37.90248 36.68487
37.74481 36.42984
37.15556 35.05586
36.78023 35.5256
37.7413 36.32743
37.97787 36.97034
38.2084 36.55931
38.05625 37.17215
36.87682 35.71829
36.26176 35.11823
37.47079 36.00282
37.58487 36.07196
38.21898 36.55434
37.38406 36.66997
37.42562 36.60117
38.00752 35.94546
35.9806 34.70326
35.8386 34.13009
36.1753 35.10514
36.19099 35.35543
36.04813 34.29521
35.34857 33.99773
35.28949 34.27567
36.79414 34.67481
35.19143 34.51628
36.31495 35.35367
37.00068 35.36666
36.3735 35.08281
37.12935 35.2464
37.16231 35.97278
36.56382 34.95211
36.77483 35.71794
36.20141 35.31874
35.48851 34.4234
36.02933 35.29457
35.40675 33.97032
36.9908 34.61732
35.0091 34.18423
33.25889 33.07045
33.31408 32.10528
34.52836 33.1476
35.97405 34.57713
36.89986 35.92048
36.61317 35.6601
36.07816 35.0428
35.70242 34.30813
36.48268 34.96695
37.35565 35.40736
36.5663 35.80718
37.25583 36.90796
38.24267 37.06818
37.20855 36.78186
37.19338 36.61754
37.6964 35.86471
38.28968 37.51792
38.08654 37.12554
38.27509 36.1122
38.7554 36.7389
38.27163 36.55503
38.62043 38.28934
39.64805 38.29755
40.64306 39.09947
40.40583 39.53137
41.73266 39.43293
42.21214 40.39735
42.24704 41.1965
41.28143 40.31923
41.93471 40.42814
42.23973 40.60662
40.47414 39.8537
40.34273 38.81588
40.58521 39.04452
39.1815 38.12382
39.43138 37.69972
38.72366 37.44162
37.95555 36.73925
38.26976 36.59753
37.39784 35.83582
36.54784 35.17863
36.41949 35.03095
35.46817 34.31594
36.33265 34.76867
36.81871 35.51417
37.0175 36.25575
36.50208 35.60189
36.77432 35.1324
36.59416 35.93571
37.99892 37.26427
38.64327 36.99012
37.87331 36.17991
37.14762 36.38063
36.27645 35.05058
36.65076 35.64943
35.7173 34.32756
35.68409 33.44802
35.00584 34.14564
34.36593 33.2378
35.33676 35.22348
36.27517 35.28639
34.96118 33.82259
34.43698 33.0346
33.03737 31.21803
33.76348 32.84591
35.06899 33.892
35.28648 33.20492
34.76688 33.38849
34.79345 33.07683
36.11139 35.41762
36.67466 34.94114
36.62747 35.09468
36.85243 35.57294
37.68859 37.10165
37.54381 36.21234
38.87633 38.03773
37.68544 36.92107
38.40658 36.5141
39.19435 37.12557
39.8401 37.66292
38.85181 37.65377
38.67169 37.40187
38.48132 37.7406
39.34375 37.90269
39.18232 37.41189
38.34438 37.05922
38.66232 37.30619
38.30519 37.14037
39.33526 37.78047
38.72206 36.98373
38.65326 37.37397
40.09019 38.45464
40.10471 37.88203
40.57335 38.53307
40.48383 39.7716
40.26938 39.34269
40.42463 38.98474
40.43091 38.66619
39.41696 39.29392
40.50146 39.75103
40.84139 40.32648
40.25613 39.40797
39.49951 38.5205
38.97516 37.94566
39.38945 37.6603
37.88298 37.0248
37.2641 35.96817
37.49855 36.94379
37.02872 35.887
37.20177 35.21056
36.93346 35.27813
36.41877 34.63092
36.77841 35.7586
36.23242 35.21098
36.8519 36.23687
36.57865 35.47168
36.13354 34.61169
35.6272 34.25268
36.14726 35.05169
36.00784 34.80033
35.69153 34.09376
35.5368 34.83591
35.11063 33.58917
35.32672 34.13776
35.01712 32.82818
35.01096 34.00312
34.69263 33.59134
35.17217 33.60133
36.1607 34.79157
37.68744 35.79255
36.50379 35.0155
36.74104 35.37679
37.03949 35.26368
35.35194 34.09875
35.31457 33.69887
36.77335 35.9511
35.94962 35.62917
36.95409 36.04009
37.97922 37.02347
39.87754 38.924
40.85889 38.26434
42.20132 40.4141
41.10772 39.91946
40.86897 39.11136
41.04586 40.05386
41.78775 40.33318
41.89414 39.71254
40.75683 40.19109
41.14015 41.08192
42.28725 40.41358
42.65049 40.771
43.53343 41.16972
42.50559 41.52339
42.13488 40.43808
42.01937 40.97263
41.93434 40.74139
41.78666 40.57766
41.56434 39.86878
40.69063 39.36228
40.04121 38.14757
39.42574 37.78929
38.46247 36.59802
38.60577 37.32355
38.51762 36.99519
38.89842 36.87551
38.51633 37.09203
38.19398 37.07966
36.59809 35.46501
36.65221 36.00196
36.83365 35.91379
37.7485 36.60321
37.48162 35.83512
37.45632 36.1416
36.7053 34.90189
35.97578 35.00579
35.68968 34.33194
36.13029 34.59182
35.42832 33.93937
34.28685 32.82088
34.99402 33.63856
35.49476 34.56923
36.44531 34.73211
37.45195 36.2732
37.1035 35.78081
36.9375 35.85933
37.40531 36.4276
37.32807 36.43907
38.91209 37.52053
38.53276 38.14618
38.64564 37.66035
37.31008 36.8771
38.10529 36.62394
38.64983 37.41236
38.21439 37.11058
38.23705 36.0537
37.55264 35.58752
38.27245 37.51641
37.20929 36.38559
38.45994 38.06543
37.97764 36.86661
37.71967 36.80135
38.39779 36.72864
39.01337 37.17604
39.44519 37.73428
38.29373 36.38413
37.26566 35.74183
37.9067 36.14759
37.3625 36.5592
36.11387 35.62006
36.85375 35.25216
36.68635 35.27223
36.48543 34.74717
35.81133 34.70376
36.89759 36.36195
39.67819 38.36156
37.78884 37.06826
37.66349 36.63351
38.34965 37.96572
38.84811 37.39639
39.70549 38.26338
38.90422 37.71875
38.53306 37.14215
39.47844 37.45991
38.80967 38.076
39.5854 37.67181
39.44402 38.05278
38.90929 37.42311
38.58634 36.48588
38.3963 37.37144
38.76299 37.24672
39.15772 38.30929
40.78621 38.89564
40.87194 39.09878
39.2217 38.24774
38.56594 37.3993
37.72566 36.46005
38.26806 36.5682
39.26203 37.73125
39.20198 38.05777
39.86374 39.28434
39.00979 38.42469
39.00461 37.80849
39.20963 36.54241
38.06571 36.46561
38.37594 37.04537
39.53173 37.39626
38.71532 37.11538
37.69863 36.78825
37.58906 36.57211
36.50015 35.70546
34.84254 33.83381
34.52827 32.85978
34.15471 32.4562
33.40566 33.01497
34.61923 33.25721
34.89434 33.45216
34.576 33.15057
35.54763 34.59523
35.13364 33.84493
34.92584 34.08992
35.96936 34.95196
36.48592 34.52541
38.33062 36.46461
38.21989 36.33317
38.74823 37.1802
38.31576 37.13488
38.45713 36.76463
39.2165 37.73159
39.6969 38.68177
40.73157 38.73121
39.85632 38.79924
38.16895 36.4684
38.17187 36.69326
38.79729 37.54642
39.31911 37.61902
39.54993 37.702
38.40552 37.80356
38.11367 37.00607
38.18048 36.53857
39.12165 37.27081
39.03175 36.74719
38.13925 37.02085
38.06367 36.88287
38.56569 37.26791
38.66689 37.19223
37.938 36.80194
38.73437 37.5762
37.90483 36.70041
37.20826 36.31825
37.91544 36.01078
37.69012 36.07973
36.88162 34.94567
36.74904 35.75635
36.73572 35.55495
36.31314 35.60317
36.97101 35.75021
36.31185 35.75182
36.52157 35.82592
36.34475 35.17727
36.13913 35.59046
37.3609 35.707
37.36656 35.76903
37.10331 35.16671
35.96327 36.14121
36.12692 35.09448
37.07688 35.3583
38.72435 37.62516
38.6832 37.46699
37.71008 35.4517
36.26083 34.81721
37.23629 35.32546
36.38436 34.9382
36.51113 34.93326
35.83181 34.33651
35.31608 34.59355
35.31294 34.26701
35.1206 33.96684
35.4058 34.30973
35.40854 34.55779
36.19279 35.09883
37.00922 35.65106
37.07453 35.77906
37.26796 36.11201
37.49548 36.23286
37.43748 36.6975
37.77824 36.26037
36.5271 35.09328
37.14988 35.26371
36.68817 34.82013
36.658 35.0539
37.10509 35.11954
36.42277 35.09096
36.60769 34.94487
36.3166 35.1066
36.29474 35.09862
35.63018 34.68899
34.87389 32.77857
34.28715 32.75244
33.99637 33.03351
32.80777 30.89726
31.16069 30.35771
31.76875 30.74435
29.91405 29.29275
29.7111 28.86138
29.58321 27.48497
29.37396 29.01668
29.01961 28.07763
28.209 26.56236
28.01675 27.71829
27.82084 26.69973
28.05987 26.45445
27.59885 26.07964
27.24489 25.00973
27.29613 26.15211
26.51914 25.54765
26.54948 25.59694
26.66087 25.41518
27.857 25.78938
27.82769 26.14398
27.41781 26.93873
27.63109 26.1957
28.09485 26.99162
28.7192 26.96903
29.51568 28.23895
28.88956 28.14456
29.05243 27.41408
29.39445 27.4699
28.8171 27.68079
27.28566 25.95462
27.07301 25.64739
26.89807 24.74834
25.32044 23.67115
25.15323 24.22924
25.50171 23.84416
26.11487 23.87256
26.38448 24.89707
26.55391 25.61421
25.76262 24.7076
25.89127 24.69192
26.78206 25.50267
26.66575 25.63053
25.85968 24.01537
26.55172 24.90829
25.42635 23.85446
24.68736 23.77432
24.68544 23.8265
24.87302 23.58097
25.13185 23.7211
25.5231 23.55963
24.5025 23.46636
24.0714 22.97427
23.53079 22.19463
23.5014 21.44258
22.36931 21.62115
23.5563 22.70973
24.04738 22.35008
23.45059 21.99991
22.43461 20.7614
23.42566 22.13418
22.98877 21.61521
23.85097 22.42392
24.69517 22.90726
24.10221 22.6219
23.51417 21.74562
23.576 21.38625
23.67262 22.19846
23.29503 21.56558
21.89089 20.54488
20.55678 19.47095
21.56387 20.28898
21.02976 20.13358
21.86943 20.46437
22.80916 21.02393
22.21691 20.67263
21.33311 20.51702
20.48043 18.90901
20.61033 18.62942
19.85345 18.54854
19.72309 19.10864
19.38885 18.46013
19.57427 17.89857
18.24657 17.34923
18.51552 17.12322
17.57862 16.68165
18.5576 16.28316
18.61483 17.53438
18.76767 17.69001
18.31501 17.77078
18.76167 16.75871
19.17231 17.69597
19.60562 18.22892
19.78558 17.87709
19.99954 18.87865
20.6275 18.86927
21.20059 19.8437
21.68594 19.78551
21.51814 19.33052
21.31585 20.12507
21.28268 19.69867
20.9195 19.443
20.89108 20.09227
21.09511 19.77759
20.45791 18.64482
20.13035 18.0733
20.68026 19.54124
21.1202 19.02754
21.34066 20.25316
20.64636 19.64443
20.23591 18.85503
20.11805 18.4675
20.43608 19.80126
20.67082 19.67936
20.64692 19.12481
19.88306 19.20048
21.01299 19.27821
20.19913 18.1169
20.67907 19.73351
20.80624 19.30957
21.29893 19.85294
21.34913 20.32965
20.74699 19.11507
21.38419 19.41983
21.30262 19.512
22.72765 20.51789
21.25571 20.09832
21.20205 20.48943
20.74293 19.51117
19.53804 18.30004
20.10402 18.9048
20.47835 18.28513
21.13022 20.23435
21.16155 19.70964
22.59769 21.52525
22.36694 20.66678
23.06104 21.22721
24.53519 23.74562
24.57997 22.49074
23.35829 23.06064
22.77167 22.5784
23.73372 22.38762
23.4721 21.80411
22.92412 20.80364
21.6996 20.03206
21.47859 20.17666
20.57779 19.73163
21.11101 19.80335
21.37816 20.65766
20.826 20.119
22.01262 20.24179
23.52129 22.19312
23.04518 22.57586
25.1408 23.09893
24.16289 23.32934
23.92549 22.04934
23.7309 22.18509
23.61459 21.95082
23.26478 21.46718
22.25069 21.64384
21.78944 20.94836
22.85579 20.73569
20.48745 19.69283
20.46909 18.86843
20.80047 19.00611
20.70785 19.94338
20.85303 19.32126
21.71819 20.59979
22.63653 20.91888
21.60777 20.36516
22.17395 20.32493
21.54385 20.01879
20.14559 18.73513
19.75023 18.74932
20.3525 18.59513
20.9008 19.19754
20.74095 19.10039
20.05998 18.66664
21.18787 20.25602
21.93495 20.75235
22.48847 20.40118
22.8618 19.94951
