66.8396
66.40963
50.43692
50.58493
51.41544
53.70545
58.06062
46.63229
54.09757
53.25966
52.22105
56.80016
62.16701
57.30708
51.12504
47.56222
57.13802
49.9457
56.75233
48.77864
57.26788
48.55038
54.27662
55.70602
48.86891
53.45799
54.25674
57.13388
53.96405
52.94138
47.12417
48.12686
44.87131
43.07501
47.79931
55.80853
51.89903
50.12011
48.74108
44.87781
51.20683
52.08817
53.95563
58.15777
52.89898
51.58645
50.59685
52.07978
45.82997
50.45665
55.83549
52.84016
53.32319
55.97322
56.15494
58.0437
51.77564
57.47869
52.71075
49.65373
50.76805
49.44633
50.50409
46.09539
50.00534
44.47582
49.78213
52.37633
58.51236
53.58698
55.19244
49.46317
48.86349
50.95757
49.83386
48.37774
43.97041
54.72001
62.30578
49.14363
52.08286
49.35424
43.90445
50.83581
47.31657
48.17814
49.16243
59.05012
51.38117
54.84359
51.19602
53.05102
59.59274
56.67416
58.04593
58.07105
58.90434
55.75958
60.89901
59.94883
51.354
53.45138
54.63395
47.94409
56.19974
50.10025
49.28443
45.67874
47.70225
49.3271
51.21952
51.81679
59.85901
49.51841
46.52113
58.20326
52.67861
56.10549
62.20806
50.43724
50.41027
50.98863
57.67645
57.06378
44.94117
51.82344
47.63187
42.67825
36.44128
46.59687
53.39591
47.84729
45.0383
53.77632
55.24995
43.97013
52.17721
45.15191
51.17593
49.20759
57.65327
50.90051
53.75013
47.96787
56.7407
62.89345
51.22917
48.58331
48.03958
56.61821
47.90563
53.81215
44.48414
55.40486
52.64728
60.56103
53.92324
42.58437
46.32235
50.11214
48.9113
46.22846
56.59219
48.3335
45.71019
49.63151
48.82493
50.50916
53.32935
52.98155
59.65528
47.03051
47.87154
53.40487
53.48967
47.6628
57.42257
52.82394
58.467
54.77825
58.55858
60.56268
60.8065
53.11361
62.68368
51.55127
48.60185
54.08495
49.57362
50.04762
49.21373
43.26633
50.52325
49.25061
42.54048
42.83979
51.76482
56.6864
57.40086
51.94005
54.11205
41.43834
42.13365
49.09989
47.27504
48.87768
44.78163
47.4403
46.80947
46.45282
43.64319
48.6532
43.04386
51.63428
49.31359
50.97307
54.55727
55.79307
47.25817
39.57529
56.32925
48.63843
59.24262
46.55296
54.88247
53.49955
48.97648
52.60969
52.77405
59.07262
50.29636
48.26929
55.25533
42.74255
48.06799
49.94755
48.22445
51.8251
51.54817
54.14635
53.24378
55.93085
56.87989
51.50922
50.99328
52.91098
55.12152
47.33819
51.30448
46.51758
58.51731
47.76276
53.99623
63.7308
49.06147
50.58728
54.28281
54.51814
55.11979
49.7615
50.51986
51.8368
50.80305
45.42642
46.78101
48.48302
49.13334
47.46311
48.07003
48.53543
43.42844
51.47616
47.76778
45.97641
49.97921
43.88462
47.70152
51.47435
44.3897
49.97983
49.33361
50.01249
46.78272
53.75241
52.76052
53.46212
52.46065
51.8388
50.24952
56.4208
48.90168
49.86678
45.28926
57.48825
52.73487
51.18973
49.30857
61.94161
57.02772
57.80176
52.54137
54.19413
46.45489
41.49593
49.90421
45.95905
46.57821
45.55828
49.9121
47.20384
46.93055
51.59554
49.01642
53.99714
46.93503
50.522
48.68608
45.77004
39.34875
49.38774
52.61362
43.75207
40.55546
51.36617
52.73982
49.19825
46.95087
47.53315
48.22485
55.11156
56.68312
54.66534
50.00738
57.37116
46.65079
55.54162
55.8953
52.33825
53.9254
53.40532
45.17386
43.5703
61.07314
55.04034
44.70813
60.09475
55.97885
52.05004
56.53048
55.43466
53.6356
47.27279
70.58851
54.65708
49.30994
55.99265
52.23724
59.3522
54.32091
51.18032
54.37811
54.20183
52.33944
56.11636
41.9233
50.34813
50.90753
53.85356
47.86517
53.88815
56.04045
46.9633
48.13198
47.09166
46.96783
49.31305
51.75297
57.84542
53.07412
46.70772
45.8116
51.96093
48.00077
41.59075
49.9827
50.23433
49.29775
47.59399
52.18427
52.7725
54.95875
44.47222
45.92829
59.08946
49.86833
48.34727
53.37515
55.85082
57.36624
53.45365
54.70287
58.50467
43.97848
44.41136
58.22663
57.93164
50.95055
61.09582
61.11204
62.76852
55.85983
63.6857
59.67153
49.57729
54.87984
49.79796
43.11983
56.49979
47.88212
51.18758
50.13075
50.62358
44.01808
43.31785
49.05768
50.08618
41.30477
43.80707
45.11775
50.55216
51.16618
44.43465
56.52719
46.70679
58.29852
52.52335
44.66975
51.88221
51.27502
59.37474
54.30634
55.3153
49.78168
52.32372
42.98331
50.53133
49.27733
63.28472
56.1334
54.84734
44.18217
52.4256
57.67196
46.69349
49.29072
50.77344
50.8339
54.30617
51.15908
48.06127
41.04798
53.46858
52.1346
46.22949
49.02914
47.03155
51.68349
56.13566
50.05689
49.67035
51.9279
51.62551
44.04928
46.6445
48.014
53.8635
51.78549
42.154
51.57876
39.74026
48.98541
48.96059
49.4218
51.43822
43.94933
48.64435
44.28717
53.17826
49.47637
54.55735
50.25726
53.21308
47.27462
49.88196
53.24201
59.85781
52.12701
60.20838
50.85574
46.04891
43.54201
54.171
50.57133
42.72614
43.56683
54.47458
50.96376
50.62619
54.39692
45.62743
40.78611
41.46984
42.75554
44.62244
48.92397
42.93933
51.39277
47.79494
49.33548
54.50202
56.53203
50.96483
47.78639
51.04471
46.88247
46.34867
47.08947
49.65522
53.14497
50.61112
52.79095
42.45615
37.947
45.19484
43.04405
42.80062
53.67658
49.52657
52.00194
62.31575
47.74548
45.76064
44.37433
45.53753
45.96408
47.99336
43.61288
43.39441
42.61121
52.47622
47.29548
54.36842
50.64303
62.03598
53.92748
51.47577
51.66858
52.42063
55.32161
52.02858
56.7166
48.69199
49.61709
41.84226
45.57742
47.69607
45.58888
47.72451
49.82391
56.32922
46.04487
53.86231
53.4951
43.50075
54.47498
47.19576
49.83676
43.44678
55.5694
56.82345
47.99851
50.90043
53.2589
52.78717
57.20052
46.34151
48.82801
50.12173
49.05903
55.63621
51.26711
49.86584
50.74225
53.95167
47.5722
63.54655
59.41345
50.5679
49.68431
51.62097
49.05218
44.00313
51.46571
54.69425
50.50145
36.62107
44.15505
42.78156
54.82705
56.94925
55.17035
46.99994
46.4615
52.42116
47.43114
40.04474
51.2705
50.20718
49.03169
53.80233
46.84139
44.46866
45.49303
50.53629
48.59888
55.95943
48.27449
47.52044
45.84845
51.62775
53.38041
46.7982
43.3011
50.71088
51.18829
44.79807
51.84298
46.42546
56.0068
64.93985
54.91146
62.68618
56.8419
48.78171
50.61972
48.14125
52.13167
53.77802
51.15882
45.78604
67.79886
57.95282
50.41148
52.54903
40.55111
40.86932
45.71505
45.42827
57.47559
56.88263
47.47803
49.64897
40.52087
41.60783
40.44035
46.71439
51.10701
48.22292
46.75106
53.3363
48.46122
47.13096
50.78093
57.35383
42.59124
49.22711
42.36507
50.35419
51.02219
46.5956
47.70537
45.20773
53.29267
52.1493
48.44372
52.6077
52.4005
52.51202
58.59543
48.63143
45.62997
48.85496
67.65813
52.00753
59.85911
62.21824
56.71453
55.73783
52.93297
46.64644
59.44347
54.12162
48.23784
52.07673
47.19343
55.17666
44.74656
54.41304
58.92198
59.95892
58.63848
50.54829
47.85752
51.44084
54.29424
53.02506
47.77207
51.85071
52.64034
54.47311
55.15872
50.33824
47.41634
51.29248
47.46654
46.80525
49.61168
45.45819
40.6694
41.73757
51.8701
43.2719
48.2456
54.97376
46.68131
48.2746
48.84955
50.65997
54.83395
52.95697
51.66539
45.255
50.83879
53.81638
48.78684
45.13549
41.46098
38.60562
52.87569
54.09067
49.00865
49.03006
46.16348
45.50231
47.30973
43.75206
47.69991
64.84011
58.18228
56.12049
61.42057
53.74681
56.22167
58.63271
55.85054
59.4487
51.79824
50.09704
59.50078
47.13226
43.43854
52.84105
53.96666
52.56085
66.57949
55.97872
61.53627
62.21458
58.6039
59.17832
56.69625
50.93518
51.34539
51.42106
54.17176
56.41467
48.06763
50.84865
52.3374
53.1259
61.71843
55.02869
54.80508
51.78358
54.00301
57.28782
49.18115
46.63066
52.22013
51.81075
50.86806
39.33948
51.22696
52.69044
42.16636
49.28847
50.10201
53.91362
44.3001
48.19852
45.33641
49.54198
48.45979
55.08847
49.6533
55.61642
44.02053
48.25382
44.35978
43.77956
54.40925
51.1906
50.73596
52.36148
53.9754
56.32299
55.59425
56.88238
49.34476
49.38386
55.33844
60.59318
47.97705
49.50976
53.48622
55.71392
44.83873
55.53895
57.38728
57.4513
55.25968
46.4926
51.43529
49.52226
51.66124
62.40276
49.98427
42.55886
53.1658
58.39445
44.82396
48.58289
53.78012
53.14011
51.70685
49.94982
49.88491
44.05146
55.97317
48.64673
47.23185
49.68347
43.3888
44.41241
45.00664
45.9273
52.60879
52.03478
52.42336
47.32161
48.55817
57.05317
57.37482
50.22897
55.70573
51.38768
57.14589
62.52965
60.45984
63.82833
47.40594
45.37439
46.93689
47.70444
47.30359
50.75091
51.48741
51.8271
51.51569
51.57377
47.5739
50.24737
47.30535
47.27001
47.17991
43.30946
37.90646
42.36207
51.12117
51.42493
52.24406
55.99312
48.66588
46.00579
46.85729
48.56359
47.77708
42.30006
43.27739
41.44658
36.3366
45.73479
50.99003
56.54812
45.05244
44.14017
42.60452
42.57107
43.18398
48.69399
56.6841
49.56187
43.22786
53.87685
57.59726
48.62969
44.74146
47.63469
52.00818
57.27765
48.54265
49.66674
44.38785
49.92284
45.05243
40.8257
48.17169
45.61332
60.24054
52.60783
48.60691
58.27874
48.5215
48.44887
41.77818
46.47007
51.69522
38.51519
43.26917
57.92083
42.63331
45.26294
51.99819
48.33794
44.27478
48.17283
58.31595
52.84462
67.33121
59.68969
57.80693
59.4409
57.71892
41.52316
47.56669
39.1536
48.21261
50.09237
53.09489
50.05444
55.12744
49.50474
46.44298
45.6785
53.71927
53.07369
58.51186
52.02397
50.52837
56.00914
58.79994
53.83763
51.30852
50.0864
50.90211
48.95649
50.20632
49.18782
50.23684
56.52585
46.18633
51.03021
58.09201
56.62734
49.67375
53.58606
53.00944
60.10932
55.13857
54.54537
48.5454
52.5276
47.33039
45.35657
56.78111
56.46012
66.3709
55.68061
54.76079
55.63344
49.48464
54.98932
55.19683
56.71933
56.09107
54.77703
52.20195
48.11653
54.63441
52.23126
56.51919
54.0166
50.96654
67.92156
57.17824
51.03974
57.91519
47.7188
51.40887
55.66325
52.42258
52.38542
49.7299
55.00572
45.66525
51.40194
55.58788
50.82922
47.50578
50.31456
47.75231
45.72525
50.76435
54.07864
50.74788
57.77267
52.17153
54.63108
49.90928
51.19209
55.88675
43.68466
46.63708
53.04456
54.68599
60.7348
50.0504
46.94425
47.00004
49.96344
44.77173
45.77869
49.54887
52.96486
49.75483
55.45015
53.35029
57.86232
49.10876
54.07885
52.1257
53.37891
45.82071
50.67322
50.3821
48.59978
37.29577
54.62968
50.69444
55.05026
51.54607
56.34436
57.79718
54.42482
48.25097
60.60813
54.9548
58.46405
59.92359
46.37957
44.98133
42.58809
53.8276
44.03951
49.64587
46.4761
51.83787
50.59932
53.25941
52.50393
46.27173
51.32962
59.0163
45.29636
50.00751
50.28073
57.79943
47.33964
50.70869
48.08447
54.26046
53.36598
55.79322
49.22878
50.28876
49.15879
56.28104
50.68797
49.01221
51.21837
46.82885
44.74492
52.41636
48.8913
51.65104
47.69055
52.53438
42.40715
45.84263
47.91482
58.5497
52.81735
54.7132
51.06322
54.57278
50.04295
40.85637
47.18549
42.14825
40.22571
44.61027
50.40461
53.64584
52.15295
57.07243
50.49022
47.58201
54.53248
54.44031
49.98875
48.12331
48.66484
49.68571
50.15402
44.40975
51.51111
49.4668
60.45336
53.59055
60.71325
54.34402
50.36055
56.57684
58.06432
57.48812
59.04781
48.39092
48.8331
46.9514
52.19941
55.58558
47.43573
48.26527
43.24099
37.68286
50.84161
50.30186
41.83636
50.91993
52.20605
50.50201
51.95171
53.65525
52.64527
55.86123
57.08544
54.9093
57.41695
53.0839
55.60916
49.8441
57.93171
52.8263
62.22632
56.12822
47.50379
43.12046
48.18301
42.29186
43.41789
52.76094
58.9476
52.43668
47.30748
53.4096
52.77657
53.85989
49.86498
49.07858
57.46006
48.85332
55.39457
49.88917
52.30323
50.97649
51.64337
49.52439
47.41352
58.10452
50.79753
56.27642
57.34234
45.57919
45.8022
49.23771
56.88265
48.64925
47.78689
52.03317
50.42776
54.7602
54.26622
44.25745
48.38545
46.82003
63.1065
66.84058
66.6078
65.14205
53.7631
57.19683
59.19301
58.46209
60.96593
49.3158
46.81926
52.05738
50.46697
57.19457
56.81909
56.43692
53.37182
52.56623
45.98445
51.802
44.86215
52.68667
47.51122
51.3976
52.33862
49.58822
47.98693
54.84577
58.07841
47.5307
48.97238
58.27102
49.35696
45.56214
53.81002
50.95227
51.79987
52.87457
51.22448
47.35918
55.30214
49.69201
46.29452
47.1459
49.83153
51.31753
52.70005
43.89108
45.16712
41.86542
50.91408
49.88278
45.76084
59.81119
47.67512
46.67751
47.20075
56.26117
55.91263
46.35908
53.58529
56.79321
55.18035
48.97791
43.45517
45.2348
50.88758
44.64208
46.82765
41.5688
51.25224
49.48688
57.13839
55.07684
48.60004
45.66355
50.30401
46.77689
50.59798
47.74542
57.75162
49.10198
53.94679
50.49923
48.92765
53.51345
46.43346
45.60681
54.16487
51.95215
59.99488
54.1227
51.7908
52.88614
51.45584
47.03861
52.03655
43.69996
50.2928
50.31519
50.46241
52.67306
56.18478
48.88062
56.56625
44.55404
41.95511
39.78736
47.18636
53.40862
52.36104
49.8667
52.0974
47.13468
57.97572
46.62279
56.22902
49.51243
43.59709
46.30903
47.52494
52.19698
41.75569
41.9543
49.73041
52.63134
48.0989
48.22746
48.68746
44.65658
56.75766
51.88589
51.87985
56.79382
52.56298
48.84811
51.95076
51.91927
57.72056
58.8668
52.88879
52.71053
42.5136
42.23358
50.22998
46.94033
53.10175
43.14582
45.39734
57.52611
52.02092
42.74559
44.93791
52.79991
58.00603
47.35795
48.01539
49.94478
48.1574
50.18745
51.78882
55.93643
53.43326
52.69149
61.62576
55.17017
57.21314
59.02199
54.44315
49.66597
56.89251
51.67913
44.83452
55.67792
53.24668
51.05344
41.88218
54.6083
47.93402
44.41649
45.31231
49.20374
54.72692
57.04148
56.9391
47.90698
47.01441
42.56917
55.1888
54.95914
50.92676
50.48917
56.12265
51.2967
43.39805
54.10559
52.01783
40.82324
47.65601
55.18726
52.39193
48.73401
47.13255
46.38214
48.27213
51.70352
50.87091
48.39216
50.27972
56.77473
50.651
48.85237
48.26795
51.71826
60.78947
50.01669
53.60399
61.34081
61.62842
59.16543
52.51066
47.39439
51.25043
46.68563
54.37184
60.59139
57.04054
50.97139
53.54534
53.24704
56.59573
56.30782
59.87919
51.36651
65.49254
55.0838
60.71939
54.79257
53.91734
62.23798
47.92408
57.43145
50.03593
58.28857
64.59821
61.11484
54.87571
55.66569
54.10008
52.82451
58.0291
58.30003
51.66911
52.98596
51.40185
49.05963
47.47069
48.67024
46.56195
43.96059
46.84693
41.92102
45.82076
48.37795
49.20634
43.95047
38.56608
46.47646
44.63173
39.0316
46.96631
44.23131
40.36523
45.11104
49.72933
47.26558
45.17301
47.30908
55.105
50.13683
47.10857
42.49176
52.39961
48.77383
55.25857
58.35014
51.61593
57.66488
48.69488
45.3391
47.17667
41.58771
44.92932
41.89605
45.88422
51.24408
44.47053
43.35201
52.22092
53.94222
57.27746
55.65764
57.92515
51.707
54.91353
59.16217
46.03047
45.45474
55.75695
48.57082
50.22456
51.76493
50.53248
62.17389
57.54668
62.91276
52.69194
61.7396
51.45629
59.05695
51.36085
53.8543
50.90239
46.56807
56.21356
55.31302
59.00122
48.41459
48.303
51.2943
48.60213
52.36891
48.1896
56.2701
57.12308
46.43895
55.30837
44.56134
47.5438
52.25557
49.84344
45.9529
55.27613
45.00562
54.15036
57.19698
52.10554
48.17067
52.26705
51.30589
47.76375
47.72982
44.74964
41.11701
43.50472
50.86824
58.79694
48.25199
53.37212
44.8584
42.78391
47.27882
45.86967
58.90359
46.20751
53.22442
50.64387
47.73261
53.43648
54.37325
46.22801
52.19415
53.15367
50.85482
47.60312
49.06878
48.7338
44.18664
51.05153
57.67497
48.09311
46.68691
61.68651
46.57362
52.22966
53.38167
56.9548
50.09047
49.0302
51.99683
52.50943
50.85241
53.92624
40.27221
51.21379
48.95443
50.66397
53.98777
49.92296
54.06015
50.04389
48.12526
46.68648
42.24836
47.33181
45.50134
39.52964
42.37951
41.02347
39.35915
37.97672
38.37908
53.36171
52.23542
52.07101
67.15472
58.03421
56.3493
54.21136
49.81357
50.12848
53.29945
53.95161
51.06625
45.82513
50.41329
52.09499
45.30642
46.4615
47.75807
45.78062
48.07853
49.50109
52.33479
43.5742
42.27493
54.98043
49.08995
44.95917
50.28953
46.2694
41.07135
41.10055
47.89204
49.49287
65.16275
45.47364
49.37
51.02435
45.63105
43.26654
38.08376
51.06227
44.38264
57.70933
53.26716
62.33273
58.96699
60.09412
64.18495
49.36714
61.82857
58.92451
54.03355
54.22418
49.79606
51.58458
57.4728
54.48894
62.43503
54.11805
61.22022
54.04892
54.12896
45.04241
56.57185
52.17574
52.38842
57.54406
49.92191
54.97023
55.57274
44.49172
53.59112
46.79489
48.53502
58.38077
43.78885
47.18474
48.34938
58.64976
52.54759
54.78552
62.49359
68.26233
51.67708
48.78422
50.08774
54.7424
63.64768
61.30688
46.43045
47.41842
42.79039
65.67397
62.8682
48.27396
56.64652
51.21835
48.05169
47.23142
47.33385
44.72416
46.65448
50.63952
49.27351
43.93586
44.42043
42.6227
50.17419
44.62261
45.75829
52.65372
48.54291
52.8806
51.88594
56.11569
49.47893
49.52256
50.18049
49.36756
58.77139
57.92719
48.34076
55.25063
46.81464
49.3105
49.15908
56.66863
58.71864
52.67728
55.18235
60.692
51.44008
50.67712
65.5662
63.88496
50.87962
52.5288
51.42763
53.75165
51.12311
54.28068
47.16214
56.25315
56.7042
52.79329
49.85748
54.44754
58.02045
56.69083
48.80723
49.18091
51.53918
53.00453
51.13594
50.02251
51.2457
56.04878
55.14186
53.91646
45.58631
52.67018
51.59654
53.02673
53.67527
47.75461
52.51676
54.58068
49.06866
53.0321
45.4053
42.83032
50.16737
47.1259
43.15842
55.94599
61.3241
56.14016
54.97086
50.78278
41.29829
51.33555
55.61847
63.02785
64.26246
52.46822
62.97118
50.62704
50.26753
56.77367
44.44751
51.59908
51.72885
58.84843
53.20619
53.67005
52.62981
46.26711
55.51457
54.20474
46.77579
52.25924
60.67111
52.04758
53.61517
48.03339
45.0129
51.61281
48.38765
48.71805
58.50673
51.57932
49.54785
44.47908
53.74152
53.44409
56.87933
52.87633
55.51558
49.79534
60.55763
54.13726
50.3291
51.9662
48.38958
55.56126
51.67096
52.40536
57.86997
47.51807
55.53226
55.19024
54.14016
43.43277
46.5067
45.45905
49.2121
51.62013
43.13777
45.9583
50.65903
47.66236
45.49839
53.55588
56.76381
54.58021
52.12401
48.16593
49.15182
49.43585
49.56357
45.86036
49.29032
48.90332
54.48923
51.99596
62.01252
52.47508
45.14824
49.50804
50.27253
45.46763
51.93633
55.30643
42.11241
45.69827
42.88739
50.74347
55.29028
46.65865
41.75892
41.84614
45.4712
46.40354
57.0651
50.42706
56.41119
45.57987
47.00954
53.33596
50.07646
51.20496
47.70292
52.24843
50.13396
48.09172
48.89872
43.72532
45.98621
46.12739
40.63343
47.97606
42.62669
47.39475
51.43208
51.23043
51.64168
47.68096
53.5284
48.3451
42.2596
43.99103
49.208
48.10283
52.09352
50.70717
58.09153
43.75493
52.23724
41.74734
42.09464
47.89061
49.93278
51.92193
51.4557
52.0192
50.40754
56.77602
50.95311
43.94558
41.89705
50.5163
47.84063
45.42489
64.99855
53.02257
54.59759
54.22669
44.79402
42.09099
48.84659
50.71272
47.42412
44.1476
40.8134
44.73878
40.4442
38.28433
44.35064
55.02193
55.06389
50.32311
52.23913
54.34194
41.42408
52.60492
50.72351
48.23323
40.78145
48.59393
48.20686
53.10566
42.32558
44.93651
47.93878
48.55223
48.85359
38.48412
43.37523
43.15742
49.65892
47.04031
39.71529
42.24395
51.12264
47.60922
48.29354
54.17975
46.14364
44.03641
42.18722
52.29438
42.25713
52.2142
49.19318
50.48746
47.67488
48.66773
46.18633
49.35698
50.01708
55.99764
37.55401
50.56728
50.24049
48.86371
57.43256
52.40051
50.42492
53.23885
58.48548
47.11087
48.82927
56.56678
51.0408
57.64027
53.2818
68.99226
50.915
47.81862
53.16752
41.20887
46.89764
47.06334
43.65972
45.20377
50.27819
45.30501
50.93266
46.122
44.26306
44.84506
40.9845
44.0316
45.19167
49.42708
46.78094
44.67187
40.49451
49.51145
57.92044
52.0872
51.02667
51.87221
47.9625
56.1375
55.58799
50.80286
47.674
53.04279
52.69941
49.72669
49.04928
51.17281
55.36863
53.56442
54.4196
50.52228
55.02646
47.29265
50.20809
50.9667
48.86913
54.20538
52.94271
55.79069
43.38161
53.90181
58.43834
47.61963
48.67455
48.07908
47.04853
48.94369
43.65344
42.51458
52.23716
52.69846
49.77193
48.87441
47.56654
51.25578
51.95272
50.85635
37.81862
55.86228
55.71915
49.44199
60.31226
53.19847
54.38835
52.75351
48.48758
50.11511
53.51675
47.86056
52.52311
53.90027
48.84413
50.18126
54.91723
43.22187
57.37655
49.86506
52.13784
51.21734
49.97479
42.06936
41.28313
50.46338
54.71158
45.90183
46.39717
58.30173
50.50617
47.83179
60.32349
55.8337
53.85261
62.003
56.29566
52.49796
46.49177
50.65026
51.5513
57.95268
52.46537
47.08833
52.80909
58.18069
55.78052
52.866
48.18014
55.23395
49.74725
54.20094
54.92271
63.48597
59.24219
52.03686
50.70359
46.84333
48.66625
54.17258
50.63657
52.83961
50.42645
42.21952
50.50252
49.25836
53.0491
55.9234
53.34169
53.27923
50.2889
50.89091
52.56811
55.90223
47.4723
53.81095
48.18823
58.11144
56.23815
51.41485
50.7701
53.08033
44.8904
40.59047
44.61362
51.31482
48.40217
47.73953
47.56179
58.06549
50.6124
43.19404
41.47401
45.24419
44.74874
50.47286
46.42998
43.62535
50.22306
44.59786
47.03307
49.00412
47.8578
50.31061
51.27878
51.70759
58.41095
60.32829
51.22841
54.59981
45.54279
51.57498
50.73336
54.56055
42.55906
50.49056
53.45978
44.56876
47.61222
50.00444
50.16079
50.8208
48.73129
57.21443
60.41698
54.25157
48.00582
54.54249
47.9302
54.80156
53.29814
61.9798
50.42568
45.89878
48.78431
53.14526
57.06206
50.3629
54.50262
43.06631
43.33749
48.94441
48.9594
45.75502
45.10232
50.99821
47.93267
48.93437
49.08798
42.86706
47.82251
48.93905
52.59578
52.29804
53.41204
57.3591
50.36748
58.92746
53.20526
48.89591
51.32179
45.839
42.93337
44.98178
45.54002
45.37419
47.87658
47.65924
48.19697
48.00191
51.8247
52.11337
51.32656
68.03591
46.98614
61.33612
53.93234
48.17387
56.87994
52.73482
43.2581
44.56373
40.36923
43.75526
50.06744
51.21513
48.77841
51.5522
46.47887
44.15361
48.25057
44.93967
45.10417
49.42333
38.40143
48.38131
46.63762
46.57559
56.97649
62.06045
54.52761
52.73934
41.3852
51.84566
51.56832
44.07292
49.25171
56.1307
51.80575
51.67978
49.42366
59.56744
56.36699
57.00362
55.20935
51.89897
69.59249
50.80515
47.90528
56.3704
52.72619
59.68827
48.51273
53.54723
56.81591
55.07704
48.20976
45.2801
51.14838
47.73269
48.26183
48.16159
51.1806
55.62053
54.7432
52.06719
53.29847
49.70162
49.52169
49.58064
51.95569
41.99519
46.30942
48.3759
51.48039
43.44603
52.90781
46.96238
50.47824
56.77484
48.60045
45.78381
41.44525
54.98573
51.3405
45.11049
45.02956
52.99894
44.12923
47.96648
54.52401
49.21208
56.32859
54.63297
50.85774
48.82676
53.15212
41.85158
48.52182
45.90251
46.31662
52.12427
48.33229
56.13836
46.36929
47.56789
56.35682
48.99633
50.76046
52.21889
41.81438
51.13446
44.87734
52.55643
45.83832
55.06097
55.17107
53.91056
62.69502
43.8572
