5.058646
3.983856
2.378142
2.707187
3.248012
3.846558
3.065752
2.836863
3.237778
4.330345
4.742526
3.597717
3.186143
3.732437
3.620837
4.172666
3.730596
3.608764
4.124147
4.164007
5.0255
4.681361
4.367578
5.24106
4.453414
4.287587
3.150558
3.075939
2.5756
2.496715
4.05658
3.585797
2.502028
2.998468
2.678081
3.106387
3.473228
5.659972
5.20888
5.857381
5.202163
5.380138
4.938637
2.327533
2.818812
3.403371
3.212208
3.001188
3.717815
3.013028
3.296162
3.7989
3.886934
4.336796
2.929681
3.713791
4.1643
3.661424
2.796349
3.610444
3.236426
4.469651
4.14734
5.671938
5.247596
4.452193
4.51956
4.412799
4.778288
4.413861
3.378307
4.104562
4.424734
3.735674
3.040817
2.443249
3.151387
2.758756
3.760779
2.234478
2.762557
3.475581
3.66096
4.537108
4.141598
3.370997
2.589678
3.22567
2.841087
3.149551
3.76904
3.113128
4.257575
3.70628
3.493382
4.168654
4.699016
4.284737
4.268406
2.990629
2.994325
3.004076
2.985848
2.791414
1.854473
2.192242
2.2338
3.38612
2.925011
3.16112
3.015537
2.206786
2.062715
2.570777
2.721191
2.398088
2.687695
2.750484
3.378215
4.417662
4.452206
4.759872
3.449098
5.648097
5.508319
3.415377
3.579633
2.724349
3.455102
4.691466
5.508232
5.359704
4.209693
3.284825
3.092377
2.817969
3.312566
3.683774
2.787111
2.157538
2.846729
2.421452
2.626931
3.461035
4.035288
3.38854
3.236804
3.537034
3.296202
5.011473
5.673952
3.745781
3.916562
4.031796
3.90506
5.165344
5.298535
3.685558
3.732226
2.965389
4.365905
4.652965
4.49474
4.102166
5.733179
4.563676
5.107923
6.771768
7.704956
4.710398
4.640733
3.138262
5.134068
3.966445
2.900554
4.199021
6.425091
7.35448
5.577048
5.461415
3.837462
4.288564
3.554681
3.447033
3.446994
3.029956
3.020033
3.183639
2.483209
2.788761
3.607171
3.696855
3.8357
3.967549
4.542036
3.464728
3.250416
3.041403
2.910591
3.121254
3.030854
2.951697
3.399987
2.951244
2.443325
3.986711
3.624762
3.529315
3.454573
3.157093
2.292775
3.43217
5.404084
5.68633
4.19461
5.311123
7.425415
4.092431
3.171925
2.278047
1.867218
2.351716
3.88519
3.952776
3.295861
3.660899
3.596042
3.846954
2.917968
4.04482
3.191888
3.83687
3.854244
3.727447
3.000809
2.77801
4.487427
3.872531
2.778283
3.134747
4.572451
3.870588
2.80342
2.288783
2.576681
2.166693
1.9663
2.54167
2.167405
2.215058
2.117576
4.138934
6.040619
4.897784
4.935516
3.790372
3.458122
4.701886
5.141776
3.994006
4.307355
3.562346
5.016302
5.759582
5.786819
7.093946
7.031196
5.903882
4.582346
5.359884
5.489933
6.978546
6.723527
5.518066
6.475694
5.111817
4.571067
5.733483
4.251419
3.480762
2.195553
2.05281
1.779985
1.592714
3.013507
1.919567
3.63357
2.815259
2.480783
2.361897
2.702895
2.913588
2.369218
2.438545
2.762377
2.252418
2.577451
2.553102
2.072064
2.563864
2.535189
3.065012
4.094966
2.642535
3.174993
2.85367
2.742662
2.495718
2.828742
3.044337
3.612006
2.438964
1.841879
2.094094
2.27651
2.27825
2.650469
2.754514
2.727227
2.512168
2.918927
2.332757
2.655946
3.970046
4.315474
3.358543
3.039585
3.583714
3.300339
3.297136
2.893341
2.425897
3.91665
3.739916
4.759939
4.878998
4.838947
4.552024
4.359921
5.356442
4.131242
3.529697
3.263699
3.749895
3.617374
3.647341
3.618039
3.09207
2.415196
3.037384
4.289116
3.683243
3.766991
4.040684
4.530064
4.907623
5.289971
4.787623
4.462118
5.010689
6.963792
5.961026
3.281876
3.146436
3.042274
3.263672
3.934566
4.036407
4.730346
3.61674
3.017749
2.587869
2.29479
1.411727
1.709705
2.718222
2.947317
2.951736
3.968864
3.863881
3.57612
4.553587
3.59339
3.443943
3.483208
3.118995
2.788575
4.072191
4.128033
3.700514
2.952339
4.459616
2.885599
3.910898
3.619115
2.905638
3.020357
3.474603
5.170386
4.091008
3.811535
4.989398
4.74447
5.13139
2.683645
3.052345
2.890994
2.627695
3.490046
4.659946
4.042326
4.692137
4.077992
4.418115
2.804441
1.655453
1.952039
2.170824
3.295213
3.722813
4.250501
3.807261
3.614628
3.565058
3.028019
3.050165
2.815599
2.629378
3.238194
4.112898
3.628332
3.205269
4.707203
3.625429
3.068326
2.331952
2.386763
2.744021
2.74098
3.71068
4.621299
4.962
4.377683
6.669112
7.873574
5.871413
3.826659
2.159342
3.689859
3.299009
4.737539
4.200691
4.3432
4.95879
5.079953
4.63796
6.135552
4.952243
3.582152
2.791057
4.026957
7.073008
5.903474
4.928076
3.134769
3.00126
3.107294
4.930676
4.604301
3.648204
2.932758
3.267742
3.288238
4.283582
3.957606
4.338717
4.133488
2.99628
3.913305
4.75111
5.564215
3.113608
3.663235
4.013538
4.207825
4.602801
4.609721
4.780092
4.329554
4.01765
4.214023
4.066862
5.212449
4.180905
3.722354
3.282815
3.767846
2.888692
3.343044
2.325803
1.573937
1.666255
1.829767
2.232854
3.043435
2.467116
2.654687
2.362263
3.036319
2.812804
2.375097
3.500278
2.806697
1.911339
1.751025
2.058279
2.08734
2.410438
2.205495
3.652222
2.901781
3.647618
3.072091
2.642605
3.11132
2.862827
3.712498
3.024338
3.434799
2.807271
1.720903
1.851677
2.943448
2.845427
2.404941
2.962909
2.625708
2.197493
2.152111
3.691268
5.879492
4.994907
4.074638
2.94188
4.189774
2.603535
2.605779
4.336527
3.385096
2.832624
4.213347
4.858751
5.212456
5.197234
4.693943
3.763894
5.035782
4.294222
3.424051
3.394698
4.366295
2.819369
3.241703
2.993881
2.958906
2.888533
2.808062
3.166026
3.113002
2.304393
2.164391
3.006697
3.08938
3.740915
3.105048
2.470655
2.751619
3.524582
3.526851
3.069587
2.807515
2.183156
2.359556
1.929782
2.404857
2.507225
2.672554
2.075754
3.03129
3.329907
2.933808
2.594375
3.149758
3.253494
3.186017
3.40489
3.737663
2.497907
2.707646
2.489374
2.175903
2.499116
2.431395
2.685752
2.264766
2.316228
2.034479
1.986653
1.721357
2.077602
2.96226
3.165384
3.950348
3.498695
2.335817
1.959082
2.081339
2.655833
2.409406
3.177089
3.488685
4.8607
3.99422
3.590242
3.660558
2.508808
2.906689
3.27185
3.06673
2.636475
3.364338
4.103956
5.56514
6.185652
5.255379
3.752895
4.668767
5.608891
4.052052
2.983988
4.226131
4.202451
3.217178
2.580881
2.297312
1.875737
1.718448
2.081897
2.760728
3.231164
2.979887
3.092547
3.977019
4.84797
3.144265
3.736238
3.315837
2.365548
2.886872
2.856604
2.187798
2.717618
3.60293
2.918869
2.789264
3.257578
2.330075
2.968536
2.873841
2.084639
1.897027
2.109404
3.18432
3.219108
3.458101
3.165596
4.565072
3.384111
3.976436
5.359093
5.225284
5.78879
4.666177
3.868503
4.076914
4.442259
2.685059
3.06382
3.732763
3.035596
3.852486
3.950621
3.866507
3.592138
3.771972
4.190434
3.87959
3.486989
3.251424
2.751792
2.75025
2.684924
3.35739
4.518511
3.165523
3.438012
6.714617
5.089309
3.037431
3.760477
3.496265
2.789283
3.053799
3.161107
3.407181
3.287544
4.567913
4.561424
4.791678
3.681441
3.239989
2.734672
2.517398
2.952125
4.611701
3.878019
3.308319
3.80448
2.884891
1.621479
1.500719
1.33929
1.633687
2.061373
1.309192
1.54014
3.221321
3.318235
3.194324
2.672223
4.242297
4.306491
3.547691
3.404103
3.981742
3.844322
3.554012
2.984771
3.678726
3.396989
2.988722
2.802763
3.027758
3.525455
3.725085
3.614218
4.577869
4.826657
4.505977
3.905425
3.207069
1.783287
2.141548
2.414181
2.725242
2.74133
2.9077
3.339838
2.00481
2.127979
2.627414
2.737998
2.983254
2.647806
3.098744
3.526953
2.624125
2.257498
2.335529
4.596025
3.39099
4.248228
7.337025
4.063717
4.236688
4.330315
4.740435
4.968469
4.814742
4.054063
3.792897
4.354519
4.83087
4.613199
3.236938
5.41267
4.516771
5.848648
4.824323
3.967051
4.787431
3.17367
4.141066
4.057637
5.060205
6.659721
7.020871
6.061908
4.482986
3.077608
3.503553
4.065867
3.488465
2.481543
2.770725
2.321565
2.852781
2.587762
2.483412
2.230291
2.81681
3.222285
4.989154
3.625951
4.755127
4.268091
3.04054
3.336317
3.657533
5.559789
4.973254
4.435077
4.129861
4.343749
4.635464
5.922137
4.540541
5.263891
3.162231
2.534895
2.56255
3.555847
3.213083
2.917011
2.158803
3.017803
3.086082
3.18991
3.601916
3.315456
3.174532
2.882162
2.473243
3.815121
4.120537
3.365615
3.255867
2.194251
2.18624
1.965023
1.869659
2.815744
2.933255
2.033171
3.215523
3.464246
3.609105
3.090983
3.739684
2.590043
2.015105
3.579794
4.512336
5.524234
4.704181
5.015277
4.597461
5.072261
4.9197
2.794454
3.879234
3.584946
4.253857
2.403306
2.6002
2.220937
2.920088
3.215028
2.550401
3.299787
3.865335
3.146939
3.362343
4.224358
4.829617
6.675779
6.575987
6.291829
4.869777
3.39543
2.529424
2.400235
2.252715
2.930005
3.16409
3.078632
2.793861
3.062072
3.410612
3.562772
4.034821
4.56669
4.097769
2.875483
2.312582
2.476654
3.279924
4.59527
4.276198
3.61517
2.820774
2.958493
3.252508
4.192139
3.90369
3.724165
3.461719
3.427533
3.080493
2.586896
2.514913
2.344345
3.541424
2.084351
3.452619
3.37636
3.392258
2.830226
2.772756
2.969144
4.55707
4.432873
4.461443
3.610531
3.019794
3.045023
3.601878
3.562676
3.417789
2.291839
2.482683
3.09
3.065789
4.838311
3.077319
3.671569
4.325996
3.28317
3.601963
3.983417
3.553547
3.184617
2.363154
2.564587
4.086356
4.249549
3.54501
2.777366
2.630613
2.609169
3.286758
2.842271
2.80072
2.866642
2.293699
2.032403
2.535629
2.306947
3.675784
2.789259
2.930541
3.737972
3.789143
3.008997
2.765522
2.418106
2.44896
2.938913
3.019284
3.840419
4.373334
4.267651
5.053496
4.301005
3.670523
3.9126
5.245104
5.526111
4.069808
4.658741
4.808703
4.002566
3.726566
2.813928
3.941174
4.892545
3.825461
4.104756
3.933277
3.375315
2.633417
3.131343
3.999007
3.764047
4.552798
4.02635
5.157649
4.762907
3.911103
4.745266
3.750731
2.766495
2.528353
3.528071
3.267921
2.792104
2.768007
4.125725
4.284854
3.640735
4.187922
3.762258
4.303083
5.909108
4.623416
4.634563
3.458805
2.614791
3.260665
3.387569
4.165787
4.362633
2.968898
4.843075
4.469
3.838123
3.23718
3.777027
5.11606
4.867133
4.977497
4.878919
3.03855
4.670956
5.182139
5.739171
3.930084
2.393873
2.97552
4.021541
3.187432
2.982138
2.594518
3.139782
2.880612
2.063273
1.848458
2.071491
2.104791
3.302092
3.670767
4.659285
4.288841
3.466958
4.467637
4.839091
4.51085
2.546368
2.405477
2.142994
2.064088
1.99144
2.339309
1.811452
2.455265
3.800181
4.472901
4.36634
3.944098
2.455818
3.04756
2.949675
2.093275
2.566468
3.302911
3.168608
3.482179
4.003976
7.075998
4.760555
4.201548
5.107029
4.579815
7.985243
5.648952
5.058659
4.517756
4.399549
3.386445
4.190082
4.120275
3.71919
4.05788
4.210406
3.863792
3.549173
3.112037
2.750285
2.783907
3.888651
4.395787
3.969794
4.297483
3.19934
3.458388
4.196448
4.614914
5.594473
4.838854
3.561041
4.039064
4.216087
5.112601
3.146626
2.451695
2.693585
2.254547
2.090957
2.625331
2.701211
2.313803
3.067799
3.404722
3.183714
3.132012
3.407614
2.690369
2.576133
1.995625
2.308268
4.188685
3.693291
4.448627
5.186498
6.38118
4.651417
4.089375
3.714968
4.158465
3.178529
2.774467
2.734717
3.209266
2.49307
1.490825
2.122102
2.891792
3.86858
2.494047
2.006745
2.187744
2.533413
2.514001
2.692098
2.415361
2.10256
2.853384
2.563469
2.610164
1.900913
1.57381
2.10899
2.293143
2.347126
3.012412
3.378322
3.853563
3.601883
4.147933
5.127653
4.032983
5.357
5.993783
4.338689
5.328275
4.294029
3.74022
2.6454
2.812759
2.776422
3.643715
4.12895
5.859354
7.012292
10.18612
8.135996
7.668272
5.662338
5.748432
4.796752
3.468158
3.965659
4.203138
4.409119
3.570219
2.961111
2.186735
2.818407
5.034218
5.036593
4.829779
3.472872
4.167675
3.237481
3.068706
2.36835
2.134946
1.773755
1.7988
1.533718
2.028701
1.938879
2.185801
2.566336
1.997407
2.754102
3.340592
3.176518
3.018646
2.583949
3.08343
3.075379
3.09238
2.848733
2.694651
3.416162
4.302068
5.840481
5.384623
4.857924
5.464174
7.360497
6.451468
5.4969
4.171029
4.960783
4.231796
5.584686
4.07207
3.425499
2.931177
2.931891
2.197227
2.30572
3.233243
2.729395
2.397685
3.161914
3.035839
3.409047
3.614717
2.787985
3.280258
4.555035
4.153341
3.616276
4.634746
5.069002
3.477773
5.954181
5.513345
4.255758
3.483142
3.058062
3.439443
2.456826
2.631823
5.91501
4.048993
4.483266
5.044675
4.134199
2.540926
3.273541
3.529993
2.972199
3.153661
3.172601
2.08385
3.729586
4.882751
4.050732
4.507294
3.290677
3.514903
3.167427
4.478863
4.16054
2.803566
2.759523
3.96158
3.827371
3.177278
3.329242
3.753485
2.315631
2.195981
2.319039
2.534468
2.593064
2.624315
2.821434
3.070736
3.086528
4.710399
3.027506
3.014181
3.349861
2.508305
3.307942
3.308027
3.093388
2.853338
3.552882
3.185254
3.81408
2.801902
2.856017
2.977061
2.987744
3.418623
3.507551
4.032824
3.197621
2.964751
2.465156
2.972845
2.619047
2.549457
3.019556
3.502218
2.503308
3.022302
3.434569
2.739125
2.658755
2.885812
3.126188
3.009993
2.38956
2.808219
3.543913
2.720339
2.393172
2.677228
3.427295
2.800044
2.846833
2.157677
2.375433
2.210197
3.205928
3.985841
2.777469
3.126274
2.854614
1.918976
2.658
2.503121
2.228723
2.230663
2.461168
3.776777
3.126048
4.945996
3.950813
3.595239
3.189583
2.172016
1.945209
1.931196
2.114286
1.932806
2.912733
3.03783
3.254597
4.981931
4.145079
3.580748
2.904623
3.294206
4.136842
4.760343
5.209808
4.815435
3.819422
4.022476
2.202156
2.382422
2.726781
3.101292
2.726
2.683758
2.84078
3.212041
2.909653
3.2091
3.154409
2.768148
2.81978
2.696849
2.850321
2.608374
2.434217
2.810742
4.612982
6.782997
6.110869
6.093761
5.187405
6.944399
3.272015
4.430028
5.774971
5.927169
3.996169
3.220758
4.666971
5.162082
4.511812
4.208209
4.39713
3.393446
2.334295
1.745156
1.828704
3.605818
2.266465
2.284855
2.33374
2.196249
1.884958
2.485082
2.721719
3.392243
4.162544
3.715896
3.612301
4.448237
4.528029
4.181886
4.308808
4.016418
3.563611
3.284708
3.097375
3.980102
3.537854
3.636288
2.622444
2.872934
2.902863
3.717177
4.190498
4.950765
5.263145
5.131998
6.883537
7.093868
4.529585
3.390128
2.723908
2.472216
2.702741
3.033285
2.233967
1.943478
2.165135
2.12709
2.443531
2.877545
2.392377
4.361323
4.162721
3.718172
3.758673
3.097012
2.761761
2.744024
2.334965
4.303184
3.660781
3.968682
2.706013
3.418929
3.875803
2.790261
2.990876
2.406784
2.900559
4.489296
3.680607
3.533093
3.926633
4.243678
5.685845
5.685576
7.188969
5.369504
3.551611
3.569473
3.674112
5.056044
3.918678
3.67938
3.991967
3.559104
4.094477
3.967662
6.130237
4.158175
3.729247
4.85575
3.499179
4.694739
5.476237
6.207983
7.762658
7.718269
7.225379
8.606653
7.989958
7.165126
6.030233
6.394526
4.800841
3.825025
4.671578
5.712625
6.323374
4.728474
3.911964
3.10479
3.734754
4.585238
4.677856
3.881823
4.510253
3.701189
4.174044
2.974877
2.793918
2.169717
1.966822
2.207602
2.385146
2.591251
3.023504
4.13543
2.817152
3.006007
2.944648
3.0078
4.331838
3.457342
4.242098
4.115975
4.729234
5.898042
4.429509
4.995395
4.823591
4.069965
2.49353
2.683034
3.136545
3.853622
2.382841
2.309707
3.324673
3.265784
3.742355
3.666587
2.632099
2.560604
2.771745
2.643415
3.632375
3.377634
3.728567
4.533827
5.123325
4.345567
2.727834
2.576151
2.891717
2.115678
1.646181
2.002903
1.9246
2.670016
3.143521
2.763192
2.663156
3.210299
4.763891
5.586446
7.140739
6.033662
4.782288
4.675352
3.652458
3.067544
3.122322
4.07144
3.462451
3.404849
4.122386
2.819482
2.825878
3.947099
3.984831
3.760525
3.564629
3.06904
2.737511
3.226513
3.42437
3.325811
2.914791
2.605515
2.705279
2.574135
3.046654
3.443301
3.005592
2.329808
1.91577
2.513744
2.16306
2.940625
3.006726
4.757301
5.12445
3.976723
4.74192
3.895749
3.331642
3.337342
3.695628
4.589436
4.669976
4.597267
4.609513
3.289299
3.113698
3.268564
2.498541
2.494241
1.992664
2.111516
1.741677
1.561192
2.036642
2.304095
3.310586
6.071302
3.86755
3.882169
4.060598
5.286766
4.402074
3.448126
2.977536
3.444634
3.349344
3.09403
1.866072
1.72953
2.456871
2.461286
3.444408
3.454999
2.548836
2.979264
2.734464
2.956099
3.509967
3.885296
3.086082
3.405277
2.736829
2.35158
2.011294
2.682552
2.014271
2.331005
3.432328
3.493981
3.829085
3.14552
3.904942
3.263982
4.394092
3.755096
3.225152
3.846516
3.400906
3.049343
3.492853
3.273723
2.876112
3.214105
2.983219
3.632009
3.255142
2.588895
2.037003
2.311943
2.076561
2.50126
3.479502
4.167317
3.602829
3.965753
3.022767
3.743156
4.36626
3.130535
2.381842
3.040092
3.797844
4.378715
3.180278
3.611516
3.78877
4.498836
5.303016
6.061432
7.161667
6.6681
5.238673
3.347538
4.123341
2.542315
3.721354
3.498609
3.204062
4.821198
3.911665
2.521149
2.500298
2.707551
2.408535
2.764999
3.777885
2.731477
3.109269
2.555429
2.631955
2.780386
2.242345
1.577272
2.016035
2.37857
3.785542
4.045573
3.116114
3.718117
3.549883
2.135682
3.117526
3.819116
3.181233
4.33694
3.24064
4.004498
3.508642
2.836874
4.674697
5.197141
4.24574
3.754989
3.654595
3.594327
5.1455
4.357012
4.357775
3.899068
5.318584
5.716289
5.066195
3.622056
4.121769
2.744353
2.223137
1.839871
2.371583
4.624801
3.982936
3.354144
4.019519
3.012254
3.116162
4.011367
3.154376
3.805051
3.460998
3.814979
3.047162
3.263117
2.371684
2.91055
3.473951
2.819515
2.781196
3.874164
3.725433
4.563433
4.267536
5.546972
8.285923
6.511648
5.672957
4.843175
6.564059
4.016476
5.168729
3.381264
1.83289
2.162196
2.276347
2.053045
1.606433
1.569323
1.83145
2.516554
2.406027
2.644209
2.773867
3.502319
2.780248
2.329233
2.912125
3.144172
2.967226
2.827806
2.42517
2.82365
3.839738
3.577945
4.087113
2.965712
2.388408
2.47544
2.251345
2.790987
3.72398
4.051191
2.95221
3.536681
2.709901
3.286989
3.095446
2.464852
2.89344
3.569554
2.866858
2.727739
2.862125
3.881717
4.985397
4.127631
5.239967
5.058758
4.051545
4.844282
5.313439
5.165784
4.721509
3.969426
2.945776
2.42305
2.569745
2.764411
2.715573
1.884352
1.884659
1.645004
2.026971
3.490569
3.902794
4.549191
4.524069
5.652165
4.653717
3.248688
2.933524
2.334895
2.464329
2.35073
1.995788
1.426179
1.481471
1.831716
2.206499
2.309477
2.410149
2.072545
2.885109
3.248898
2.749938
2.83854
3.110136
4.362762
4.057007
3.953422
4.012664
3.785108
3.264495
2.692519
3.25808
4.876888
3.634342
2.479648
2.993628
3.347255
3.431067
3.950769
3.966379
2.575547
3.853042
3.527545
3.15903
3.347904
3.736053
3.330952
2.373234
2.154082
2.546123
2.514709
2.418661
2.526191
3.438953
3.617833
3.713891
3.882267
3.137174
2.860002
2.478032
2.195603
2.182001
3.584024
3.550703
3.984886
2.665149
3.838047
3.924656
1.68124
1.531743
2.501747
2.730425
3.414331
2.646652
2.873602
3.179445
2.594522
2.376873
2.82737
2.778472
3.08704
2.89806
2.642277
3.030737
4.044825
5.043358
3.322629
2.671681
3.898332
4.62406
3.324607
2.508238
2.821199
2.594197
3.110448
4.626877
5.255085
3.85476
1.994185
1.990296
2.183355
2.39538
2.718473
3.087969
2.473153
2.592532
2.308335
2.342345
2.584329
1.993368
2.782362
3.218525
2.912842
2.680101
2.972109
2.13545
2.377231
2.850515
2.670402
2.748678
3.19619
2.936152
3.410484
2.60786
2.913899
2.569583
2.536319
2.784936
3.066741
3.879879
4.191712
4.227875
2.98033
4.874321
3.483971
3.686259
4.37942
4.475582
5.978555
4.637787
3.975156
2.661331
3.710246
3.670706
4.893795
3.64369
3.314265
4.98818
3.61854
4.520452
3.781316
4.482791
4.700589
3.92126
4.724022
3.923002
3.599799
4.998887
3.966357
5.017178
5.880886
6.301443
4.581121
2.866447
3.006794
4.304362
4.098803
5.158408
3.961228
3.774662
3.975582
2.610563
2.809996
2.381707
2.077483
2.892055
2.682667
2.464406
3.064738
2.834201
3.312181
4.660431
3.187276
2.648361
2.250442
3.376909
3.159362
2.536424
3.684486
3.10635
4.451994
4.562476
3.39217
2.740846
2.248204
2.941764
3.269046
3.551946
3.587356
3.623406
3.908863
4.335808
4.254675
4.566687
3.185631
4.858522
3.380757
3.575934
3.346642
2.293681
2.578921
2.938944
3.950389
4.434312
3.572511
3.301282
4.468211
4.587365
3.335617
3.320236
3.794984
3.773661
3.221691
3.089931
3.115141
3.493392
3.724946
3.966439
5.073713
4.186608
3.654444
4.45362
2.797657
3.877549
3.716009
3.625718
3.623752
4.690699
3.215907
2.234771
2.792586
3.286976
3.173356
3.639052
3.071887
2.918961
4.559432
3.692082
4.67998
5.050971
3.879488
4.224202
3.976416
5.467512
4.413748
4.51165
4.432177
4.261092
3.421346
3.558237
4.539371
3.628813
2.105805
2.904278
2.691437
3.366796
3.435759
3.991734
5.475936
3.55165
4.163213
3.785531
4.340341
3.033639
2.146244
2.189504
2.33746
2.807382
3.968655
4.13174
5.231837
3.993004
2.959735
4.927415
4.023496
3.72189
4.538389
3.557085
5.26032
3.667767
6.65714
4.721311
3.442946
3.140743
3.482457
3.73492
4.277042
3.45205
2.628391
2.936533
2.429715
2.651088
3.801405
2.925527
2.891789
2.956681
3.246375
2.796617
2.971569
2.648728
2.981015
3.64129
4.656518
4.064571
4.47756
3.53874
4.120622
2.9381
3.06274
4.605266
4.507425
4.063979
3.675748
2.869948
3.492559
2.969447
3.278014
4.30437
3.464565
2.756333
2.773615
2.466172
2.058209
1.805207
1.274728
1.466063
2.02569
2.910687
3.15232
3.724033
4.369349
4.07361
5.61595
4.994582
3.595037
3.497564
4.592234
5.430553
4.555095
3.75962
4.117418
3.822081
3.693522
3.908568
3.491724
3.294469
4.114346
3.074878
2.988482
3.930247
5.021727
4.402762
5.125818
2.897781
2.437595
1.914895
1.785859
2.535884
3.386949
4.382115
3.631709
3.655186
2.58537
1.713331
2.003643
2.248979
2.501044
2.435143
2.941423
3.087103
3.013365
2.67592
3.177896
3.723685
3.808708
3.990046
3.212736
2.571728
2.525585
2.853899
2.879229
3.797692
3.50324
4.948131
6.492702
5.481722
4.455684
4.351604
5.56649
3.249067
3.462552
4.345741
4.458636
4.378931
4.076482
4.221629
3.136198
2.70119
2.285159
3.25385
3.795257
5.261341
5.598159
6.647024
4.615614
6.06074
6.509077
6.163604
4.717228
5.800813
4.620102
3.039782
2.522078
3.072184
3.674549
2.716051
2.102354
2.186946
2.538974
1.963821
2.391054
2.886468
2.591354
2.855078
2.732329
2.927029
2.571162
3.305792
2.891991
3.91452
3.940356
3.445005
3.23325
3.156578
3.631748
4.341318
5.444947
4.89369
3.478429
2.737793
2.926274
3.485213
4.553136
3.378917
3.312866
3.909458
2.897329
4.298665
3.942014
4.268301
3.893744
4.163934
2.711479
2.360226
2.256109
2.116078
1.708478
1.447268
2.755429
2.490595
3.26101
3.344888
3.905636
2.935104
2.93866
3.680817
5.07733
3.673463
4.617056
3.855401
3.241135
2.796975
3.214675
3.535711
4.035448
5.41267
3.987718
3.092308
3.096804
5.303386
3.051075
3.598344
3.823324
2.303015
3.090368
2.362724
2.849687
2.579577
3.885152
3.606841
