10.08989
6.381915
3.126893
3.733664
3.992784
2.737083
2.40038
2.135372
1.803753
2.053729
2.085918
2.034516
2.064324
1.786149
1.651368
2.270148
2.43186
2.120574
2.47483
1.748639
2.501458
2.022809
2.580721
2.224663
2.402855
2.191095
2.356406
2.226377
1.77767
1.623457
1.636068
1.697791
2.50532
2.254286
2.041614
1.740894
1.777599
1.903681
2.25789
1.838607
1.889122
2.274893
2.061313
1.921026
2.072065
2.120816
2.052609
1.919762
2.368492
1.643131
2.434129
2.11668
2.091654
2.024713
2.148558
2.27698
1.903227
2.233851
2.458441
1.821407
1.667089
1.553753
2.197099
1.962181
1.932308
1.832496
3.25537
2.085419
1.950354
2.451482
2.116292
2.105667
2.447676
1.923739
2.559341
2.109462
1.922114
2.246915
1.656494
1.797802
1.840089
2.188751
1.48581
2.284928
2.15522
1.946858
1.898719
1.924659
1.724044
2.310646
2.453572
2.59914
1.968004
2.304297
2.532308
2.163807
2.105287
2.081312
1.88679
2.036193
2.073055
2.099719
1.84202
2.299749
1.930714
1.976349
2.122632
1.901653
2.510975
2.477575
2.125778
1.372737
2.358653
2.001705
1.791436
2.26259
2.437529
2.452373
1.817478
2.244788
2.405353
2.615032
2.279689
2.079282
1.850158
2.239807
2.229809
2.113938
2.58019
2.707903
1.840521
1.626814
1.7364
1.880077
2.005963
1.708305
1.844074
2.116571
2.460477
2.618797
2.579701
2.067773
2.46212
1.853562
2.204011
2.50704
2.079135
1.948616
2.074663
2.630715
2.633369
2.260463
2.676052
2.329263
2.196001
1.910875
2.238101
2.079274
2.052156
2.093386
2.279179
2.333817
2.396571
2.3556
3.065971
2.482149
2.113127
2.042793
1.984225
1.998496
2.46355
1.909777
2.090503
1.979122
1.778274
1.94925
1.862237
1.914289
2.161938
2.068778
1.811414
1.91594
2.589128
2.435358
1.594991
2.259513
2.215893
1.946408
1.890479
1.577719
1.750655
1.957904
2.121669
2.336133
2.06952
2.169355
2.340117
2.237381
1.989743
1.812342
1.80914
2.089604
2.200862
1.965793
2.391766
2.837957
2.313076
2.400982
2.158013
1.958121
2.14381
2.031078
2.07323
2.092469
2.23293
2.160406
1.803984
1.693043
2.01797
1.868001
1.938262
1.824385
1.803288
1.812874
2.466834
2.23602
2.565334
2.081767
1.761941
2.548189
2.95189
2.09991
2.278046
2.085993
1.877219
2.054541
2.031141
1.757384
1.617282
2.027168
2.176455
2.203029
2.221977
2.172695
2.016917
1.733949
1.73859
1.92581
2.002976
2.269237
2.14687
2.037574
1.861994
1.904533
1.515367
2.018702
1.952234
2.206206
1.539707
2.225381
2.357958
1.885679
2.065126
2.382398
1.709577
1.624405
2.389539
2.493749
2.413567
2.054434
2.44898
2.04809
1.952591
1.691376
1.834499
1.509133
1.822522
2.353581
2.035633
1.767276
2.335992
2.06439
1.596322
1.7709
2.275348
2.000023
1.74727
2.272849
1.827105
1.521287
2.14693
2.00289
1.960582
2.11766
2.09672
1.978797
2.034559
2.041695
2.603503
2.1287
2.003389
1.924632
2.389813
3.287432
2.00334
2.223363
1.653176
2.123069
2.373793
2.064633
2.114885
2.094957
2.232641
1.762677
2.093109
1.804644
2.30434
2.948447
2.253522
1.996527
2.49214
2.657865
2.009635
1.946919
1.542312
2.409342
1.625677
1.502393
2.046528
2.072523
2.496982
2.223223
2.112759
1.927934
1.95879
1.911609
2.133637
1.836512
1.824552
1.859493
1.940351
1.842254
2.013988
2.14575
1.404403
1.961105
1.854207
1.681582
2.35576
1.783545
1.975717
1.911416
1.689097
1.532979
1.824245
2.203457
2.046423
2.185287
2.236445
1.810601
1.787131
1.827333
2.229062
2.370521
2.03661
2.816032
2.482519
1.868309
1.925911
1.766884
2.523069
1.982258
1.862203
2.323035
2.00682
1.727309
2.393348
2.290488
1.849771
1.712353
1.690743
1.957663
2.30923
1.960496
2.230071
1.871135
2.117421
2.986789
1.93378
1.806068
1.590843
1.802294
1.734082
2.418177
1.744151
2.220923
1.789315
2.249133
2.126271
2.228556
1.84962
1.94305
1.933236
1.603845
1.747221
1.847966
1.534931
1.668218
2.109565
2.191233
1.846311
2.10717
1.87048
2.027342
2.466061
2.031813
1.997991
2.285044
2.01322
2.648572
1.917965
2.454738
2.81663
2.49658
2.473388
1.480846
2.430975
2.005007
2.344604
2.489922
2.319112
2.64558
2.516902
1.790672
1.83283
2.07837
1.881347
1.454924
1.657204
2.115791
1.930646
2.204842
2.078876
2.007588
2.090827
1.767973
2.203704
2.243652
1.965366
2.016486
1.88728
2.115553
2.050144
2.291134
2.740372
2.059001
1.93192
1.779439
2.023662
2.249934
2.969313
2.123935
2.192526
1.93237
1.670512
1.881537
2.287539
2.481246
1.661005
1.909997
2.084804
2.057556
1.717748
1.831193
1.623147
2.736896
1.985878
1.921793
2.05872
1.974928
2.110718
2.01247
1.740524
1.4654
2.185918
1.896527
1.922285
1.998843
1.813666
2.340612
1.376829
1.418255
1.951012
2.193596
2.153939
2.086853
2.132921
2.12091
1.672438
2.160133
2.620005
2.468996
2.330093
2.827179
2.270083
1.857141
2.203634
1.989478
1.875194
1.76561
2.268032
1.862163
2.22041
1.835238
1.961624
2.478952
1.938047
1.893689
1.718442
2.284203
1.68734
1.627936
2.007869
2.220893
2.083007
1.965036
2.0087
2.004554
2.081444
1.854735
1.851681
1.996401
1.831553
2.160778
1.934759
1.542677
2.238065
1.858544
1.943175
2.044212
1.953728
1.777042
2.131758
1.795483
2.050588
1.96621
1.912243
2.269104
1.980861
2.480974
1.918801
2.109129
1.86996
1.757666
2.813387
2.292549
2.060229
1.829116
1.898143
2.301726
1.816224
2.037241
1.99492
1.818141
2.132861
2.102997
2.397737
2.071255
2.328734
2.399889
2.43648
2.062734
2.068316
1.993565
1.784596
2.063211
1.807728
2.193892
2.475325
1.923254
1.861328
1.748286
1.840024
2.149093
2.02599
1.927043
2.382117
1.91499
1.641944
1.757614
2.185197
2.34413
2.057799
2.29652
1.918543
2.404022
2.21075
2.923212
2.350836
2.047005
2.040168
2.002771
1.907565
2.226713
1.968358
1.981551
1.796235
1.773365
2.373952
2.468139
2.394916
1.98234
2.027736
2.165219
1.803918
2.675717
2.650103
2.374683
1.691823
1.953911
1.875
2.180068
1.899221
1.558215
1.826385
2.041246
2.087744
1.930538
2.454203
2.004826
1.997705
2.395336
2.021936
1.778762
1.941308
2.150251
2.524386
2.987533
2.879496
2.507951
2.402309
2.407745
2.314769
1.952366
1.800146
2.352013
2.188154
1.883715
1.875306
1.739742
2.513554
1.911859
2.183342
2.65223
1.931422
2.889087
2.103452
2.134319
2.171496
2.983308
2.256278
2.445319
2.709508
1.974032
2.525059
2.18902
1.634902
2.056369
1.992282
1.835529
2.085843
1.886921
1.667685
1.695763
1.995368
2.254832
2.149421
2.871753
1.926207
2.366049
1.964847
2.142798
2.175415
2.026535
1.860477
1.766169
2.470379
1.920009
1.616484
1.56495
1.747497
2.288346
2.547891
1.891219
2.108458
2.487198
2.071623
1.742018
1.858733
1.988831
3.326241
2.28535
1.810016
1.818387
2.311047
2.443787
2.108234
1.799532
2.022467
2.179257
1.994542
2.025105
2.181235
1.991885
1.650743
2.04436
1.834949
2.296835
2.108184
2.280572
1.910556
1.969886
1.828526
2.613085
2.18135
1.576977
2.078448
1.974824
2.258473
1.844001
1.734554
1.557115
1.812973
1.695117
2.186409
1.961036
2.505415
3.162658
2.694676
2.848762
2.318832
2.109823
2.487661
1.883928
1.648581
2.048957
1.909746
1.915792
2.425563
2.393298
2.095784
1.769653
2.04762
2.255836
2.029956
2.150481
1.651205
1.545806
1.693664
1.762009
1.486717
2.027308
1.849048
1.827621
1.689938
1.844952
2.486799
2.190203
2.033664
1.740786
2.201811
1.463663
2.042597
2.080709
1.655149
2.25769
1.86956
1.888145
1.960722
1.807444
1.99402
2.320323
1.839162
2.224065
2.163972
2.086514
1.798537
1.761374
1.875891
1.853197
1.882747
1.721372
1.727583
2.284447
2.194249
1.963841
1.951014
2.065268
1.772539
1.49923
1.770671
2.032952
1.98609
2.206061
1.709566
2.165835
1.736597
2.044566
2.033994
1.983048
2.574361
1.989877
1.992447
2.162329
2.437252
2.580208
2.388245
2.480268
2.332652
2.243085
1.793356
2.067141
2.417135
2.315515
1.967444
2.618064
2.055535
1.700159
1.883742
1.726291
2.362458
2.316342
2.305187
2.003074
2.170421
1.949532
1.570285
2.477489
1.978717
2.235862
2.456365
1.616854
1.732987
1.604764
1.747826
1.661201
2.10878
1.642065
2.703927
2.210358
2.818808
2.17402
2.113053
2.469084
2.312757
2.265346
1.734259
2.276643
2.167844
1.54104
1.908066
2.425893
2.720108
1.641252
1.825638
1.768303
2.08688
2.367797
2.918053
2.63094
2.319665
2.270693
2.441587
2.428161
1.937815
2.385997
2.504609
1.702221
2.518635
1.978637
2.31054
2.692517
2.260599
1.914652
2.112656
1.969734
2.883855
2.411632
2.365835
1.491011
2.144498
1.668574
1.901201
1.669989
1.913975
2.277929
1.76675
2.339
2.080384
2.161699
1.903088
2.367136
1.488565
1.891413
2.342085
2.192286
1.971521
2.287852
2.262996
1.865333
1.919284
1.932593
2.061452
2.23188
2.108663
1.812917
1.715828
1.59703
2.431755
2.321399
2.031732
2.263365
2.314046
2.304465
2.229311
1.390913
1.859658
1.915558
1.99224
2.148725
1.799405
2.170676
2.156032
2.397011
2.101848
2.601169
1.511139
2.512804
2.103282
2.001841
1.998176
2.233548
2.175383
1.759604
1.54972
2.23231
2.165696
2.291258
2.072687
1.922496
2.66249
2.050281
2.240013
2.384407
2.102091
2.091522
2.245554
1.774896
2.187266
2.010992
2.169635
1.987882
2.277649
1.829754
1.629053
2.138243
1.789745
1.813148
1.966363
2.643388
2.049734
1.748189
1.754822
1.771921
1.728246
1.786442
2.324851
2.26879
1.753333
2.06987
2.09964
2.040028
2.063226
2.322816
2.628164
2.116124
1.75121
1.884729
1.749816
1.515092
1.63921
1.972842
2.061996
2.034364
1.971391
2.130381
2.149134
1.807637
1.790041
2.053041
1.660263
2.128406
2.514035
2.324341
2.413982
1.826618
1.913196
2.385879
2.131445
1.949768
2.271937
2.672197
1.895779
1.977947
1.780987
2.289015
2.190136
1.582063
2.052324
1.958231
2.026127
2.239457
1.625424
1.651184
2.11623
2.273842
1.92203
2.501232
2.299852
2.090948
2.26487
2.149432
1.946873
2.187443
1.866136
1.939118
1.740917
2.515135
2.131228
1.986013
1.884981
2.185111
2.387966
2.734103
1.846303
2.381125
2.428236
1.983591
1.618347
1.952364
2.032518
2.200864
1.588446
2.0314
1.954275
2.099371
2.096212
2.151608
2.566054
1.906034
1.967648
1.851018
1.834763
1.878182
2.403458
1.824775
2.315648
2.045499
1.98644
2.527302
2.253058
1.970622
2.388183
2.393438
1.993996
1.654209
2.644721
2.147924
2.47673
1.969121
2.123601
2.129041
2.444682
2.082539
1.924298
2.334376
2.105194
2.260813
2.334769
1.991077
1.968987
2.146282
2.014582
1.544709
1.998814
1.929999
1.330582
1.537796
1.658307
1.672701
1.74524
1.970249
2.30759
2.116765
2.421904
2.629194
3.082398
2.47647
2.360394
2.406142
1.450454
1.881499
1.89981
2.187184
2.100372
2.516913
2.324594
3.202647
2.139973
2.474665
2.199474
2.413858
1.622741
2.329602
2.000132
1.919504
2.131559
1.869774
1.602245
1.742522
2.364894
2.196784
1.785662
1.983388
1.840838
2.19278
1.857907
2.02567
1.725189
2.925049
2.205548
2.692581
2.481279
2.371134
2.370301
2.180112
1.737862
1.940821
1.881804
2.197558
2.524223
1.775756
2.390755
2.293069
1.976296
2.024176
2.487332
1.915839
2.22235
1.763632
1.777582
2.589627
2.513274
1.961784
2.300315
2.083106
2.545138
1.780093
1.587805
1.473409
1.578615
2.332784
1.797887
2.334558
2.79051
2.32292
2.353817
2.247434
2.559111
2.008161
1.802857
1.92009
1.707842
1.735825
1.924811
2.225724
1.951749
2.364147
2.944596
2.571452
2.20656
2.097787
2.322741
2.517539
2.110345
2.287708
2.001355
1.822683
1.75658
2.433027
1.868243
2.330436
2.236439
1.879591
1.987408
1.869579
1.591968
1.606193
2.207533
1.775027
1.824447
1.926356
2.759421
2.425395
2.410647
2.682541
2.387029
1.494507
1.799174
1.668635
1.925788
1.680514
1.610867
1.728107
2.022501
2.238031
1.821257
1.631348
1.930065
1.938897
2.288349
2.383116
2.295394
1.66963
1.876695
1.89203
1.948229
2.141053
1.554497
2.214885
1.7247
1.755525
1.873662
2.746276
1.697779
2.140264
2.182744
2.164473
2.093403
2.134002
2.573187
2.349897
2.966312
2.361325
1.649802
1.750354
2.197949
2.684392
2.046653
2.057158
1.947381
2.407775
1.816663
1.696389
1.918168
1.836257
1.741876
3.267046
2.131406
2.047747
2.219749
1.906987
1.794525
2.194447
2.415646
2.227526
1.923387
1.710478
2.614277
2.222991
2.412165
2.039452
1.918076
2.012335
1.733148
1.558449
1.729154
2.33435
2.908276
2.402066
2.350186
2.130061
1.940807
2.862862
2.913225
1.777097
2.254776
2.344083
1.915795
2.121221
1.774731
1.839433
1.952402
1.475142
1.938406
2.198567
2.047208
1.670688
2.303619
1.888111
1.811548
1.863022
1.398969
1.933736
2.219065
2.123118
2.334923
2.020773
1.630465
2.386179
1.944289
2.209596
1.91898
1.798709
2.122273
1.952165
2.0426
2.292991
1.730668
2.340513
2.05724
2.073308
2.322309
1.615234
1.988865
1.794042
1.765695
2.143007
1.745857
1.827003
1.941077
1.855889
1.690139
1.827342
1.869113
1.936747
2.05262
1.874482
1.907111
2.465419
2.443523
2.176785
2.385445
1.543023
1.845419
1.699996
1.906037
2.033741
1.794631
1.895163
2.113601
2.008646
2.226467
2.345352
1.641715
1.880976
2.021149
2.175561
2.256824
2.09269
1.855522
1.726949
1.932879
2.390121
1.917336
2.230851
1.829337
1.429756
1.504954
2.000647
2.000738
2.263376
2.077476
1.795164
1.752256
1.973956
1.783269
1.850099
1.664418
1.887863
2.068732
1.503303
1.770606
1.659626
1.754717
1.696244
2.468092
2.457035
2.41761
2.790006
1.602353
1.803006
1.847981
2.269552
2.029847
2.102093
2.118972
1.987691
2.396644
1.851429
1.762685
1.731008
2.049487
1.938814
1.999564
1.938759
1.783868
1.907177
2.094635
1.952667
2.322428
2.393875
2.406346
2.246584
2.300803
2.602014
1.730523
2.05013
2.109475
2.109393
2.608579
2.155724
1.659244
1.959257
1.893429
1.904924
2.375867
2.437342
1.842485
2.265535
2.00818
1.862188
2.083632
2.196275
1.832595
2.079972
1.751507
2.463188
2.428514
1.988222
1.858616
2.579992
2.117657
2.391897
2.12697
2.112704
2.092188
1.89438
1.662227
1.898626
2.286306
2.057944
2.29955
2.334466
2.961158
2.301566
1.969068
2.062764
1.911123
2.248701
1.867127
2.005182
1.745411
2.243165
1.767182
1.591763
1.959183
2.399765
2.465956
2.197363
2.221283
2.337234
2.711034
2.279278
2.330848
1.905231
2.153433
2.121096
2.635331
2.015547
2.061714
1.600341
2.159993
1.703903
1.824217
1.952963
2.316147
2.308845
2.183402
2.117107
1.959791
1.928643
2.43601
2.168722
2.538427
1.924708
2.398589
2.054836
2.585661
2.365313
2.010885
2.290548
2.173302
2.117816
1.68493
1.818797
1.86747
1.773173
2.049773
1.921097
1.754214
2.117799
2.255428
1.899649
1.487001
1.706156
1.765012
1.717147
1.818325
1.946415
2.189418
2.04588
1.88408
1.882941
2.025565
1.983155
1.630643
1.949708
1.961151
2.430237
1.775647
1.905968
2.114423
2.263982
2.422353
1.870489
2.028123
2.352531
2.560542
1.917013
2.28666
2.075581
1.703388
1.842159
2.49461
1.714488
1.986459
1.691071
2.079175
1.748288
2.426633
2.577724
1.836397
1.779347
1.737851
1.768746
2.264873
2.203186
2.689046
1.645078
1.946303
1.986632
2.620193
2.815949
2.216788
2.050838
2.549108
2.445854
1.911761
1.774943
1.818772
1.785704
1.663064
1.954922
1.845568
2.091789
2.018296
1.911582
1.707777
2.226469
2.165204
2.186464
2.753579
2.118588
1.880563
2.056602
2.202794
2.563111
2.808438
2.643618
1.972243
2.342198
2.161396
1.794051
2.085757
1.969112
1.679723
1.765639
1.905651
1.952727
1.865019
2.144064
2.12582
1.921316
1.954875
1.850113
1.42933
2.272447
2.101405
2.100691
2.67663
2.111995
2.223938
1.749015
1.918519
2.738818
2.755502
2.54715
2.124606
1.973187
2.01629
1.730821
1.757419
2.165735
1.950975
2.07469
2.077357
1.715459
2.013388
2.583283
2.01712
1.941042
1.875149
2.273817
2.327638
2.424615
1.673802
1.822565
2.671574
2.328422
1.939975
2.04299
1.924076
2.538736
2.596318
2.065392
1.80552
2.161937
1.603968
1.846274
2.078848
1.658354
2.068004
1.631081
1.753673
1.669284
2.01006
2.441493
2.416507
2.34169
1.674168
2.404347
2.005366
1.926519
2.321549
1.797017
1.832868
1.84637
2.010822
2.173775
2.040162
2.281648
1.823021
2.54042
2.303164
2.445415
2.280432
2.11582
1.895836
1.731569
1.656074
1.555809
1.693914
1.91393
2.389668
1.646075
1.627389
1.689141
1.627824
1.700578
1.9402
2.030826
2.129055
1.925745
2.154246
2.526381
1.889288
2.535111
1.889429
2.103115
2.117771
1.923719
2.00126
2.358632
1.950129
2.226482
2.375302
1.938692
2.1777
1.717681
1.943483
1.939423
1.773063
1.98163
2.145665
1.814475
2.058079
1.970506
2.390807
1.959163
2.255892
1.547616
1.808448
2.253534
1.682894
1.867669
1.591249
2.04816
2.317382
1.98074
2.287904
2.111333
1.669645
1.829186
2.161687
2.985428
2.030437
1.963856
2.140358
2.007516
1.934615
1.790969
1.911915
2.182552
2.123675
2.492512
2.687047
2.375316
2.951375
1.691993
1.939944
2.096473
1.988512
2.179273
1.894126
2.257022
2.744517
2.413942
2.226958
1.876188
2.081714
2.269517
1.797032
1.554042
1.8163
2.488433
2.584154
1.972881
2.261243
2.066194
2.270182
2.162615
1.68678
2.096296
2.6053
2.153265
2.362196
2.411224
2.132811
1.914116
1.652456
1.867242
2.009823
2.164863
2.211463
1.779952
1.506748
1.982813
1.620441
2.396039
1.930451
1.809972
2.490905
2.064686
2.30554
1.972162
1.956547
1.569722
1.966937
1.83816
1.770917
1.963872
1.936658
2.287066
2.408689
1.802949
2.278045
2.21362
2.653801
1.93163
1.853008
1.800403
2.474533
1.825902
1.600385
2.499069
1.760498
2.727402
1.931647
2.014028
1.905031
1.878671
2.621607
2.380725
1.930884
1.585503
2.552413
2.441146
2.024655
2.216758
2.532783
2.213036
1.877307
1.897896
2.315987
1.740539
2.232764
2.583115
1.744927
1.961881
2.132079
2.51607
2.425491
1.911965
1.609543
1.915855
2.554918
2.360238
2.057226
1.967607
1.945988
1.709685
2.291372
2.407894
2.326946
2.434856
2.692763
1.918803
1.895956
2.059418
1.976078
2.044971
2.561955
1.833601
2.267286
1.7242
2.506783
1.888062
2.055834
1.836645
1.880035
2.194483
2.273228
1.843109
1.886715
2.577034
1.947969
2.493915
1.992978
2.059763
2.611779
2.293555
2.331558
2.323231
2.057575
2.484582
2.175655
2.059594
2.351997
2.000803
2.13565
2.329008
2.454341
1.787756
1.866033
2.4212
1.521434
2.302143
2.337598
2.077528
2.699999
2.010839
1.871435
2.150743
2.192154
2.432873
2.426364
2.070716
1.591025
2.045899
1.946816
2.260036
1.901941
2.057117
2.56026
2.514548
2.022647
1.929299
1.925075
2.051347
1.888228
2.210775
2.228994
2.224666
2.610323
2.280472
2.312022
1.602829
1.765277
1.9786
1.849086
1.83364
1.708685
2.164796
2.43389
2.666528
2.470821
2.077696
2.037695
2.033578
2.372743
1.801095
2.298507
1.938355
2.48652
1.951098
2.221277
2.219606
2.196942
2.497981
1.756591
1.949383
2.162615
1.848275
2.756172
2.418138
1.966679
1.64788
2.428492
2.203307
2.22473
1.869231
2.367853
1.854505
1.707689
2.521315
1.672695
1.469076
2.068595
1.959647
2.325277
2.174544
2.146775
2.236215
1.938685
1.911164
2.154877
1.69095
1.914468
1.745222
2.130561
1.612418
2.104036
1.924848
2.280504
1.996598
2.123438
1.620865
1.956391
1.841455
2.33998
1.693394
2.213635
1.972243
1.801027
1.902792
2.324174
2.181147
2.03973
2.212324
2.10848
1.54368
2.22181
1.986147
1.779487
1.740458
1.94618
1.942272
1.526352
2.143428
2.187125
2.351262
2.247741
1.8952
1.952839
1.762898
2.388941
2.818106
2.11884
2.594484
1.894297
1.937174
1.990989
1.574301
1.75334
2.023431
1.557448
1.556686
2.147046
2.473324
1.829492
1.305196
2.818433
2.271728
1.800875
1.87461
1.624042
1.896368
2.144862
2.048119
2.559696
2.2778
2.210186
1.861145
1.461034
2.087985
2.37917
1.825096
2.270938
2.174111
1.717232
1.88749
2.44521
2.383224
2.261186
2.302365
2.201558
2.102454
2.083759
1.99901
2.549035
1.711847
2.48008
1.916167
1.828069
2.351732
2.091973
2.272653
2.209506
1.609178
1.892964
2.434164
1.879309
1.457297
2.003119
2.129964
2.054924
1.777057
1.745835
1.608869
1.41497
1.68293
1.636449
2.300986
2.516103
1.802673
2.36346
1.859419
2.023956
2.213547
1.542824
1.973423
1.729579
1.976957
2.988354
2.370164
2.661949
2.189483
1.849935
1.934917
1.824475
2.698989
2.210804
1.825826
2.135439
2.453836
1.998883
1.953419
2.399235
2.147716
1.956889
2.009673
1.602144
1.851864
2.832783
1.940508
2.47289
2.122646
1.91633
2.402368
2.068815
2.081637
2.143615
2.505312
1.944863
2.33405
2.664728
1.848744
1.648674
1.512316
1.891002
1.677623
2.024307
1.848953
1.97279
1.895805
2.180794
2.23671
2.446482
2.209607
1.964593
1.91381
2.13729
1.721337
2.223035
2.709026
2.069801
2.402565
1.798924
1.88493
1.967972
2.721212
2.601474
1.991689
2.650741
2.690672
1.917018
2.137821
2.377098
2.262035
2.121507
1.963392
2.155461
2.200186
2.108893
1.754811
2.298574
1.953468
2.040506
1.879801
1.986155
1.837795
2.183932
2.173076
2.450345
2.298753
1.739254
2.195294
2.279152
2.15901
2.142837
1.768379
2.10153
2.665099
1.749069
1.710078
2.045931
1.790187
1.847042
1.893466
2.235777
1.87607
2.454923
1.842561
1.728127
1.950483
2.055641
1.789589
2.223566
2.014499
1.975793
1.787906
2.227832
1.606775
1.768664
2.06
2.299651
2.097304
1.829719
2.301101
2.315688
1.591792
2.261594
2.411739
2.486288
2.414888
1.725869
1.995474
2.324686
1.88374
1.950829
2.280801
1.902145
1.999487
2.555415
1.71038
2.278212
1.576708
1.588096
1.754779
1.946085
2.192918
2.245077
2.986605
1.945369
2.261205
2.07702
2.350805
1.873451
2.084433
1.717598
1.643104
2.108076
2.834713
1.758443
1.798379
1.988362
1.878779
1.974932
1.922293
2.077095
2.08274
2.078693
2.326654
2.118948
1.606471
1.922655
1.826003
1.938074
2.230201
1.817932
2.009412
1.728874
2.16767
1.88111
2.866591
1.645609
1.897207
1.908256
1.762035
2.080777
2.120065
2.210622
2.275217
2.431101
1.795189
2.336793
2.240581
2.330062
2.632505
2.08236
1.805141
1.869661
2.093287
1.869778
1.993839
2.26233
2.32565
2.218762
1.910056
2.574309
2.344967
2.525292
2.083804
1.826672
1.943636
1.780057
1.896535
1.70677
1.839915
1.980681
1.597958
1.910893
1.711998
1.965391
2.102604
2.01373
2.37207
2.191233
1.793152
2.33098
2.554607
2.91728
2.145077
2.125072
2.03316
2.53879
2.239701
2.271567
1.554225
2.145569
1.809772
1.980438
1.878461
1.934583
2.099672
1.776605
2.105651
1.948134
1.558305
1.764608
1.788062
1.846511
1.955682
1.847404
1.58705
1.704912
1.898671
2.598236
2.62204
2.2079
2.178833
1.643898
2.520335
1.962684
2.680294
2.446907
1.765965
1.898421
2.110643
2.252267
2.731206
2.179131
2.677537
2.254008
1.791883
1.993322
1.581861
1.857128
1.939845
1.692521
1.904952
1.97525
2.274017
1.96322
1.556372
2.114416
2.537651
2.612842
2.377137
2.054445
2.075353
1.964444
2.152587
2.607853
2.085394
1.989046
1.899557
2.070244
1.918869
1.855656
2.388142
2.093026
2.258323
1.43946
1.635719
2.276074
1.910228
2.128099
1.807627
