44.40472
39.04988
39.82449
36.89918
36.03572
30.78921
32.60344
35.9312
31.91255
38.0157
33.27086
32.89151
35.11397
34.79199
35.86181
32.87133
32.71319
36.97176
31.67992
33.16785
34.40607
34.17828
35.4886
33.10816
34.99708
27.66265
32.55543
32.05647
29.11518
29.43354
32.59709
30.43402
32.88638
31.13912
32.48457
36.97527
37.12701
33.87333
29.60682
35.99241
33.76659
30.99373
30.31881
34.05486
31.53038
33.19564
33.53177
32.51571
37.81197
32.0948
32.22728
36.93059
33.32772
32.68948
32.3706
30.56984
29.31375
32.29916
34.04403
33.52845
36.55881
35.38211
34.03009
30.46689
29.98595
35.89601
34.60188
32.84385
34.46642
32.96402
42.1158
29.26563
29.07902
31.184
35.53951
37.23342
34.51446
33.74842
29.28563
33.92439
34.51852
29.51605
29.95624
33.82243
32.24568
33.06988
33.65517
32.49922
34.33188
39.03241
32.35689
31.1702
30.81531
33.62464
29.85024
36.39054
29.90776
35.65307
33.67463
31.02284
31.10214
31.44485
35.00535
32.55322
32.79364
40.79691
32.94922
31.80911
25.8748
29.3424
31.64382
35.52708
34.79216
36.05497
31.52504
34.51721
29.05008
34.81193
36.08473
27.3881
33.41688
34.16365
33.95938
37.66248
37.06418
43.74127
32.77171
30.9319
34.68743
35.39958
34.85528
28.88023
29.45852
30.72085
26.10494
35.46169
36.81568
30.88212
29.07633
33.78621
33.36823
30.89923
37.17662
30.38261
27.0461
28.53616
33.91167
35.82762
33.78535
39.76291
33.5805
28.74251
34.62804
38.99373
30.74304
28.95523
29.651
36.64633
35.66237
31.37423
31.32816
31.02861
36.80863
31.91321
32.25426
35.40679
32.76723
35.50519
39.53285
34.57578
35.18805
34.1531
35.58389
39.6793
37.81486
41.27188
33.8234
34.60734
33.97818
38.25457
29.85592
26.65634
33.22716
30.944
29.23872
28.46124
39.09502
34.50348
29.4245
33.56736
34.4709
35.27061
33.49332
33.98635
32.11042
33.22976
33.22411
33.98098
26.84623
30.24188
29.1038
31.98782
35.71356
35.01181
34.10948
33.1648
35.03337
34.51715
31.58757
29.68978
33.6723
31.09753
26.43965
30.66301
27.73395
29.666
27.74992
34.92185
33.28619
30.43259
33.99477
32.6633
32.31772
28.95522
31.01417
32.83258
34.27926
32.27306
31.68928
31.84319
31.34618
31.3057
35.26714
33.8988
31.12306
32.00443
32.10919
30.50326
27.4306
32.87544
34.79964
31.33995
38.23739
34.81035
34.69173
33.90274
34.45342
34.37427
30.1762
27.99079
34.83731
29.31659
38.17142
31.16056
34.66735
33.02757
28.92981
33.2105
27.07539
27.12651
28.99002
33.55089
36.11287
33.64639
33.11445
31.72562
34.22435
37.49277
35.0489
35.40212
31.17135
35.45367
36.83257
36.86518
32.74983
36.52369
29.98215
28.81848
29.90472
33.56566
30.66441
35.36172
34.50273
40.99646
35.23952
32.52418
34.76796
31.20012
37.91798
32.79713
29.6011
35.31942
32.735
32.40842
33.70933
29.21271
27.64739
30.37805
30.59824
33.24606
34.46285
26.17702
32.83488
32.74628
31.74211
29.6305
30.15315
28.74009
29.38925
28.18299
29.19254
29.79529
32.30098
35.96236
32.03565
35.83807
33.35358
40.58922
26.76881
33.02193
34.34941
32.38838
34.44136
31.826
29.6715
36.14797
29.54059
30.35272
31.11505
27.01035
34.38384
39.46526
30.89948
33.92921
32.49038
31.56191
30.14855
31.62188
33.00655
35.48287
33.83039
33.7118
25.61278
30.24047
33.51025
31.01039
33.47727
33.81333
37.8335
39.73686
36.39542
33.59319
32.80826
36.35872
36.56006
31.48017
34.04824
33.27978
35.29194
34.95364
27.3756
36.66806
37.95784
37.14003
34.81889
47.60605
35.88666
35.49445
30.44838
29.19659
29.31737
30.32297
31.48174
30.3984
33.68191
31.04999
33.13805
32.23199
32.78428
31.85483
33.43131
29.21739
27.22646
29.95768
32.78962
32.22483
33.07569
30.52264
28.57417
30.73714
26.24625
27.53809
32.57404
29.26651
27.69037
28.67631
37.54966
33.83598
32.99414
36.07898
29.85361
32.42933
28.99798
29.16001
34.83387
37.53925
32.14228
31.26097
36.12058
33.1141
35.30074
31.22248
45.26901
39.93171
37.29285
31.09326
34.93232
28.78328
28.29042
28.59255
30.96464
32.4373
34.77855
31.06184
28.84019
30.99708
30.52662
25.81004
33.15003
33.97419
32.75336
36.38965
27.40473
34.90156
33.8273
26.35961
27.10059
35.4206
40.09207
35.45286
35.4575
36.43421
37.63192
33.23154
40.53678
37.64428
31.56354
32.46499
30.18021
31.11606
33.07003
30.97921
26.31936
31.46418
28.31042
31.34716
33.81633
30.95214
34.42702
34.60575
31.67044
31.91315
26.60576
32.60184
32.25735
35.53153
38.88592
36.99701
37.76418
27.94416
29.34596
31.46967
32.00488
27.18658
31.80716
32.47419
26.01693
34.61806
30.86342
28.13522
29.40891
32.60002
31.6927
35.19493
34.4112
30.40964
28.94621
31.23609
33.92402
32.31567
32.86808
31.29827
34.0796
33.67249
32.07156
30.17302
30.16634
39.02342
35.46784
34.71048
37.01377
38.57814
35.463
38.75151
33.90663
34.7366
36.97017
37.02681
37.71892
33.29609
37.67792
31.70882
34.77765
40.32253
30.68866
32.42943
35.25954
35.11353
31.92295
28.48442
31.79816
34.22068
29.8251
30.61426
32.48891
31.99317
34.71406
36.67244
38.08172
29.50828
34.25986
33.25898
29.92283
34.9108
35.58528
30.98774
30.67371
32.74964
35.67444
36.09803
34.62661
32.62809
32.10198
33.56567
32.70386
33.57173
31.21121
34.04089
35.33296
32.72208
30.75159
29.65086
33.69215
35.13393
36.27737
33.58257
34.88542
33.86937
40.69816
33.73555
33.03308
31.5642
33.31502
34.13475
37.56086
32.20019
34.57051
35.19605
32.47766
33.38061
36.83197
33.52878
37.52086
34.19028
34.51994
34.81601
32.05889
32.85422
33.48797
32.48467
32.90425
27.22161
27.36535
32.44314
34.32993
36.09915
36.155
31.51068
29.46187
29.59423
29.32724
29.96764
27.94638
28.30177
28.37005
33.18439
38.63499
34.13969
33.12107
28.72154
34.06436
28.09841
30.80149
28.37794
26.32211
29.10069
27.46491
36.08041
35.22994
35.9991
30.0569
33.66637
32.47892
33.3534
41.94926
30.56624
35.83582
35.26902
32.58612
29.85462
33.39569
28.93849
26.15603
28.74594
30.63362
36.58034
35.50867
27.50597
34.01218
31.07478
36.1128
31.36882
37.49373
36.28206
31.14699
29.64227
33.1661
34.47172
32.13632
34.8918
27.66699
32.0596
33.60564
28.0411
29.48382
31.30379
29.19968
32.83961
31.06583
29.25842
26.40945
24.13783
27.84807
29.77186
27.52467
30.17448
39.2152
31.63489
31.66858
31.54775
30.9198
32.38051
36.1478
37.07912
31.79877
31.29728
30.93225
29.77813
31.66567
30.33602
34.15061
29.97368
27.69466
31.20821
34.96998
37.83947
33.11227
30.15199
38.45701
34.04402
40.45951
35.57136
34.41866
33.3646
37.15041
35.63879
32.06845
36.52668
36.37524
33.58527
30.42245
34.728
32.12468
30.04536
32.10069
31.70593
31.85866
28.71452
30.26932
27.39674
27.2338
29.80442
28.85535
30.34136
34.78135
35.88515
34.92744
36.41538
34.26066
32.01594
36.13112
35.54708
34.05043
31.05088
30.98224
33.86884
34.5188
31.03688
30.45633
31.89381
36.85994
31.38703
32.7534
36.37758
38.54955
35.54648
37.11811
31.97033
33.82433
32.22871
33.60752
32.91621
33.15612
36.85679
32.22407
35.83776
31.89441
32.25962
33.1234
31.46272
31.58132
23.87337
28.86521
36.85023
33.47935
35.91101
31.35669
28.9388
32.96643
36.72353
26.35676
28.56995
28.16528
35.87476
31.34912
28.47109
31.03691
34.50941
34.86569
28.29229
30.38025
32.18849
33.11716
33.26372
32.73708
32.44489
37.46226
29.88908
32.79165
31.05246
26.5218
35.36827
29.60006
32.50804
33.13655
34.01532
30.52734
35.22793
33.21591
31.49276
33.13324
29.1004
26.12916
35.78188
30.4976
29.74101
28.52247
28.93202
30.41174
27.12799
33.46377
30.8686
31.10441
37.65875
34.94351
31.75296
36.20006
35.89628
37.87877
36.41605
37.30976
35.93932
28.77768
29.24597
27.22363
28.47478
33.65497
36.99737
38.43598
32.48295
30.81801
37.88986
29.78967
33.83706
27.02915
30.87352
28.78641
27.02945
30.24167
27.84259
36.46084
30.57401
33.0397
31.36698
33.22685
28.40398
32.32441
33.473
32.13952
29.35894
32.06566
36.49761
30.39332
33.7962
29.98394
27.81547
31.03149
34.46038
34.21139
36.00399
28.82787
32.78664
36.85824
23.74851
33.77012
29.87941
32.02365
33.52856
32.01642
29.36451
34.0555
32.81106
39.51582
38.17127
36.16764
33.10664
36.16688
29.88809
32.40933
35.9901
35.58887
30.53917
28.34743
26.77717
24.39645
28.2572
25.01905
29.33161
22.77669
29.52148
28.79512
31.65196
30.18287
27.22844
32.1738
26.97877
32.60045
33.95652
33.12433
26.36515
32.05853
34.97248
30.89681
36.02976
30.2966
38.42075
36.52962
33.83092
31.49666
26.29093
27.96294
27.07271
31.26998
32.56022
36.1082
33.15656
29.55705
30.2035
29.80916
32.28059
29.93379
25.7769
33.84368
33.76644
34.215
31.75498
33.50338
36.36374
31.61925
38.66386
37.0982
39.33222
38.30496
37.38989
32.81954
33.35159
35.17898
35.43658
34.93771
31.33858
25.69553
32.68969
27.24773
28.65528
32.38858
34.024
31.64042
36.5371
34.79463
34.13926
30.24155
34.69218
32.94488
29.94005
30.26304
31.95916
35.74974
30.76165
31.81818
30.50773
31.49654
33.10642
32.86473
34.36713
29.52702
34.8855
31.8644
31.97195
31.52372
35.89772
33.66543
36.85788
37.95567
29.95719
31.19774
30.82423
24.26922
28.07126
33.42419
31.91923
31.07253
34.02439
34.82555
35.6303
33.36622
29.89359
29.67733
31.8099
38.096
35.82339
31.15319
35.02948
33.35099
34.55952
27.75515
32.88024
27.9284
34.10233
31.14789
30.4648
32.44528
35.23258
34.74209
30.19947
32.46895
31.405
34.39501
37.74786
34.42463
35.90729
35.20468
31.41494
29.37648
33.21832
32.29253
29.6232
34.30744
32.00012
35.99717
32.30094
28.37857
28.75885
34.74386
29.79738
33.13866
32.05183
30.9785
40.1424
34.88627
31.04991
30.71217
33.10906
32.3561
35.74399
29.46936
32.53488
28.58287
30.89437
29.59016
30.92584
34.89013
32.3155
33.66554
26.74883
36.28397
29.68894
29.72043
32.28058
33.29078
36.68688
35.40608
31.34338
32.10106
31.86142
36.50393
35.01837
32.6481
34.05993
33.29867
31.02377
28.66402
34.91433
30.70823
33.40465
33.57151
30.78674
34.19449
32.37569
31.73255
29.87842
28.87348
29.65366
29.65774
33.62201
30.41668
33.201
32.39636
33.32584
35.19905
35.91643
30.53376
34.71898
31.00577
35.12245
28.87342
35.98452
39.88205
35.09749
32.56595
32.74014
32.22689
31.79941
28.75651
30.34033
34.78576
37.12429
41.26274
44.63967
39.80253
34.53466
33.51427
31.54821
26.28988
41.16535
33.43009
35.47941
39.9228
31.3954
29.3985
35.85087
38.18208
34.62077
36.48775
32.84414
30.82575
35.95715
32.34579
37.54224
37.37898
33.16103
35.52656
27.18064
33.6089
34.38923
29.37523
33.45846
31.10887
31.34657
32.56037
30.39866
28.42082
29.28819
33.46442
34.62179
31.02271
34.88136
36.51672
32.972
36.81
36.26095
34.78917
37.32217
30.98328
34.0718
34.25567
34.04252
34.10239
34.19378
32.45546
32.63256
30.94437
29.77953
29.22628
30.98818
35.94573
39.51707
34.46517
38.0982
35.29884
37.14892
32.60509
32.58052
30.84412
31.9101
28.74976
30.125
34.74417
33.74986
32.43557
30.47721
32.16133
29.68105
27.78411
33.46416
38.24861
39.09463
33.6697
40.69757
36.61642
38.50107
34.16178
36.41385
37.76825
36.78715
32.53322
32.59839
32.75203
30.54501
32.80511
29.14666
27.4649
32.86781
32.15404
33.40628
33.10219
25.59192
31.29842
31.26116
32.39358
29.67904
29.6518
30.2425
36.8639
32.86803
30.12925
28.35448
29.16799
29.01458
35.36901
29.0054
30.70314
33.16492
33.08212
28.69684
29.28758
35.17486
35.36869
35.49021
28.89087
30.86358
28.5773
26.90186
33.51586
28.70169
30.511
30.13499
35.68324
31.55518
32.10231
33.2903
27.8487
28.9185
29.23774
29.84314
32.05102
30.55747
33.64069
32.13874
30.18121
31.04736
33.66052
30.20445
28.9281
28.09835
28.24902
30.40724
33.73116
34.7591
31.98681
30.80711
32.1389
29.60429
29.07491
27.68864
26.26829
28.50319
28.592
31.43602
28.96049
33.0659
40.12819
33.95528
33.38487
36.06054
28.42604
32.55411
31.10505
29.68285
26.71578
32.08346
32.32161
35.74586
33.06375
28.87011
30.64922
29.8778
29.40413
31.19221
34.67283
28.61979
27.81576
31.00522
30.4365
34.34915
33.97518
28.28897
27.92771
27.35154
34.73425
31.26847
36.28226
32.81759
38.63383
38.36908
38.7339
39.98772
30.55584
27.75302
31.09859
33.75707
32.87025
31.81692
32.47093
38.81416
28.20707
30.86255
34.1508
33.87557
32.81981
31.71985
30.92726
34.12809
33.11977
32.70823
34.32328
33.43987
36.03574
41.4198
33.2418
30.40973
33.25784
28.30315
26.86224
34.27467
30.51989
32.58433
29.72085
31.05463
31.66548
31.09069
31.3181
28.50721
32.69469
33.72952
26.19073
30.71176
30.20482
29.24736
27.68299
32.73981
26.8261
29.87458
31.26035
37.89929
35.23434
31.76398
32.09217
31.20596
30.13041
34.15469
36.18886
31.71508
32.79656
31.52899
31.71903
28.44512
30.43694
29.52944
35.08093
29.6023
34.48763
25.96685
33.6064
35.53135
31.34888
28.75447
30.00322
27.2094
32.16974
32.01566
38.35254
31.89129
30.15468
30.95185
31.51243
33.35312
28.62932
35.86675
33.10101
30.82621
28.98636
29.69663
33.79134
37.63454
33.26928
30.61406
32.25179
33.00508
29.75415
34.01094
34.30461
32.41786
26.42588
30.28582
28.36635
25.84987
30.34614
29.93589
31.16918
35.39111
29.93187
25.51722
27.79078
30.67279
31.03258
25.38187
32.31486
32.41184
32.16394
35.18121
38.63902
39.95083
38.9685
33.88867
28.67553
34.8019
31.0403
33.91276
33.19747
31.67017
30.70925
30.4376
34.40002
34.86014
31.71414
31.04482
34.12391
30.0949
28.88629
37.23031
42.57962
37.68861
29.45421
31.33743
36.23092
39.83064
36.25308
32.68876
31.72449
32.31088
30.85586
31.80212
31.8691
34.34841
28.58707
30.61648
28.01187
32.38564
29.06908
35.53109
27.69073
30.99059
35.50014
29.44437
32.00427
35.97593
33.64785
32.65036
34.32262
30.60267
29.05185
33.30633
39.43055
32.48918
36.63163
35.35944
30.89123
38.62647
33.95027
30.67133
30.24963
28.00148
30.12072
34.29075
28.58585
31.42257
36.28102
37.30577
32.35413
24.88418
33.81479
29.21157
29.09395
30.15782
28.1028
30.4479
29.90516
29.59064
34.85635
30.28117
29.82813
29.79187
36.83537
30.88234
31.7775
40.72397
32.98534
29.04865
35.80553
34.46472
34.8316
33.56151
33.97919
27.72156
26.54189
30.23226
30.10016
32.17124
36.40802
34.48641
33.18243
28.67164
30.52312
29.60672
35.52675
31.02756
31.41339
34.51861
34.08127
34.49317
27.44506
31.29155
31.95144
31.14808
37.46304
33.93455
32.49535
31.65533
36.33076
32.41183
33.37963
32.82589
36.98062
37.11919
33.75927
30.10896
29.85939
30.6649
30.24055
31.57699
34.68727
34.43045
32.64294
28.40971
30.79099
30.72003
32.22962
36.1617
37.52695
34.14963
34.35464
28.21032
31.26772
32.38507
27.03388
25.96104
29.34514
28.54069
30.57479
35.68548
36.50732
32.91236
32.88373
34.36865
34.35492
32.62162
40.78838
33.66967
36.13543
31.54942
32.09296
34.27058
35.44838
29.84844
26.8108
30.4783
33.44746
35.79442
29.35517
31.04671
34.66453
31.04951
31.80554
29.27719
32.37469
29.30361
33.00551
33.03697
34.15587
30.76531
32.10981
37.08633
34.62094
29.64886
27.03325
30.23716
28.08108
27.49635
35.86414
33.27692
29.13168
29.99895
32.99393
32.21415
31.52487
33.28214
32.65561
32.41286
39.16075
32.5482
34.36854
36.33479
30.90349
35.13889
35.76158
32.71112
34.91012
26.83121
31.39562
30.45508
28.27922
31.92356
28.9184
33.36818
31.75453
28.27592
34.5271
28.38734
28.69737
31.53533
27.04051
30.64159
37.75141
32.80918
28.76014
31.11838
34.96999
31.19913
32.14733
29.11101
31.84583
30.69272
32.35061
34.33364
28.56623
29.89863
29.30566
29.7892
34.15682
28.29832
29.98445
27.98937
36.64127
29.73647
29.6345
29.8405
35.79619
32.53461
30.14937
29.3511
32.7255
28.86795
35.53551
32.56042
33.21892
35.17027
32.83303
30.6986
32.45533
26.99497
30.47806
31.64491
39.17548
38.48562
38.8284
32.79573
34.18914
29.77777
37.3017
33.70699
39.70272
38.06585
37.87455
29.69053
31.55681
35.33719
40.10463
34.98882
28.84901
32.51346
28.64374
27.99312
33.05526
32.29127
29.47037
32.11712
29.87472
29.42949
28.87833
29.71599
26.00328
28.29608
25.48093
31.07171
31.52678
32.35131
32.23883
23.14031
29.83797
27.43655
31.53408
29.09675
28.3907
31.79259
30.04755
30.24708
28.57487
31.49512
33.14738
36.339
33.94918
30.32782
27.1427
32.40642
37.4854
33.7213
35.5262
34.2384
29.97751
30.88031
35.045
37.58135
33.57361
40.10538
37.06054
31.58936
33.73222
30.07901
28.83062
31.73356
32.62428
29.45808
28.70976
32.25178
26.63852
32.42733
36.12222
32.96101
35.61324
33.82615
30.68043
28.89554
32.69666
29.81045
29.82287
25.93242
30.98146
31.5085
27.70499
29.51076
32.35778
31.37683
30.94501
33.95779
39.69173
35.71733
32.89411
29.40722
36.15387
32.28208
30.11095
33.15754
34.9569
35.9532
32.12334
35.22164
28.30864
35.38918
31.52794
29.18513
28.45567
31.66715
35.22908
34.04848
32.74348
33.20023
31.94075
34.07197
43.02031
33.34352
35.59346
30.73456
37.60287
35.28136
37.71449
31.09527
29.35589
31.25834
26.60199
32.43053
32.44054
35.68907
36.02391
26.0399
30.53537
31.15354
30.16096
29.64491
28.26672
31.86147
29.01421
31.61592
36.79961
29.78546
32.55148
40.75917
27.2076
29.73924
38.30634
30.08753
29.61071
32.80306
40.67935
33.23151
32.81851
36.17576
28.18083
32.04274
33.62624
35.24991
35.59908
31.79439
28.41554
29.70211
33.23925
31.72575
33.63416
35.43717
37.66586
29.99316
33.02995
30.95229
37.2086
36.66733
36.92642
37.53812
33.67377
37.68614
31.37625
26.57316
28.93884
31.263
35.70399
36.6268
35.76018
29.38096
29.22688
31.73097
29.15449
26.66318
32.84426
35.74928
31.8503
32.50302
38.94088
34.44684
31.32807
32.9045
27.60323
34.3542
30.91879
33.16189
33.87214
28.65034
28.72943
33.45802
37.72924
37.21677
31.15757
27.56636
33.01362
29.79271
32.31667
31.64563
34.24415
31.71162
32.65629
30.62201
28.37424
40.59897
35.09221
27.2325
28.83488
31.38676
34.30142
31.1133
36.63249
33.4124
31.77915
36.44004
29.50829
31.47186
32.30376
27.49503
26.78376
29.63871
32.59959
29.74387
34.07978
35.1171
35.32547
36.39607
30.82309
38.03747
33.14291
35.70657
34.97404
37.02656
36.95255
39.71355
34.99453
34.46464
30.39573
30.05269
28.26856
26.92065
30.41709
29.63897
30.97954
34.64442
31.33884
27.90368
29.04215
33.53395
32.47886
35.83046
33.44394
38.8236
33.28055
36.12896
34.69304
32.61394
29.56044
26.3164
33.05805
33.25298
29.89849
27.96042
30.25943
36.26872
33.6391
36.09468
35.89894
29.3003
31.89549
28.74068
32.87334
34.68375
31.81735
31.71856
30.84624
31.20663
36.4884
33.17942
31.78856
34.01953
31.26522
30.49299
30.43482
35.04569
27.94918
33.22143
37.35892
36.05896
31.27007
32.18291
36.67559
36.69124
36.42825
30.42019
34.97568
31.13451
32.9438
28.95318
29.6402
33.58899
37.92442
33.58655
34.24284
36.58842
34.90849
32.42994
31.00442
30.88319
34.79488
32.28731
32.46114
29.80104
39.37757
36.68113
38.05898
31.87632
34.85587
33.03166
36.05076
31.08346
34.02945
38.67468
35.23376
33.32179
34.27202
34.40918
29.90887
32.12975
32.92799
31.43538
31.82005
33.74024
38.64739
35.06933
40.24549
36.69549
37.53599
32.94523
34.99027
36.61467
40.25799
31.38622
33.26761
34.64279
34.39522
36.96124
33.9176
35.34855
39.29009
37.25371
29.54226
30.95742
35.07028
38.07532
35.32637
35.04157
32.78142
34.25238
29.74175
28.43886
31.33154
33.90234
35.17905
33.05267
36.53176
33.05211
34.16744
29.33652
31.25752
36.19909
35.30203
30.85199
34.60753
40.204
29.16655
29.88361
37.40433
37.66113
31.35107
31.16379
31.79949
29.7534
34.27202
30.963
32.72787
33.59242
37.72857
29.91687
30.87302
32.9063
31.52582
34.01643
29.28514
36.39962
33.33539
32.90552
37.4222
44.02256
35.87848
35.09693
33.72294
31.69886
30.17644
33.26938
34.71189
28.75344
26.72528
31.33699
28.30062
30.25374
27.70424
26.89181
30.81251
29.09127
30.5752
37.45603
35.12836
31.78994
37.22728
35.42205
34.17664
36.4284
29.41478
34.46968
34.83443
28.91876
34.93558
35.16271
36.86522
32.60635
26.9653
33.64073
33.02893
41.49434
38.76988
38.81578
41.32413
37.10332
28.94992
33.06002
32.70487
32.76906
37.75022
38.56856
39.55091
32.71586
31.17339
34.94349
34.17075
36.26032
34.34766
37.12323
31.21045
33.31116
32.23545
26.92719
36.77399
30.71235
31.68998
31.87414
29.05224
28.29521
32.50731
31.98952
32.81312
34.92841
34.78215
34.20431
35.07849
34.44495
33.53826
33.0322
35.02052
32.76467
32.97702
37.50763
32.43185
29.55325
28.4239
30.77696
30.43389
26.8998
31.14053
30.49845
33.20278
31.92728
34.89738
30.78489
30.7277
30.65546
34.987
31.77328
32.29519
32.35902
27.96295
28.8264
34.97222
36.40927
34.51945
38.47049
37.33508
37.53952
33.69835
36.89531
31.26923
35.69239
30.92098
26.98309
31.48991
29.01879
27.472
28.16973
29.73231
33.19283
27.00694
33.02743
30.83921
35.92647
39.90859
37.70888
33.66343
32.34264
33.43785
32.72364
35.70816
32.20837
32.55017
35.99684
35.93974
36.53162
38.47235
33.37864
35.00883
35.89532
34.15764
33.69567
37.20313
35.10628
33.60973
33.35037
35.35437
37.7234
35.0962
35.33751
34.90385
34.0981
32.15718
29.38154
33.59557
32.64251
35.24026
38.27484
34.81811
29.1503
29.98017
31.34574
30.25028
30.89207
34.19258
28.80445
33.30283
36.0811
33.61921
31.38795
33.32151
29.31389
29.14981
28.45247
29.21136
33.30985
34.75145
29.03148
29.46184
33.73744
33.98109
29.44906
30.52004
28.45051
25.57523
32.50067
31.63506
30.64791
32.31889
35.22279
39.46236
33.50001
33.90546
32.53085
29.84896
27.76197
27.76327
27.31793
31.46901
27.93173
33.35953
36.25382
33.02518
30.10643
30.74304
38.74416
34.59526
33.47415
31.92494
34.18741
36.1635
33.26109
35.01223
34.38117
29.11772
32.81706
29.80497
27.56141
30.00863
30.97836
29.22427
34.51322
31.39217
34.12968
36.50737
35.0868
31.11886
36.91946
31.98394
29.87266
35.19077
30.92521
30.2155
38.32309
34.54394
35.54332
33.62489
34.70901
34.99896
32.81831
36.87777
35.39095
34.35281
33.24603
34.29146
31.76678
32.28436
37.159
32.24729
31.63712
35.96161
37.49924
30.50458
30.54342
24.2801
29.19243
29.98748
28.2232
26.77275
22.90496
28.59336
30.0013
33.56822
33.22966
38.40273
35.73093
33.7036
35.66337
34.13337
31.44882
33.97457
23.94941
26.44819
39.6559
30.46972
31.96599
31.36124
31.99092
38.84288
38.50076
33.01115
31.21399
30.80055
35.96925
31.40429
35.43235
34.09255
34.95274
33.86077
36.33841
33.15669
33.92006
30.19197
33.68829
36.26588
37.64232
36.52625
40.81795
33.89177
33.1757
32.79185
32.44462
32.02116
31.3425
30.91912
30.46082
33.29579
33.37118
32.1352
30.80656
34.4251
28.51886
30.00044
30.26803
33.53338
29.34652
29.61647
34.63816
39.71921
31.28691
31.13627
32.2678
32.18695
31.17302
32.85844
31.54618
27.77647
29.25048
27.11435
35.07744
29.2799
32.0333
28.73992
33.08062
32.4007
31.0597
37.65631
32.03001
29.32842
27.96155
