0.04471776
0.04490992
0.03423694
0.03356624
0.03673745
0.03215682
0.0313794
0.03077939
0.02950736
0.02902313
0.02635428
0.02774261
0.03209196
0.03013462
0.03786803
0.02754093
0.02955968
0.02930552
0.03143806
0.02486679
0.03115149
0.03591301
0.02991162
0.03209867
0.03497891
0.03696854
0.03077364
0.03175095
0.03156248
0.03594297
0.03049687
0.03314717
0.03136725
0.03144704
0.03373946
0.03766653
0.02920914
0.02948096
0.03008738
0.02841967
0.03556958
0.03512512
0.03935768
0.03594023
0.03349047
0.02948179
0.02892366
0.02987037
0.03081588
0.02842139
0.03768971
0.03715305
0.03412296
0.03284633
0.0251033
0.03219428
0.02776828
0.03214887
0.02871564
0.02923393
0.02362236
0.02762549
0.03116866
0.02981203
0.02960267
0.03199239
0.02691209
0.03202966
0.0291087
0.02815124
0.03509364
0.02908435
0.03424513
0.03433751
0.0330927
0.03302913
0.03033476
0.03037399
0.03548738
0.03402747
0.03001571
0.02860915
0.03014682
0.03056974
0.03141361
0.03187913
0.03203369
0.04318482
0.03565151
0.03779011
0.03570264
0.0305835
0.03485724
0.03188598
0.03365095
0.03560077
0.03268139
0.02838298
0.0293904
0.02982245
0.0309489
0.03696414
0.03486841
0.03122899
0.02608927
0.02949964
0.02769222
0.03238642
0.03473384
0.03057271
0.03544107
0.03492643
0.03173648
0.03740402
0.03154512
0.02928716
0.02880339
0.03191047
0.02808968
0.03037982
0.02677724
0.02498236
0.03665307
0.0299327
0.03159443
0.02936833
0.03149333
0.02449638
0.02484275
0.02814494
0.02771322
0.02602619
0.02473936
0.02611562
0.03015291
0.03239388
0.02907241
0.02809788
0.0321437
0.02944626
0.02564713
0.0235882
0.02708573
0.02491877
0.02400179
0.02666752
0.03378365
0.02358876
0.02293185
0.02603329
0.02706501
0.02929324
0.03049781
0.02731218
0.03077422
0.03041889
0.03709682
0.03623877
0.02297238
0.02914408
0.02873508
0.03925394
0.03016396
0.03031445
0.03146713
0.02634119
0.03187815
0.03301778
0.03673621
0.03152208
0.02795007
0.02256237
0.01998889
0.02232725
0.02615001
0.02130824
0.02749591
0.02588366
0.02485904
0.03270491
0.03231297
0.02761003
0.03022421
0.0299014
0.03415202
0.02954947
0.03303506
0.03258077
0.02884807
0.02937336
0.02914709
0.03164057
0.02833364
0.02656859
0.03058059
0.02977236
0.03021759
0.03033499
0.03583371
0.03088916
0.02733659
0.03054822
0.02984862
0.03076593
0.02590137
0.02635407
0.02881376
0.03082143
0.02816713
0.02601673
0.02814108
0.02715733
0.02920016
0.02598739
0.02862262
0.03114324
0.03836998
0.03345662
0.0343336
0.03610562
0.02908256
0.03028494
0.03426629
0.02682497
0.03264723
0.03354893
0.02998372
0.03211637
0.02907278
0.03166666
0.03105115
0.03377331
0.03127538
0.03763685
0.03415754
0.03156892
0.02882042
0.03422639
0.02888766
0.03070441
0.02762827
0.0270338
0.0337386
0.03189224
0.02991044
0.02830649
0.02691085
0.03190669
0.03052449
0.02818022
0.0264197
0.02599239
0.02666707
0.0298239
0.02480124
0.02870438
0.0276172
0.02919407
0.0268601
0.0274396
0.02917178
0.03459667
0.03369834
0.03354432
0.03349015
0.02432997
0.02830698
0.03092522
0.02850345
0.03059709
0.0312834
0.03147615
0.02848676
0.03250106
0.03040848
0.0282314
0.02793653
0.02923381
0.03294914
0.03089219
0.03282519
0.0289314
0.02780208
0.02981849
0.02678407
0.02488619
0.03168453
0.03376922
0.03168131
0.03561974
0.02744628
0.03012219
0.03000026
0.02603766
0.03416709
0.02957941
0.02943213
0.03016847
0.02964691
0.03221978
0.02652433
0.02776483
0.02939335
0.03394798
0.02822931
0.03158059
0.03176958
0.02965617
0.02858929
0.02856226
0.02644397
0.03284508
0.02504397
0.02990234
0.03114542
0.03005265
0.02721739
0.02631729
0.02492034
0.0266468
0.02816061
0.02916089
0.03354898
0.03375352
0.03970615
0.03533768
0.03340868
0.02864196
0.03259874
0.02884989
0.02690154
0.0321814
0.03621453
0.02950747
0.03241351
0.03647081
0.0317518
0.03144712
0.03050717
0.03414753
0.03536023
0.03442207
0.03249476
0.03387542
0.02946091
0.02703301
0.02724311
0.02781594
0.02665881
0.03574875
0.03397644
0.03368595
0.02744048
0.03088015
0.02691288
0.02958388
0.03092219
0.03461853
0.03477631
0.03076502
0.03939996
0.03577763
0.03063298
0.03559395
0.02815499
0.03581035
0.02969331
0.03196157
0.02974821
0.0344381
0.02977763
0.02981941
0.02626123
0.03050285
0.02609168
0.02729527
0.02655458
0.02874418
0.02773156
0.02798358
0.03492616
0.03187653
0.03328894
0.02506642
0.02679722
0.03129871
0.03082925
0.03405257
0.03320722
0.03046894
0.03805072
0.03158504
0.035753
0.03166206
0.03227307
0.02833708
0.02669296
0.02966503
0.02842452
0.0286216
0.02847107
0.03321248
0.0301808
0.03188222
0.02492437
0.0272739
0.02789126
0.03151781
0.04194866
0.03448143
0.03011101
0.0283501
0.02839202
0.02790793
0.03084301
0.03493381
0.03372264
0.03728704
0.02839367
0.03315314
0.03809751
0.03599396
0.02902774
0.03177918
0.03402433
0.03440799
0.03542969
0.03174926
0.03137333
0.03052493
0.03214393
0.0281604
0.03262318
0.03460246
0.03526109
0.03187611
0.03063502
0.03213219
0.03882372
0.03164012
0.03529425
0.03050327
0.02249171
0.03094305
0.03039623
0.02690335
0.02435356
0.02911342
0.03137923
0.0254594
0.02781518
0.02905259
0.03112364
0.02870758
0.02798547
0.02607712
0.02516446
0.02993599
0.02880364
0.03262858
0.0356397
0.03047544
0.0304829
0.02423475
0.02931423
0.03183483
0.03769281
0.03548068
0.03389792
0.03529502
0.03417092
0.03440102
0.03983272
0.03349678
0.03365162
0.03471642
0.03219724
0.03179396
0.0357792
0.03578408
0.03746648
0.03221497
0.03424344
0.02999267
0.03552595
0.03564884
0.0333601
0.03964037
0.04011774
0.03032715
0.03209036
0.03187965
0.02674672
0.0301737
0.03210069
0.02773969
0.03112744
0.03009782
0.02515525
0.02382434
0.02949879
0.02773177
0.03126481
0.0360458
0.03348528
0.02958692
0.03223236
0.02724957
0.03075956
0.02841833
0.03077885
0.02740346
0.0298655
0.03771257
0.03743216
0.03208162
0.03371089
0.02938243
0.0282579
0.03147444
0.03277147
0.03623085
0.03333872
0.03818302
0.03295189
0.02999878
0.03445673
0.03610107
0.03167749
0.02788821
0.02736333
0.03181663
0.03762118
0.03248517
0.03130265
0.03159702
0.03255909
0.03495267
0.0292662
0.03322051
0.03176653
0.02969649
0.03267803
0.03363207
0.0324116
0.02450894
0.03027793
0.02629244
0.02219393
0.03075867
0.0352924
0.02976923
0.03606377
0.03011563
0.02949862
0.02914283
0.03099829
0.02862857
0.02725931
0.02672375
0.02936004
0.02594584
0.03361125
0.03657351
0.03767113
0.03489275
0.03307327
0.0324707
0.03026775
0.03410095
0.03487538
0.03540675
0.03532134
0.02604811
0.02733299
0.0297878
0.02972229
0.02478099
0.02408818
0.024959
0.02603645
0.02426921
0.02576912
0.02738034
0.02493771
0.02373508
0.03221075
0.03083772
0.02742545
0.02797469
0.03127431
0.02770266
0.02768509
0.03149007
0.03699514
0.03449233
0.0298904
0.03160652
0.0303158
0.03493489
0.02748391
0.02904015
0.02750565
0.02761701
0.03270534
0.02761572
0.02968229
0.0332362
0.02898387
0.0357195
0.02924499
0.0322297
0.03287304
0.03535313
0.03127028
0.03373538
0.03000401
0.03406221
0.03403078
0.03318378
0.03566167
0.03312471
0.03268816
0.03275405
0.0351564
0.03161804
0.03086202
0.03441844
0.03827959
0.03508034
0.02883937
0.03377641
0.03525019
0.03283065
0.03034469
0.03184394
0.03165974
0.03268546
0.0308259
0.03119453
0.03467077
0.02533781
0.02616024
0.02324252
0.02651513
0.03172378
0.02566052
0.02520951
0.02614447
0.02450084
0.02818236
0.02725558
0.0229623
0.02692465
0.02715993
0.02915238
0.02840398
0.02757575
0.02605621
0.03130185
0.02969938
0.02671083
0.02972181
0.02902152
0.02737414
0.02988737
0.02768732
0.02571894
0.02945288
0.02840604
0.03006828
0.02766259
0.02954838
0.02455243
0.03181474
0.03215807
0.03134115
0.02817407
0.03138242
0.03315737
0.03040079
0.02577722
0.03426353
0.03003156
0.03047295
0.03324686
0.02367065
0.02618767
0.02945094
0.0332773
0.03136325
0.02816832
0.02892638
0.03206081
0.0271782
0.0264063
0.03007158
0.02860707
0.02822456
0.03035226
0.02931944
0.02587596
0.03302719
0.02710874
0.02690206
0.02379186
0.02430603
0.02944042
0.02810125
0.02971942
0.03035942
0.03051686
0.0283602
0.0265745
0.02919218
0.02729605
0.024864
0.02612653
0.02959396
0.02590735
0.03075203
0.03217799
0.03127126
0.02754513
0.02469445
0.022373
0.02551971
0.03017846
0.03147796
0.02887061
0.03178996
0.03171412
0.02793333
0.02976463
0.0265219
0.0280737
0.02810153
0.03241873
0.03002062
0.02975582
0.02960417
0.02682289
0.02507548
0.02885783
0.0301155
0.03752053
0.03718091
0.03335156
0.03538758
0.03201549
0.02781996
0.02865159
0.03272079
0.035708
0.03618169
0.03312896
0.02524448
0.03004863
0.03272038
0.03010102
0.0320023
0.0306361
0.02640764
0.03219522
0.03010633
0.02881095
0.03150915
0.03076845
0.02953463
0.02963236
0.02932537
0.02831646
0.03148162
0.03131815
0.03351235
0.03113183
0.02840527
0.03379414
0.03259518
0.03805636
0.03464308
0.03353364
0.03664148
0.02759179
0.02839299
0.03056953
0.02960591
0.03093176
0.03204338
0.03127921
0.03109278
0.03003692
0.03156663
0.02810181
0.02457579
0.02459279
0.02615671
0.03139945
0.03223649
0.03109791
0.03416647
0.03123274
0.03187565
0.02869579
0.03153814
0.03116213
0.02794528
0.02267751
0.02536415
0.02476087
0.02490114
0.02739669
0.02456841
0.02565459
0.0348865
0.03151264
0.03167826
0.02922459
0.02681817
0.02951145
0.03898793
0.0334629
0.03057605
0.03366205
0.03135561
0.03032522
0.02406502
0.02813666
0.02733936
0.02784414
0.02509206
0.02564509
0.02648439
0.02533557
0.02507921
0.02806113
0.03160464
0.02805986
0.0288498
0.02800792
0.02664167
0.03191046
0.02913042
0.03006522
0.03100544
0.03209544
0.03332238
0.03633648
0.03147979
0.02795131
0.02629246
0.03196878
0.032311
0.03813981
0.02942051
0.0331873
0.02986344
0.0356625
0.03107966
0.03001297
0.03324857
0.03193102
0.03257031
0.03368974
0.03327434
0.02894424
0.0310283
0.03170468
0.03595167
0.03627581
0.0325918
0.03171104
0.03143636
0.02751579
0.03047295
0.0310347
0.0338044
0.0346383
0.0289717
0.03231973
0.0329947
0.03449536
0.03036981
0.03734889
0.03082053
0.0313616
0.03012674
0.03044213
0.02802203
0.03286142
0.03410617
0.03435538
0.03121311
0.02925581
0.0318341
0.02941915
0.03097595
0.02978253
0.02899623
0.02933219
0.02643596
0.02639701
0.03103511
0.03638581
0.03409857
0.03821292
0.02925604
0.02823402
0.02914816
0.03078906
0.03002829
0.02806135
0.03188277
0.02873099
0.03256279
0.02841153
0.02647449
0.0288041
0.02948646
0.02166967
0.02433115
0.02739134
0.025639
0.02995537
0.03149737
0.03162195
0.03196385
0.02876342
0.0264489
0.0327678
0.02770816
0.03424066
0.03178973
0.02882594
0.02385073
0.02517676
0.02777676
0.02946775
0.03079108
0.02882094
0.03672145
0.03502447
0.03015177
0.02565544
0.02401297
0.03074177
0.0304796
0.0304883
0.03059088
0.03720418
0.03202373
0.03794175
0.03083521
0.03232919
0.02951094
0.02825048
0.03047003
0.03419923
0.03276365
0.03073167
0.02415967
0.03006829
0.02448154
0.0361474
0.02781053
0.02932451
0.03048119
0.02944035
0.0282182
0.03156147
0.03493813
0.03531554
0.02886093
0.03170407
0.02952438
0.03243258
0.03647145
0.0320846
0.03252862
0.0255656
0.03260367
0.03385004
0.02669953
0.02991266
0.0291817
0.0311473
0.03228435
0.03473471
0.03269315
0.03241976
0.03009101
0.03083236
0.02813527
0.03345061
0.02998339
0.02729434
0.02615405
0.03533184
0.03376425
0.02647809
0.03341254
0.02921699
0.03223374
0.03154354
0.03199615
0.03305458
0.03114734
0.03329831
0.03420891
0.03179737
0.03083018
0.02922686
0.03378371
0.03017529
0.02835264
0.02874958
0.03170074
0.03591813
0.02842428
0.03411418
0.02881672
0.02966735
0.02897508
0.02742925
0.03032263
0.0355455
0.03142986
0.03871215
0.03678973
0.02940522
0.02960953
0.03031979
0.03006454
0.02954758
0.028291
0.02732302
0.03085905
0.02821636
0.02579545
0.02566148
0.02430625
0.02328974
0.02785921
0.02899075
0.03033968
0.03787609
0.03586503
0.03387147
0.03330524
0.03448366
0.02891978
0.0348844
0.02853966
0.02806131
0.03001246
0.02742606
0.03205085
0.02785806
0.0310656
0.04002994
0.03158678
0.03332597
0.03240467
0.03449951
0.02800597
0.03085269
0.03158116
0.03037125
0.03399565
0.0266636
0.03024686
0.03312475
0.03293637
0.02841937
0.0322068
0.03009055
0.03055811
0.02832722
0.02901335
0.03448979
0.03255925
0.03343493
0.03470714
0.04103714
0.0374137
0.02722949
0.02814853
0.03098439
0.03021131
0.02456067
0.02861492
0.03079211
0.03195779
0.03126957
0.03049996
0.03315038
0.02809271
0.0261361
0.03175312
0.02726027
0.03596358
0.03015671
0.03517246
0.03044594
0.03026106
0.02743712
0.03103672
0.03072696
0.02613512
0.02983604
0.03308385
0.03206923
0.03966556
0.03717245
0.03036591
0.03402483
0.03092431
0.02968778
0.02745051
0.03398377
0.03205933
0.02791551
0.02933839
0.03111776
0.03116312
0.03128248
0.03026526
0.02879193
0.02798876
0.030424
0.03132137
0.02996883
0.03337112
0.03195214
0.02750362
0.02607547
0.02832445
0.03432908
0.03020347
0.02671007
0.02812662
0.03558551
0.03089414
0.02807146
0.02611322
0.03083198
0.02664849
0.03169293
0.03258351
0.03181142
0.03419849
0.03638658
0.03494884
0.03076717
0.03428123
0.0307285
0.0322208
0.02913065
0.0296027
0.02927037
0.03358549
0.03820359
0.03484564
0.03115153
0.03463969
0.0321735
0.02973188
0.02887453
0.03174391
0.0322521
0.0368952
0.03143882
0.02739636
0.0277212
0.02945287
0.02678847
0.03373581
0.03018142
0.03000337
0.03081081
0.03434778
0.02982085
0.03111477
0.03202638
0.03144814
0.03196963
0.03228408
0.03091623
0.03162963
0.02846221
0.02836195
0.02807116
0.03155553
0.02970076
0.02802631
0.02930792
0.029614
0.03094464
0.03050336
0.0254402
0.02961863
0.02858632
0.02986434
0.03080347
0.03169494
0.03233231
0.02840263
0.03392974
0.02418545
0.03250354
0.02517592
0.03276986
0.03058678
0.03446753
0.03434029
0.03937346
0.02913695
0.02749081
0.0243997
0.03030631
0.02783486
0.02796378
0.02581674
0.02988826
0.0304755
0.02731489
0.03077155
0.03418465
0.03073366
0.02954854
0.03336103
0.02629945
0.02932858
0.03320052
0.03019022
0.03417008
0.0302906
0.02924306
0.03112824
0.0321025
0.02745593
0.02801195
0.03031022
0.03228684
0.02996159
0.03294113
0.03528842
0.03348799
0.03551848
0.03625469
0.02981038
0.03256106
0.03248861
0.02804717
0.02816143
0.02931336
0.03280494
0.02956169
0.03504177
0.03433897
0.02885161
0.03878808
0.03371363
0.0293397
0.0345843
0.03104584
0.02874808
0.0277438
0.02775696
0.02722124
0.02919056
0.03186823
0.03109145
0.03561176
0.03717519
0.03000979
0.03425656
0.03362276
0.02959155
0.02859445
0.03003689
0.03375947
0.03385009
0.0337648
0.03297769
0.02813763
0.03239329
0.02992829
0.03176223
0.03359981
0.03315311
0.02987896
0.02941985
0.02711684
0.03098403
0.03319721
0.03310311
0.0359703
0.03478218
0.03072631
0.0350447
0.02890468
0.02737899
0.02920102
0.02720424
0.02771647
0.02743763
0.03093493
0.03175219
0.03183704
0.02656422
0.03059612
0.03633241
0.02937518
0.03407075
0.03735335
0.03665455
0.0326695
0.03421572
0.03888591
0.03669087
0.03483198
0.0292422
0.02738862
0.02950976
0.02873413
0.03224579
0.0289457
0.0284881
0.03073801
0.02772861
0.02613553
0.02765427
0.02618533
0.02816376
0.02652034
0.02677037
0.03097614
0.03372533
0.03431599
0.03296112
0.02836306
0.03375641
0.02589795
0.03108522
0.03152266
0.03389273
0.03519252
0.02986812
0.03038229
0.03006912
0.029149
0.03306229
0.03001928
0.03114779
0.02969986
0.03396125
0.0326739
0.02817077
0.02650301
0.02487051
0.02513276
0.02967105
0.02786514
0.037489
0.03128633
0.03105302
0.02695097
0.02746681
0.03274151
0.02888691
0.02905682
0.02337902
0.02876568
0.03103489
0.03153502
0.02946874
0.03050444
0.02862632
0.03348211
0.03245992
0.03030779
0.02856364
0.02631065
0.02557615
0.03151171
0.03066225
0.03077941
0.03088408
0.03393546
0.03494614
0.02910487
0.03048804
0.02646693
0.02869813
0.02624363
0.0283827
0.0248446
0.02870901
0.03298511
0.0249977
0.03305275
0.0241072
0.03222363
0.03100634
0.0307023
0.02791949
0.02758688
0.0290922
0.0263077
0.03006199
0.033414
0.02903534
0.03158398
0.03168331
0.03142054
0.02859862
0.0263345
0.02898794
0.03209391
0.02905374
0.03459717
0.03583674
0.03918031
0.03106034
0.03523102
0.0359833
0.03605693
0.03733699
0.03516353
0.03282122
0.02685894
0.02737367
0.02906085
0.02678488
0.02907309
0.03025211
0.02623615
0.03034337
0.02915447
0.03159
0.02976617
0.03288003
0.0294933
0.02629689
0.03039646
0.03052173
0.02972784
0.02820598
0.02753532
0.02970709
0.02760478
0.0304825
0.03267344
0.02556426
0.02937619
0.0346224
0.03620324
0.03214059
0.02903894
0.03364861
0.0323139
0.02806455
0.03446963
0.03035688
0.032223
0.03223257
0.02908011
0.03080516
0.03446917
0.0278608
0.03128154
0.03127332
0.02881614
0.02927293
0.03679123
0.03072673
0.0306791
0.02932744
0.03053155
0.02907877
0.02853493
0.02710761
0.03247592
0.03346367
0.0325307
0.03325105
0.03023993
0.03554129
0.0301608
0.03455877
0.02561194
0.03100544
0.02964803
0.02944041
0.0317285
0.02851007
0.02731034
0.02681264
0.0302736
0.03399453
0.02766942
0.02456564
0.02620109
0.02875494
0.03231699
0.03659623
0.03314533
0.02654816
0.02791808
0.0312127
0.02516553
0.02661516
0.02517371
0.02816005
0.03044308
0.03474305
0.03643972
0.03131224
0.03515682
0.03031722
0.0297553
0.02709698
0.03317079
0.03137943
0.03484036
0.03168221
0.03087324
0.03653049
0.0336415
0.02930162
0.02882791
0.0303198
0.03305683
0.03243698
0.03047999
0.0267955
0.02623587
0.03115401
0.03169888
0.03108392
0.02957468
0.03129424
0.03388114
0.03320371
0.0263032
0.02594489
0.02835701
0.03221968
0.02686912
0.02685306
0.02836899
0.02422298
0.02604776
0.02913608
0.02667003
0.02371002
0.02786973
0.02787293
0.03582935
0.03741434
0.02755613
0.02670412
0.02949904
0.02693597
0.03873702
0.02784723
0.03133814
0.0282671
0.02973305
0.02787922
0.03191764
0.03105872
0.03296442
0.03807352
0.03296413
0.03393206
0.02786482
0.03185053
0.03286228
0.03206636
0.03110366
0.03037645
0.0268525
0.02602968
0.02787369
0.03643831
0.03779747
0.03027897
0.03454644
0.0378648
0.03028286
0.02730043
0.03389669
0.03078132
0.02779057
0.02815182
0.02945538
0.02616272
0.0274856
0.0244092
0.02690216
0.03075944
0.02857506
0.0279785
0.02449212
0.02882547
0.02679989
0.03241796
0.03114862
0.03244007
0.0315612
0.03568151
0.03628147
0.03122198
0.02914958
0.03205386
0.02903205
0.02557599
0.03525029
0.03085939
0.02770775
0.02784051
0.02718745
0.03230657
0.02660939
0.03332198
0.02593432
0.02902617
0.0301674
0.03537423
0.02778894
0.03184534
0.0315938
0.0294983
0.03548327
0.02595119
0.03363538
0.02751278
0.02805898
0.03409724
0.03039783
0.02817734
0.03609221
0.03617398
0.03457771
0.02849186
0.02988108
0.03313905
0.02775604
0.0291344
0.03070127
0.03082899
0.02897753
0.02865742
0.03050888
0.03298095
0.02707719
0.02660513
0.02524652
0.02704006
0.03202211
0.03057175
0.03300981
0.02822518
0.02789991
0.03056241
0.03249421
0.03343734
0.03016904
0.02835127
0.02925336
0.03468005
0.03158683
0.03208993
0.03106452
0.03287301
0.03437284
0.02752104
0.03077387
0.02987154
0.03199904
0.02856595
0.03694115
0.03629338
0.03009734
0.03073621
0.02697144
0.03317852
0.02780644
0.02627442
0.02657917
0.02903662
0.028653
0.02584926
0.02926678
0.02530396
0.02638427
0.03092329
0.03030042
0.0324932
0.03628434
0.02587534
0.02501564
0.03377868
0.03064145
0.02747371
0.03257814
0.03274184
0.03058228
0.02575622
0.02720117
0.02502255
0.02705471
0.02773682
0.03056592
0.03200564
0.03366018
0.03298444
0.03373178
0.037027
0.03247583
0.03298399
0.03422714
0.03684279
0.0314706
0.03189972
0.02986989
0.02837917
0.02594443
0.02827996
0.02781166
0.03089023
0.03095924
0.02634106
0.0294802
0.02852895
0.02941036
0.0329205
0.03435293
0.03410573
0.03329553
0.02848894
0.02587175
0.02806443
0.02503721
0.02976192
0.03228907
0.02898177
0.02620104
0.02694589
0.02806652
0.02312669
0.02635155
0.02659152
0.0333803
0.02942608
0.029427
0.03036129
0.03009754
0.0301263
0.03432396
0.02937445
0.03212444
0.02739926
0.03668971
0.03275267
0.02810556
0.02970313
0.02719125
0.02792352
0.02853773
0.03181271
0.03216072
0.02971338
0.03265545
0.0298677
0.03044304
0.02730715
0.02737572
0.03569788
0.03281794
0.02824334
0.0271725
0.02851034
0.02755771
0.03061868
0.03476586
0.02534957
0.02380499
0.0259197
0.03156951
0.03053444
0.03109834
0.03162604
0.0296203
0.03012993
0.02463721
0.02840104
0.03118964
0.0256361
0.03190889
0.02977708
0.03012277
0.03168851
0.02738281
0.02775608
0.02650559
0.03009042
0.02793655
0.026069
0.02644308
0.03322461
0.0300943
0.02991856
0.02746199
0.02778153
0.03071597
0.02934518
0.03095026
0.02756957
0.0304624
0.02832366
0.02867796
0.03172708
0.0265709
0.03249198
0.03093059
0.02924056
0.02959827
0.04020799
0.03683582
0.02991687
0.02793229
0.03071912
0.02741167
0.02564592
0.03479234
0.03117468
0.02786914
0.03181884
0.02879568
0.03241762
0.02928556
0.03337992
0.03402745
0.03556395
0.03410038
0.03316453
0.02998347
0.03190955
0.03114032
0.0303408
0.02911204
0.03132703
0.02780149
0.03499002
0.03316264
0.03095802
0.02800987
0.03180619
0.02762494
0.03073815
0.02882822
0.0359427
0.04042805
0.03004107
0.03400019
0.0325257
0.03480314
0.03365892
0.02949153
0.03680605
0.03058253
0.03048624
0.02662267
0.03295135
0.0302164
0.02674338
0.02729578
0.0346323
0.02632353
0.02737612
0.02711584
0.03009567
0.03012925
0.02894317
0.02968333
0.02505326
0.02945607
0.03355159
0.0271487
0.0349886
0.03398441
0.03369777
0.0352071
0.0297715
0.03019945
0.02898756
0.03299767
0.03254585
0.02957426
0.03362339
0.03449627
0.0296378
0.03069573
0.02924838
0.03142207
0.0317842
0.03325283
0.02838141
0.02560658
0.03016082
0.03173979
0.03423194
0.03597628
0.03914237
0.03703775
0.03833965
0.03047318
0.03415207
0.03283807
0.02947759
0.03243897
0.02907375
0.03319797
0.03219532
0.02655011
0.0267916
0.02751206
0.03294337
0.03256733
0.03732322
0.03523848
0.02896827
0.02927506
0.02896
0.02924168
0.03295266
0.03178925
0.03050449
0.03242542
0.02918053
0.03212584
0.03163319
0.02922576
0.02847066
0.03272018
0.03091674
0.0313569
0.02867405
0.02527186
0.03474847
0.0250012
0.03005875
0.02395549
0.02601406
0.02559622
0.03196243
0.03341235
0.03342616
0.03062764
0.02669155
0.0276445
0.02848571
0.03007546
0.02840534
0.02867543
0.02960263
0.03136583
0.02996006
0.03650851
0.03333108
0.0292634
0.03146044
0.0291041
0.02801716
0.03109973
0.02856504
0.0279001
0.03056612
0.03040713
0.03286262
0.02866952
0.0351187
0.02875964
0.02789562
0.02716201
0.03191444
0.02637393
0.03032111
0.03039638
0.02377026
0.03111595
0.02877486
0.03029846
0.02316964
0.02640574
0.02944047
0.03113337
0.0283766
0.02903166
0.02406899
0.0290838
0.02459582
0.02720816
0.02790765
0.02763985
0.02905297
0.02735352
0.02765713
0.03117086
0.03069351
0.02868422
0.02660797
0.02833568
0.02869323
0.02694464
0.02773959
0.02709699
0.0248997
0.0254267
0.02668515
0.03112202
0.02715858
0.03104378
0.02742419
0.0318274
0.02916169
0.0266627
0.02573564
0.03441567
0.02927317
0.03235831
0.03491111
0.03132451
0.0303404
0.02969634
0.03199204
0.03567449
0.03134454
0.03141737
0.0297524
0.02750425
0.03195037
0.02700481
0.02565075
0.03328702
0.03107213
0.03051244
0.03136668
0.03160792
0.02928193
0.02711795
0.02870249
0.02634802
0.02712266
0.02555522
0.0281474
0.03168837
0.02945513
0.02892561
0.02966765
0.02567655
0.03071913
0.03145185
0.0312248
0.03456809
0.02925559
0.0327376
0.03377851
0.0324036
0.03125106
0.0295858
0.03127954
0.03199245
0.03089416
0.02836047
0.03431392
0.03281325
0.03100795
0.02900716
0.03239333
0.03393951
0.03005486
0.02968279
0.02618715
0.03356126
0.0315279
0.0304531
0.03068052
0.03041517
0.02781855
0.02802378
0.02775433
0.03403708
0.02995819
0.02724002
0.03108842
0.02950308
0.02863134
0.02912306
0.02703762
0.02688156
0.0253507
0.02575292
0.02392712
0.02792607
0.02728165
0.03601367
0.03788016
0.03329627
0.03179935
0.02884653
0.02748104
0.02836607
0.03082112
0.02890738
0.03046307
0.02701862
0.03330483
0.02818132
0.03125495
0.02992734
0.03031392
0.03265984
0.03060631
0.03122447
0.02819808
0.02871762
0.0288234
0.03199317
0.03108503
0.02893483
0.02784168
0.02539103
0.02628614
0.02983159
0.03301513
0.03212872
0.03191992
0.03444852
0.03038047
0.02730877
0.03265356
0.03420483
0.03337082
0.03206134
0.03411548
0.03269037
0.02740865
0.02975856
0.03211963
0.03098408
0.03042688
0.02875075
0.03064118
0.03288629
0.03158939
0.03353619
0.04001363
0.02973115
0.03128797
0.03501014
0.03082957
0.02992734
0.02719545
0.02977701
0.02782495
0.0343721
0.02878251
0.02894993
0.02654536
0.02414222
0.0281643
0.02485492
0.02966447
0.0284981
0.02925336
0.02617988
0.03210543
0.03510955
0.03189892
0.02996857
0.03029232
0.02953521
0.03147329
0.02965599
0.03175837
0.03422173
0.03025947
0.02992932
0.03161457
0.03216882
0.0323006
0.03136509
0.02808677
0.02455117
0.03144489
0.02704024
0.03188037
0.02711701
0.02480639
0.02930707
0.0282897
0.02809356
0.02388766
0.03078655
0.03004068
0.03504912
0.02614732
0.02954963
0.02798843
0.03496076
0.03719156
0.03147692
0.02623494
0.03041029
0.03083211
0.02760765
0.02761383
0.02701548
0.02529712
0.02533124
0.03342484
0.03230094
0.03035659
0.03061812
0.03083401
0.02985159
0.03003192
0.02346082
0.03116967
0.0293454
0.02798507
0.03018873
0.02456775
0.02832568
0.02633771
0.03329603
0.03006517
0.0280485
0.02941138
0.02925367
0.03004987
0.03489613
0.03028082
0.02979048
0.03018377
0.02727222
0.02890182
0.02572298
0.02503977
0.02812824
0.03045366
0.02864062
0.03355701
0.03588746
0.03023395
0.03330172
0.03069077
0.03440587
0.02989303
0.02838219
0.02903622
0.02545011
0.02791872
0.02787497
0.03135365
0.02948978
0.03202127
0.03438535
0.02747651
0.0337873
0.03264839
0.03036399
0.03359696
0.02724222
0.03250902
0.02542579
0.02778787
0.02885134
0.03127734
0.02458747
0.03122974
0.02886589
0.02530681
0.03089383
0.02899438
0.03134846
0.02732133
0.02772866
0.03260756
0.03048289
0.03011209
0.02696133
0.02666971
0.02870178
0.02853432
0.02722284
0.0323734
0.02898174
0.03288677
0.02799705
0.02615343
0.03119599
0.02819242
0.03199095
0.03462698
0.03447095
0.02581419
0.02235688
0.02700061
0.02867953
0.03059513
0.03398537
0.02882967
0.02966142
0.02837132
0.03109238
0.0307879
0.02989512
0.0297041
0.03653961
0.03187592
0.03427274
0.02900108
0.02929138
0.02899645
0.0312927
0.03316962
0.02880606
0.03266294
0.02820309
0.03095239
0.03183581
0.02872005
0.02969346
0.0273312
0.02910352
0.028293
0.0256507
0.02718995
0.02825154
0.03832426
0.02704398
0.0283535
0.03001316
0.0266416
0.02493512
0.02648233
0.02923449
0.02619669
0.03086062
0.02989088
0.0310908
0.03073336
0.03054302
0.02916998
0.02490442
0.02605894
0.02719312
0.03042407
0.03048054
0.033067
0.03378285
0.03429284
0.03615924
0.03297087
0.024923
0.03046782
0.02785368
0.02688749
0.02424026
0.02749672
0.0306117
0.02911857
0.03101863
0.02847921
0.02796821
0.03209349
0.03001879
0.02809273
0.02670858
0.03192967
0.02471753
0.02467285
0.02888831
0.03281393
0.03281311
0.03308001
0.02801697
0.03319305
0.03372562
0.03060165
0.02780377
0.03156793
0.02919459
0.02859062
0.03249672
