0.004084048
0.004070274
0.006332341
0.009334966
0.006966407
0.007720281
0.009069147
0.01258272
0.01229308
0.01114993
0.01156595
0.008689225
0.007677158
0.00838204
0.008250617
0.007200171
0.007531547
0.01036745
0.01359037
0.01628916
0.01200513
0.008336623
0.008688497
0.006486165
0.007316769
0.007276718
0.005306345
0.008918102
0.0109681
0.008315196
0.005885963
0.008061482
0.006836374
0.006700757
0.008890385
0.01367181
0.008322456
0.01073445
0.009416621
0.008089905
0.006346229
0.007393258
0.00440866
0.004561385
0.00646456
0.007740039
0.008198791
0.006107328
0.007236052
0.009316386
0.006406169
0.005975578
0.009023528
0.01217623
0.01127484
0.008218984
0.009412392
0.0084166
0.01001861
0.01249071
0.013114
0.01551845
0.01061401
0.00892544
0.007113503
0.009231752
0.009064987
0.009704032
0.007050491
0.006518864
0.008285058
0.005672077
0.006705636
0.006498204
0.006631292
0.005589424
0.004809873
0.006103714
0.007303786
0.008649588
0.01010672
0.01235161
0.01043713
0.01329612
0.01131746
0.01255537
0.01942154
0.01714311
0.01021796
0.007771368
0.009109523
0.01030395
0.01155838
0.01293927
0.01474479
0.01344086
0.01080594
0.008011622
0.01583104
0.01460643
0.01187161
0.007488294
0.007293356
0.01240637
0.01608023
0.01285098
0.01060647
0.01045448
0.01124173
0.01261884
0.01035855
0.008884886
0.01360919
0.009066055
0.0108994
0.01243953
0.01221003
0.01411455
0.01333952
0.01172985
0.01169388
0.01287828
0.009170141
0.008726246
0.007657347
0.006288596
0.006401469
0.007643193
0.01147294
0.01152316
0.01507082
0.01667193
0.01544379
0.01181791
0.01240694
0.01056385
0.007439171
0.008851316
0.01014731
0.008236712
0.006774315
0.01185679
0.01470999
0.0116525
0.01002974
0.008876706
0.008647683
0.01228856
0.01424545
0.01428281
0.01313737
0.01686599
0.014604
0.01414258
0.01325852
0.01370846
0.009206475
0.00915159
0.009613283
0.01098307
0.008748798
0.008406772
0.008327761
0.007370143
0.007346049
0.008112907
0.006955557
0.007788867
0.006603337
0.007390638
0.01228424
0.01772485
0.01530019
0.01478946
0.01368713
0.01193742
0.01184415
0.008128511
0.008940122
0.009797702
0.0126526
0.01507359
0.009681332
0.0113643
0.00918912
0.00991711
0.009847231
0.0128668
0.01218915
0.01389698
0.01090004
0.01096045
0.01059195
0.009532201
0.008797602
0.008204002
0.009075506
0.007887913
0.008633941
0.008728856
0.01095854
0.008489751
0.009865942
0.009665541
0.009116039
0.01216938
0.01703818
0.01446003
0.01148279
0.01057658
0.01150607
0.008536808
0.0126845
0.0099141
0.01035572
0.01349206
0.008315682
0.009272994
0.01352616
0.01003731
0.0145239
0.01102946
0.00662861
0.009829728
0.01014091
0.008839688
0.009377225
0.008385692
0.007384505
0.006033206
0.005103435
0.006474179
0.008959308
0.006749202
0.006179064
0.005851548
0.006224686
0.006469165
0.006955281
0.009708539
0.007341561
0.007655287
0.009189363
0.01087235
0.01589879
0.01201726
0.01016999
0.009040303
0.01166371
0.01364044
0.01472938
0.01367214
0.01068143
0.01377294
0.01280684
0.01336347
0.009854539
0.008961708
0.009538276
0.006198388
0.007100988
0.006654546
0.006020008
0.006408278
0.00947845
0.01215711
0.01007609
0.008726581
0.01003064
0.007875547
0.008900974
0.007354051
0.008681102
0.008988511
0.007586944
0.008554699
0.008785408
0.0114891
0.007991355
0.006600819
0.01258998
0.008486533
0.009029981
0.008310314
0.008815552
0.009921997
0.01180664
0.008844585
0.009308808
0.009949376
0.01030364
0.01015898
0.009551036
0.01107783
0.01113968
0.01042336
0.01170547
0.01211242
0.0135404
0.01341416
0.01209255
0.01605249
0.01468245
0.01293667
0.009947558
0.01111832
0.008367832
0.009992325
0.0108561
0.00989166
0.009417704
0.009700547
0.009506231
0.009853526
0.01020374
0.01051836
0.01052392
0.01417457
0.01452677
0.01343778
0.01312731
0.01173753
0.009420682
0.01322211
0.01184592
0.008839879
0.01362948
0.01385624
0.01093452
0.00884114
0.01157684
0.01016286
0.007338046
0.01088369
0.008686539
0.01004301
0.01165147
0.009090672
0.008560156
0.01021413
0.01009275
0.01243742
0.01607145
0.00977082
0.01084712
0.01117113
0.008372776
0.01220536
0.0134658
0.008411227
0.00893181
0.008723339
0.01357018
0.01166918
0.009353737
0.007460367
0.006300152
0.007237693
0.006273196
0.004983169
0.006730435
0.005867133
0.006719434
0.008484256
0.009622442
0.01153045
0.01069773
0.01097859
0.009276446
0.006983197
0.01050286
0.01066955
0.01103604
0.009999128
0.01103219
0.01014755
0.01276289
0.01262127
0.009421041
0.006082874
0.006560984
0.007746035
0.00790339
0.01048597
0.01021303
0.01117498
0.00918488
0.01099584
0.01087955
0.008448653
0.008674533
0.01197475
0.01090471
0.009829936
0.009823542
0.01044351
0.0115391
0.0104643
0.01494503
0.01228997
0.01206982
0.008079076
0.01177665
0.01464236
0.01669171
0.01289231
0.00970993
0.01087866
0.01150926
0.01001781
0.01234104
0.00971003
0.009559833
0.006014257
0.009239899
0.008786101
0.008671888
0.007852775
0.007534992
0.006632767
0.00890993
0.008955401
0.01028013
0.006851005
0.008405475
0.008976352
0.01054132
0.009324235
0.008760146
0.01367715
0.009971195
0.01101359
0.008832363
0.008559215
0.01038978
0.01075773
0.009623333
0.00741963
0.007717049
0.005668247
0.006793051
0.006979021
0.01099488
0.01099936
0.008816906
0.01229051
0.01420333
0.01602528
0.01438621
0.01339112
0.009809691
0.0101846
0.009252885
0.01060327
0.01051793
0.01492475
0.01188248
0.0120972
0.009387693
0.01026778
0.01032835
0.00973019
0.007783899
0.00874838
0.009726383
0.009858386
0.006664016
0.009104384
0.006319002
0.004817988
0.005291262
0.005093323
0.003838162
0.007393389
0.006952372
0.008685346
0.009543535
0.01301799
0.009835612
0.009800786
0.008405898
0.009459788
0.009660113
0.0090764
0.006951174
0.007708937
0.006562431
0.005083492
0.005056785
0.008808653
0.007352873
0.009037721
0.007359626
0.007464382
0.008368208
0.006561758
0.009802405
0.01102407
0.01619244
0.01310026
0.01212455
0.01533298
0.0132137
0.01088665
0.008454055
0.01199779
0.009389742
0.007604089
0.008372581
0.00954517
0.009322802
0.008984384
0.006249719
0.007852642
0.007852202
0.01083396
0.01227099
0.01103735
0.008277234
0.008193511
0.006726281
0.007109072
0.008498411
0.008157188
0.009148564
0.00750422
0.006757227
0.007233907
0.008961225
0.01090472
0.01429812
0.01252524
0.006438254
0.00677614
0.005897325
0.004345871
0.005343447
0.007091879
0.006685199
0.008636903
0.009668786
0.01390575
0.01774513
0.01301915
0.01230218
0.01139578
0.009319132
0.0112205
0.01408114
0.01095128
0.009379804
0.009245454
0.006369904
0.007263293
0.009553625
0.009350465
0.01157419
0.009532752
0.01224131
0.01163307
0.01078689
0.01139708
0.00843095
0.009546822
0.006723764
0.007252913
0.007857018
0.008410396
0.007622394
0.006314345
0.0081658
0.01015024
0.007634425
0.009061958
0.009183824
0.0127646
0.009455568
0.01110519
0.01317978
0.01629419
0.009226718
0.01125962
0.01205602
0.01224389
0.01429847
0.0175163
0.01400805
0.01190342
0.01295151
0.01885248
0.01087643
0.01277332
0.008879972
0.008449766
0.01256223
0.009456574
0.01111991
0.01655164
0.01425556
0.009378132
0.01216594
0.01009433
0.00989339
0.008795939
0.008565457
0.007409454
0.005632899
0.00795783
0.01026324
0.01062599
0.009409065
0.007819144
0.009454423
0.01260918
0.01038976
0.01277891
0.01126018
0.01071616
0.008441432
0.009076663
0.00895292
0.009626125
0.008952708
0.01052414
0.01215758
0.009827247
0.009817451
0.009916807
0.01008486
0.01139294
0.01510547
0.01205454
0.00917143
0.01135672
0.01388862
0.01175837
0.009268461
0.009416918
0.009758634
0.006505231
0.007080481
0.008165838
0.01203089
0.009105349
0.01175764
0.01213036
0.01111128
0.01421243
0.01590937
0.01314051
0.01598086
0.01499637
0.01006078
0.01083285
0.01124748
0.009164883
0.009408573
0.009931828
0.01334505
0.01368982
0.01384122
0.01176418
0.009018332
0.009354796
0.01166297
0.01356749
0.01113543
0.01024839
0.01202111
0.01221677
0.0163375
0.01476073
0.00830673
0.008283645
0.007333517
0.006774423
0.01030253
0.01298077
0.008448346
0.00852731
0.009411222
0.009618066
0.01254564
0.01368944
0.01333742
0.01778552
0.01298564
0.01320221
0.01221563
0.01033104
0.01170461
0.01342261
0.01406722
0.008001307
0.008270965
0.008741468
0.01027395
0.01013031
0.008407558
0.009368259
0.008561328
0.007852539
0.009801241
0.008064507
0.009380662
0.01132701
0.0100142
0.01160845
0.008831433
0.0117348
0.01569473
0.01419405
0.0103882
0.006896278
0.009572311
0.00977819
0.0110928
0.01098338
0.008255439
0.0099262
0.00909503
0.009837964
0.01077337
0.01445771
0.01463306
0.01257166
0.01055558
0.009122318
0.006313655
0.004147728
0.003678666
0.007110976
0.007621806
0.006447859
0.009469059
0.009653276
0.009993015
0.0103207
0.009196905
0.01170869
0.01428783
0.01296846
0.009486972
0.01202062
0.01253483
0.009261545
0.008557337
0.006343654
0.00862451
0.008011971
0.01133086
0.01063548
0.01054417
0.009317025
0.009908975
0.01391499
0.01888852
0.01452958
0.01388074
0.0106038
0.01101105
0.009165038
0.01441486
0.01120367
0.009260154
0.009066868
0.01258621
0.01059042
0.01033736
0.008080773
0.009227669
0.00848266
0.009088296
0.008225437
0.009237329
0.006071892
0.006556783
0.004996305
0.004576939
0.005362435
0.006525483
0.00536888
0.005059017
0.005376619
0.006838967
0.007190655
0.006945112
0.007333741
0.005874954
0.007403922
0.008046514
0.009166352
0.008356711
0.007829991
0.008550956
0.009417058
0.008127944
0.0094474
0.007288242
0.007304391
0.007027424
0.005998141
0.007911899
0.008243754
0.01219847
0.01018577
0.01164469
0.0144282
0.01202759
0.0109336
0.01152345
0.009937194
0.01087158
0.01082104
0.009349105
0.009247435
0.008744712
0.008239518
0.01030226
0.0101344
0.01025106
0.01015662
0.01039988
0.007920063
0.008010112
0.01049708
0.009705613
0.007234247
0.008429889
0.0105405
0.0105208
0.01500481
0.01453351
0.01164935
0.01317281
0.009534369
0.0082497
0.0109992
0.01149754
0.01167156
0.008800733
0.008669016
0.008747941
0.006356455
0.009128614
0.009797112
0.008999711
0.01275713
0.01243659
0.01347184
0.01349162
0.01137707
0.01158267
0.01452714
0.01256697
0.01453123
0.01124906
0.008122951
0.008564305
0.007877861
0.007978412
0.006935356
0.007881052
0.00903799
0.008338655
0.01301467
0.008733257
0.006849211
0.006445458
0.005400861
0.007709533
0.009166291
0.00967021
0.008199212
0.00722633
0.008364111
0.008663515
0.01005101
0.006649821
0.00762165
0.006296796
0.006419215
0.009247072
0.009900258
0.009614284
0.008468868
0.006883185
0.010641
0.01300547
0.01106839
0.01349552
0.01379841
0.008402953
0.01015036
0.008435959
0.006070836
0.005719953
0.006805786
0.00805439
0.008169354
0.009151987
0.01237599
0.01167585
0.01133321
0.009704984
0.008841418
0.007875064
0.007979327
0.008920004
0.00848434
0.01131359
0.01151289
0.01193869
0.0129849
0.0124414
0.0132758
0.01260842
0.01071727
0.01437395
0.01436638
0.009861877
0.01066312
0.0103718
0.009829408
0.01139298
0.01161213
0.009344946
0.01159503
0.01044214
0.008652385
0.008401992
0.007283888
0.007020757
0.006590233
0.009877076
0.007786817
0.007720799
0.008645526
0.009627633
0.006709312
0.00666831
0.006981852
0.006207469
0.005692176
0.004234359
0.00378467
0.003030979
0.003014522
0.002847539
0.003506461
0.003862759
0.004637996
0.005997712
0.005223835
0.004023731
0.007075125
0.009145463
0.01042973
0.008475109
0.007884491
0.00949584
0.01178272
0.01107986
0.009481291
0.0104429
0.01236206
0.0105015
0.01000188
0.009846038
0.0111466
0.009045448
0.01129425
0.01541301
0.01233685
0.01245023
0.01117862
0.0112205
0.01294083
0.006976753
0.008311735
0.00758466
0.008430235
0.01161417
0.01288768
0.01160497
0.01061418
0.01077692
0.008791086
0.006409675
0.009017468
0.008824039
0.01050802
0.009085072
0.007430738
0.009515323
0.01069903
0.01069687
0.01182039
0.0129079
0.01236848
0.01158884
0.00827931
0.007247691
0.007043796
0.008644292
0.01271143
0.01190939
0.008981963
0.006856895
0.006543818
0.007876744
0.00853931
0.009999495
0.009065702
0.01182585
0.01129228
0.01424232
0.008742021
0.007277458
0.009312363
0.008439668
0.0043201
0.006348932
0.005527112
0.005115373
0.007741135
0.008723037
0.008858966
0.009592335
0.01321347
0.01276632
0.01563495
0.01172535
0.01038805
0.0124772
0.0111466
0.01202137
0.01097044
0.01623936
0.01524536
0.0130612
0.01136615
0.009763351
0.007379658
0.009331253
0.007595226
0.008337879
0.008327421
0.009081192
0.008468155
0.007862223
0.008512071
0.008884001
0.008619299
0.009424927
0.01214766
0.008709897
0.008708433
0.006226688
0.007980075
0.00638595
0.00612721
0.005954131
0.009418802
0.01223558
0.009968453
0.009096336
0.01156202
0.009932062
0.01596406
0.01123173
0.008552153
0.008150123
0.007666514
0.01005686
0.01097876
0.01213538
0.01012948
0.01149038
0.009332863
0.01041622
0.009585472
0.01081326
0.008542238
0.007537574
0.009054963
0.007062797
0.007070889
0.01146554
0.01340733
0.0149376
0.01285157
0.01451853
0.0109837
0.01097821
0.009672827
0.01447382
0.0097569
0.008788717
0.008951297
0.006360992
0.007250677
0.009286611
0.008103131
0.009170498
0.01111675
0.01109588
0.0121036
0.01116812
0.007778945
0.007457863
0.006067922
0.005859113
0.005142531
0.003651698
0.005870635
0.009456321
0.008602382
0.009419062
0.007664693
0.008867048
0.01054715
0.01377791
0.01258701
0.0134593
0.01125818
0.009710627
0.0127989
0.009748362
0.01016252
0.01267681
0.01308329
0.01585135
0.0143544
0.01374473
0.0121018
0.008881854
0.009891955
0.01516501
0.01097562
0.009776306
0.01315918
0.01379925
0.01415197
0.01659423
0.01570561
0.01398045
0.01549364
0.01461234
0.01038108
0.008327146
0.006137899
0.00560553
0.005537925
0.007575988
0.007749252
0.006977923
0.006462768
0.006195567
0.004852212
0.004557533
0.005953626
0.005256867
0.005692926
0.006212458
0.007302015
0.006968005
0.01101607
0.01385167
0.0103169
0.01064875
0.01232858
0.01205425
0.01130739
0.01069663
0.007240431
0.006707991
0.006760453
0.006708484
0.006912723
0.009066952
0.01222013
0.0084923
0.01297115
0.0119098
0.01182897
0.01286517
0.01800957
0.01619405
0.01488369
0.01193011
0.01419135
0.01246737
0.008659574
0.01159546
0.01043959
0.009336944
0.007609829
0.005894465
0.007636401
0.008797357
0.008921544
0.01010782
0.00807071
0.009601505
0.007516648
0.007258258
0.0110546
0.01660845
0.01283269
0.009757502
0.01371655
0.01169463
0.01380123
0.01132007
0.01163375
0.01379318
0.01161816
0.01375349
0.0142446
0.01227203
0.007931056
0.009394795
0.01131657
0.01027765
0.01114747
0.009124966
0.01001744
0.01104284
0.009024408
0.01499021
0.01275268
0.008898633
0.009448987
0.007995339
0.01179071
0.01032053
0.01114734
0.01006895
0.009095935
0.008723335
0.01071514
0.01081339
0.01051655
0.009654997
0.007860947
0.00656609
0.008127559
0.008278579
0.007571257
0.005083463
0.007272045
0.006475385
0.008120349
0.006611623
0.006307173
0.005679354
0.005368616
0.00635793
0.007568515
0.00821016
0.006790589
0.007722438
0.01450002
0.008480583
0.008244004
0.01026407
0.008583173
0.006371277
0.007045807
0.005388089
0.003914765
0.002969676
0.003175092
0.00264924
0.003993376
0.006108074
0.006576102
0.006932307
0.008621476
0.007831198
0.007771604
0.006998059
0.006000713
0.007958628
0.01045228
0.01378182
0.01437207
0.012258
0.009226175
0.008928852
0.01015509
0.01203976
0.008379263
0.0146797
0.01297536
0.01019231
0.009329923
0.009952393
0.009821859
0.007686853
0.009498765
0.007842035
0.009030423
0.008857692
0.007056777
0.007734476
0.008865977
0.00995181
0.01348709
0.01153591
0.008000204
0.00493834
0.004959145
0.004487558
0.004958046
0.005458538
0.005960885
0.004802713
0.004599795
0.005812749
0.006559847
0.009279775
0.01311088
0.01073687
0.01046215
0.007530663
0.007006143
0.01056091
0.0078422
0.008305766
0.00943778
0.01170173
0.01024372
0.009810663
0.01136109
0.009845752
0.01167941
0.01176143
0.009467732
0.009006455
0.01051954
0.01373614
0.01872522
0.01470339
0.01418513
0.01009334
0.009638732
0.009746057
0.01038475
0.01230162
0.009859889
0.01024803
0.008626214
0.009547427
0.01026674
0.01516333
0.01249258
0.01660394
0.01518332
0.0126786
0.01543665
0.008353659
0.008270906
0.009067268
0.006843963
0.01369791
0.0113012
0.009959569
0.007282792
0.008948815
0.01250535
0.01446894
0.01145884
0.01044551
0.009835636
0.01506095
0.01315673
0.01589513
0.01710467
0.01548583
0.01858826
0.01653005
0.01518829
0.01782779
0.01484096
0.01186173
0.01458985
0.01515979
0.01217712
0.01090304
0.01309214
0.01127922
0.01299246
0.01105843
0.013124
0.01171825
0.00894571
0.007124601
0.009499524
0.00880649
0.009564358
0.009614388
0.009624237
0.0104354
0.008000357
0.007128053
0.007226963
0.007846326
0.008952061
0.01005058
0.01445037
0.01198164
0.01126755
0.01077195
0.007905353
0.007502424
0.00568192
0.007258385
0.007823408
0.008183965
0.008280599
0.00695449
0.007491724
0.006037489
0.007524348
0.008148385
0.007519109
0.006048986
0.006580349
0.007584979
0.005152715
0.006205682
0.006674382
0.009666625
0.006212601
0.005593071
0.004343115
0.005670822
0.006408672
0.00850595
0.0102591
0.009647387
0.009164125
0.01111852
0.0115805
0.008136164
0.009121592
0.008162017
0.007968814
0.007318064
0.007037217
0.009454374
0.01173042
0.01240115
0.009802595
0.007507987
0.006601426
0.009084278
0.009755307
0.01325283
0.009981852
0.009311863
0.009972674
0.01378199
0.01566413
0.0125491
0.013309
0.01406126
0.01122238
0.01246676
0.009217347
0.009403446
0.01150424
0.01225863
0.008791295
0.007754659
0.007061661
0.008259731
0.007828522
0.00909352
0.01001199
0.008555578
0.005279879
0.007222137
0.007728158
0.008597315
0.01062923
0.009183677
0.01210456
0.01251777
0.01382798
0.01582819
0.01571327
0.01747452
0.01433902
0.01294979
0.01595147
0.01515705
0.01159314
0.01238201
0.01295283
0.0116866
0.01118354
0.00776162
0.007908564
0.009893123
0.01109723
0.01096201
0.01011136
0.007549778
0.01453123
0.01410426
0.01343777
0.008568077
0.006874465
0.007897948
0.005616469
0.01047077
0.008908106
0.007336777
0.009523235
0.008972376
0.01276576
0.008245395
0.008686625
0.006736067
0.005060927
0.006321055
0.007210591
0.00801508
0.006145738
0.00475057
0.005108527
0.007070213
0.005078127
0.006267604
0.006981938
0.00561543
0.008382258
0.008164822
0.006749775
0.007160741
0.008411098
0.00720294
0.008224481
0.008405294
0.004910299
0.004369668
0.005718714
0.007336451
0.008736599
0.01145772
0.007317884
0.01069308
0.009937063
0.009988546
0.007999569
0.01295769
0.008626936
0.005057389
0.005764392
0.008893407
0.008867518
0.0107327
0.01297282
0.01248087
0.0130563
0.01117198
0.01227551
0.009421592
0.01229146
0.01211144
0.006595283
0.006307191
0.005166808
0.006858778
0.005750008
0.005098634
0.005083625
0.00737196
0.00720329
0.00806817
0.009180605
0.009520869
0.01181659
0.01279511
0.01014275
0.009232252
0.006905241
0.007654479
0.01230781
0.01139146
0.01275751
0.01373186
0.01155747
0.011132
0.0137363
0.01340871
0.01384798
0.01313469
0.009715767
0.0114604
0.01571452
0.01097014
0.0113214
0.0106259
0.009740683
0.0111627
0.01577147
0.01177927
0.01151811
0.0095627
0.01113037
0.007905502
0.008553196
0.008048862
0.0092211
0.01024105
0.007851196
0.005755568
0.008357249
0.009773462
0.008603293
0.007892516
0.007447513
0.00747931
0.007471525
0.008492978
0.007988354
0.006508669
0.006549406
0.006460141
0.005572886
0.005952312
0.005380394
0.006058778
0.00649696
0.007116138
0.01129011
0.007376757
0.009451373
0.01180064
0.0107788
0.01012667
0.007017916
0.007805539
0.01079385
0.009405014
0.006916853
0.007485005
0.01027089
0.01220682
0.0126672
0.01027613
0.01221367
0.01245064
0.0154456
0.01518597
0.01206674
0.01280977
0.01091185
0.009394321
0.007562427
0.01110703
0.01036033
0.01035552
0.005837176
0.006323083
0.006963587
0.009154152
0.009352272
0.009511505
0.006560848
0.009523752
0.009270722
0.008047495
0.007289856
0.01052413
0.0134708
0.008369457
0.005917481
0.006296854
0.004716658
0.004749887
0.004626405
0.007035614
0.00577058
0.007317553
0.01032828
0.01231353
0.01063399
0.008462354
0.008813157
0.009899795
0.010875
0.01081352
0.01362434
0.01047092
0.008996332
0.01413337
0.008752787
0.007680948
0.00942624
0.009531908
0.01002091
0.01167529
0.01122057
0.01190271
0.01231794
0.008476082
0.01029728
0.01090085
0.007200624
0.007608767
0.007436633
0.009395695
0.007415194
0.00691868
0.007035456
0.007650297
0.006970655
0.008276929
0.006364161
0.007238589
0.008428141
0.009737594
0.009153018
0.009502267
0.01309167
0.008982527
0.01036725
0.008441165
0.01230929
0.01354257
0.009947764
0.01185363
0.01320628
0.009346622
0.007991001
0.008863554
0.009091579
0.01150987
0.008815498
0.01004881
0.01083879
0.007411047
0.008026885
0.009152603
0.009491992
0.01310597
0.01050427
0.008730844
0.008628284
0.0083854
0.01083286
0.009465784
0.008581007
0.00867805
0.01032246
0.007911344
0.005861948
0.005955877
0.006330327
0.007557857
0.006196357
0.008170473
0.006093805
0.006117614
0.006714356
0.006759598
0.01030966
0.01264701
0.008380784
0.009997736
0.009838102
0.01077802
0.01067447
0.01235072
0.009388567
0.009336025
0.009997783
0.01090403
0.009270744
0.009439225
0.009113414
0.008980428
0.009203914
0.008643599
0.01053049
0.01375489
0.01142935
0.01209741
0.00921599
0.01004701
0.007688281
0.007651262
0.0107593
0.01747835
0.01112458
0.01748664
0.01336561
0.01278549
0.0147274
0.01072345
0.01101585
0.0145323
0.01263348
0.01029646
0.01015245
0.009243875
0.01012889
0.009221968
0.01291658
0.0166676
0.01216533
0.01163008
0.01553802
0.01506754
0.01112107
0.01032594
0.009392346
0.009600723
0.008646737
0.009977848
0.01744026
0.009761211
0.008377704
0.008298203
0.0106593
0.007162548
0.00921872
0.01048533
0.01011774
0.009357832
0.01053341
0.01023227
0.007156104
0.007517979
0.005213327
0.007067817
0.008741448
0.008786195
0.01322085
0.01462914
0.01225761
0.01448113
0.01205802
0.01383271
0.01249396
0.01471053
0.01259484
0.01007606
0.01193633
0.01011912
0.007656628
0.007793351
0.009516935
0.009137229
0.009273085
0.009211932
0.00532461
0.008204838
0.007291258
0.007126371
0.009708233
0.009146875
0.008110004
0.009357551
0.00874964
0.00964019
0.01153629
0.008088993
0.006561441
0.008125597
0.01071329
0.01323414
0.01025813
0.01164869
0.008350415
0.009853393
0.008622745
0.008556366
0.006909246
0.007224137
0.006705152
0.006609463
0.006393413
0.01071484
0.01065125
0.008323301
0.005112751
0.004311516
0.00444587
0.005820895
0.00720511
0.01026157
0.009022447
0.01006742
0.008667373
0.007659888
0.005989822
0.00522993
0.003483395
0.00369774
0.005952588
0.00605083
0.007057106
0.007083016
0.008425776
0.009726335
0.01167591
0.008855419
0.00906534
0.007588339
0.005220314
0.006431484
0.005972583
0.006869993
0.007726798
0.008143696
0.007151155
0.006502171
0.009459128
0.01117159
0.008080431
0.006961607
0.007620422
0.009682131
0.009444595
0.007655488
0.008369782
0.008163831
0.005555096
0.008114698
0.01048592
0.01191772
0.01382936
0.01430364
0.01412331
0.01171631
0.01190273
0.01084676
0.01052449
0.01244071
0.01361316
0.01113592
0.008781374
0.01051232
0.008347239
0.008490016
0.01005255
0.009030096
0.01352398
0.01485437
0.01445996
0.01536969
0.0126789
0.01054372
0.01200674
0.01288615
0.01113711
0.00862125
0.007148654
0.007967965
0.009514752
0.01502519
0.01216081
0.007641151
0.009027824
0.007267386
0.005290248
0.005606401
0.01048388
0.01136257
0.00994367
0.01128818
0.008054572
0.007939254
0.01271422
0.007717697
0.008437214
0.007961435
0.008323112
0.00870306
0.01506098
0.01081208
0.007669425
0.008959966
0.01259707
0.01078009
0.01025535
0.00880743
0.01304746
0.01059051
0.0100755
0.01060305
0.0084903
0.01004741
0.008752666
0.01111646
0.01162401
0.01490353
0.01403216
0.01397157
0.0108092
0.009070205
0.01077608
0.01215942
0.008165542
0.008539346
0.008620877
0.009113006
0.008293352
0.01014161
0.009081257
0.009738587
0.01431796
0.0124756
0.01417095
0.01098539
0.0102707
0.01113163
0.01060486
0.008930573
0.00704083
0.007138431
0.008286822
0.00795931
0.008484252
0.008177126
0.01023841
0.007700635
0.005784646
0.005535403
0.006071581
0.007000758
0.007949777
0.008038142
0.006495663
0.007252549
0.008741191
0.009873861
0.009696269
0.008516693
0.009218819
0.007741404
0.01119586
0.00856848
0.01244591
0.008569029
0.008808392
0.009764827
0.009694997
0.008647018
0.01070887
0.01190008
0.01099712
0.01221654
0.01378941
0.01565445
0.009554211
0.01142512
0.01157931
0.01031533
0.008441252
0.007353459
0.008001503
0.007668169
0.007587396
0.007021582
0.01024897
0.01044798
0.01311621
0.01107403
0.008668954
0.01362323
0.009570376
0.009517622
0.009836621
0.006865882
0.009787422
0.009209346
0.008435591
0.008990228
0.006939052
0.009497365
0.00679171
0.007961279
0.008246792
0.008131941
0.01035786
0.009540288
0.01414565
0.01185706
0.01092516
0.00922498
0.01091348
0.01127771
0.006157173
0.005176717
0.007522188
0.009565585
0.00715625
0.008351856
0.009657328
0.01041124
0.009282577
0.01003733
0.006700151
0.006023146
0.006823589
0.00710293
0.00609437
0.007889786
0.006129764
0.007605786
0.01309746
0.01463873
0.009197709
0.009247992
0.008830657
0.009439952
0.01005361
0.008086705
0.007605525
0.00786921
0.005788436
0.004675841
0.005662502
0.008341879
0.007313652
0.009927482
0.007896308
0.008269263
0.00662951
0.008344874
0.007860826
0.007154932
0.009966458
0.01041034
0.007241807
0.008286689
0.006496974
0.007893872
0.005511759
0.005468004
0.006792071
0.008450023
0.007591563
0.008312573
0.007932578
0.004662257
0.005749662
0.00649508
0.008245417
0.01016669
0.01009578
0.01047548
0.009710593
0.01020962
0.01044586
0.009726965
0.009929131
0.01163383
0.01070607
0.01351103
0.01243548
0.008030471
0.008164723
0.01006276
0.01184314
0.01174248
0.01244688
0.009969967
0.01035979
0.01429091
0.01087506
0.01014888
0.0116162
0.00993396
0.008531639
0.007784068
0.009445552
0.01109705
0.01412435
0.01138279
0.01127146
0.01385189
0.01021718
0.01137277
0.009563493
0.01125039
0.009645663
0.009336621
0.01033493
0.009727325
0.01047145
0.01108588
0.01365772
0.01204148
0.008738062
0.009145256
0.009069782
0.009724493
0.01056424
0.01169926
0.009726546
0.01000158
0.00940344
0.01035985
0.009706762
0.0118516
0.01176515
0.01165936
0.007496067
0.00962514
0.008523719
0.007564727
0.0088348
0.0112219
0.009044564
0.01163503
0.01048707
0.009428945
0.008002919
0.007869773
0.009825738
0.009619558
0.007929494
0.00906239
0.01128993
0.01130194
0.009940752
0.006719584
0.01049742
0.009621034
0.00903454
0.01052444
0.009625656
0.009830816
0.01035792
0.01030795
0.01033971
0.008100852
0.008125163
0.007008055
0.008058321
0.009226439
0.008788281
0.005552398
0.01137385
0.009799876
0.01132915
0.01104594
0.01045961
0.008768422
0.009616931
0.01038924
0.008781194
0.008564107
0.01169176
0.01365694
0.01460279
0.01054122
0.01117352
0.01053242
0.01084399
0.009910829
0.007237326
0.008643587
0.006685296
0.009689107
0.01006217
0.01324812
0.0105303
0.01228976
0.008521652
0.01151497
0.01252695
0.009908358
0.00819473
0.007429711
0.008295546
0.01082253
0.01311155
0.009731524
0.005660808
0.005931023
0.008742768
0.008241446
0.007130959
0.008815772
0.00806698
0.0116322
0.008530326
0.009670838
0.01139678
0.01508392
0.01137763
0.01097082
0.007166914
0.006552432
0.006667961
0.00667305
0.00610653
0.005422543
0.006066349
0.006624783
0.008607754
0.01131181
0.01259228
0.01073786
0.007546941
0.008181146
0.007454347
0.008181358
0.01228788
0.0122791
0.01611315
0.01269717
0.009891501
0.01301953
0.01130546
0.0111241
0.01174208
0.009929931
0.009225941
0.009623214
0.007540414
0.006362566
0.008270046
0.009202785
0.007827368
0.008362536
0.01009992
0.01020175
0.0117214
0.01270965
0.0108835
0.0112901
0.01184731
0.01065663
0.0120398
0.01140945
0.01416694
0.01074013
0.009813051
0.009120953
0.01358515
0.01017578
0.01183044
0.01105411
0.01142131
0.01411911
0.0126898
0.01288063
0.009327625
0.01286837
0.009840174
0.009886902
0.006985269
0.00706688
0.005690323
0.006807415
0.006191815
0.004998201
0.009108168
0.009986999
0.0112366
0.01223458
0.01221888
0.01114744
0.01611687
0.01818664
0.02147318
0.01520006
0.01324621
0.01401118
0.01714661
0.01274171
0.01228808
0.01132181
0.01139443
0.0128845
0.0125262
0.009038613
0.009149932
0.01208864
0.01223155
0.01275519
0.01172925
0.00900968
0.01086327
0.007100532
0.009639595
0.01044715
0.008610384
0.01010246
0.00988337
