3.778812
3.564775
2.72157
2.727687
2.227408
1.780061
2.674312
3.301332
2.822548
1.46166
1.976238
1.999873
2.425594
2.693458
2.834154
4.046969
3.642807
3.755124
3.631627
4.519314
3.741106
3.743487
3.267488
3.648379
3.782778
5.064227
4.022288
3.563036
3.130959
3.783613
2.994508
1.979424
1.913388
2.589626
2.875057
3.886347
3.958878
4.060518
4.521484
4.355921
3.74484
3.966646
4.539126
3.166859
4.234474
4.177717
3.428809
3.639541
2.993798
1.695766
2.109517
2.726432
3.8142
4.206302
2.89923
2.322527
2.511385
1.690444
2.35302
2.556502
2.56296
2.370936
2.463815
2.069493
3.150339
2.987444
3.468884
3.22718
3.332683
3.4954
2.180585
2.432236
2.96334
2.721551
2.588685
2.311201
1.659697
2.168461
2.889548
2.932395
2.334151
3.537815
4.138647
3.792573
3.046278
2.82029
2.857941
2.717821
2.452537
1.913536
1.893778
2.504312
3.71592
3.546304
4.505885
4.399857
3.857239
2.725058
3.307996
2.877076
3.773746
3.478821
2.974473
2.849904
2.903654
4.057583
3.949401
4.704005
2.643784
2.623682
3.581451
4.568957
6.908035
7.291728
5.970809
6.447004
4.83094
4.364934
4.881918
5.569812
6.508089
4.048391
4.207519
4.895562
6.652559
7.63178
7.786946
7.056723
6.268085
4.961771
3.770146
3.643699
4.602808
2.94267
2.624023
2.984406
3.542754
3.135571
3.416488
2.816747
2.868342
3.003204
3.302862
2.763746
3.246652
2.749003
3.874566
6.247621
3.981331
4.734374
4.844987
5.910742
5.813783
6.172787
5.464361
5.172725
5.873339
5.885903
4.996562
4.281146
4.600276
3.7229
5.635709
5.949069
4.868863
4.223346
4.456222
5.221268
4.660827
3.803338
2.867324
2.211191
2.603421
2.430339
2.664675
3.260677
3.373573
3.715447
3.358661
2.965237
3.157703
2.471312
2.854626
2.99664
4.068677
4.789302
3.066374
3.518883
3.410669
3.222433
3.246309
2.526837
2.75253
2.136246
4.247661
2.493889
3.814605
3.641898
3.529503
2.611124
2.524542
2.599542
3.209472
3.024512
3.255092
2.577666
2.590377
1.995454
1.822657
1.999945
3.640943
3.541605
4.170052
3.447461
2.560036
2.920251
3.355762
3.79698
4.530463
3.98069
3.547247
2.95741
2.810946
2.924457
2.913041
2.359098
1.98621
2.369509
2.618011
3.513183
4.038753
4.740727
3.491642
3.275124
5.430737
4.552903
3.475712
2.825658
3.400826
3.552253
2.876907
4.321919
6.071079
4.459749
4.510553
3.144392
3.462054
1.978802
2.023629
2.144091
2.691531
3.177757
3.167964
3.696321
3.582551
5.747862
4.798479
6.225385
6.109559
3.382967
3.802048
3.223282
3.296048
3.523735
3.177048
4.060681
4.00958
4.217481
3.846035
3.734232
2.771513
3.755058
4.552966
3.63653
3.253578
2.374699
3.726284
5.393952
4.659374
4.019225
2.659145
2.745564
2.74269
3.78573
1.937249
3.565868
4.099717
2.819219
4.92943
6.677887
5.133615
3.421166
2.988825
4.525669
5.678651
4.899479
4.203838
4.210319
4.399595
4.734641
6.187506
9.019387
7.399716
4.547368
3.635636
3.971255
3.77683
3.560344
3.483671
3.005196
3.328088
2.132956
2.190467
1.510668
1.808093
1.800518
2.073153
2.102996
1.916321
1.889521
3.049104
1.810463
3.02452
3.535993
4.181534
3.028359
4.520971
2.473726
2.101799
2.110035
3.77621
3.682529
3.465979
3.540434
3.360753
4.178895
3.974269
3.799078
3.042722
2.362328
2.624449
2.812225
2.820666
2.221821
3.163794
2.482403
2.010294
2.908313
2.850747
4.03509
6.324705
4.955
2.902217
4.041621
2.854003
2.202811
2.569141
2.540669
2.455218
2.865497
3.585636
3.951581
3.430561
2.371997
2.109796
2.88096
2.725023
3.11601
2.790344
2.846575
3.931544
4.955949
5.631193
4.751449
3.677237
2.800137
2.268094
3.189192
2.851365
3.24572
4.312297
4.771519
3.837286
4.050364
3.263976
3.883898
2.718733
3.037195
3.240851
3.488707
4.282197
5.677461
8.505438
6.784614
8.257579
6.810806
6.362065
6.773113
10.18413
8.14244
5.299238
3.187016
2.749094
3.14719
3.23702
3.849877
5.022556
5.710107
4.448391
4.737379
3.388186
5.556594
4.113687
6.861612
7.811834
10.59571
7.227534
5.444794
4.765524
3.643933
3.631799
3.069606
2.394114
3.287678
2.966877
3.73883
3.844832
3.554082
3.398281
3.302519
3.424192
3.768998
3.39523
2.951327
2.994332
5.178754
4.789016
5.267097
5.241437
4.61915
5.026886
4.859226
6.100345
4.893988
5.605771
5.2258
4.74419
6.178554
5.07601
5.465675
4.293176
6.083437
4.176178
3.513678
2.993833
3.054161
3.154603
1.729127
1.934731
2.726915
2.750823
2.566279
2.289469
2.373137
3.327676
3.590387
2.743658
3.301286
3.430677
2.966678
3.235682
2.848151
3.218559
3.519299
5.495638
5.510997
4.899153
4.992492
5.032126
3.955502
3.998528
3.95652
4.694272
3.24543
4.982699
5.245492
4.561503
4.276363
5.1673
4.663847
4.906322
4.207942
5.893477
5.55664
5.904604
4.733001
6.796421
4.480871
4.198231
5.10749
5.161552
7.366098
5.418539
5.174917
4.649982
5.120465
4.8336
5.026975
4.441726
3.799661
3.467428
3.145922
4.547213
6.829453
3.746462
4.186931
3.238508
3.637813
3.715669
3.388162
3.468686
2.290505
1.994453
1.362137
1.264462
2.290013
3.251195
2.614595
2.925808
4.449586
3.743789
4.735925
3.899456
4.331802
4.516495
3.652299
2.803872
4.537995
4.800963
2.547278
2.033219
1.713684
1.459294
2.143891
2.845997
3.460459
3.868431
3.946385
3.493243
3.376862
2.033656
1.654289
1.983012
3.520774
4.309053
5.288219
4.610969
5.568659
4.938093
3.966033
3.227139
4.534355
2.889139
2.585815
2.810923
2.857497
3.199893
3.650744
3.618476
2.818461
2.339184
4.32669
4.534494
3.930597
3.113628
2.694471
3.42941
4.158262
3.859072
4.378401
3.505103
3.113869
2.461162
3.381581
3.053222
2.929275
2.415123
2.414636
3.310774
2.793597
2.384782
2.84624
3.538925
3.972153
3.998041
5.551172
4.6982
4.986974
6.899861
6.645303
6.258549
5.886877
6.651748
6.628239
4.969514
4.177397
3.701535
4.111494
3.568201
4.517025
5.394939
4.507057
5.580067
5.305446
5.135135
3.490785
2.005182
2.409228
1.91446
2.083165
2.15699
2.65505
1.948121
2.751777
2.782708
2.49467
3.601323
4.636547
3.685565
4.04214
3.400461
3.605547
4.936365
4.13489
4.757393
5.259947
5.167851
4.642422
4.17433
6.301994
5.69154
5.047532
2.863596
2.58961
4.521838
3.55766
4.161101
4.643699
6.534766
4.289497
2.265129
2.855225
2.454076
2.068159
3.226058
3.159073
2.278239
1.886118
1.830693
1.968541
1.79907
1.934184
2.487725
2.596614
2.517105
2.979229
2.848988
3.890686
4.467865
4.012159
3.45247
4.130178
4.47182
6.55426
4.017796
4.432103
4.100835
5.146295
4.2896
4.332693
4.207104
3.930781
4.621405
3.489592
2.64997
2.119252
2.227044
2.760582
3.247568
1.974602
1.962755
2.277933
2.294532
2.445588
2.711391
2.337601
2.559035
3.001028
2.859195
4.743934
3.81558
4.343812
3.678207
3.628328
3.111433
2.843962
2.894148
2.536143
2.469216
2.426641
3.495796
3.883802
3.590662
2.907871
3.202876
3.411239
4.138889
2.678268
2.7064
3.654013
3.797076
3.369129
4.450649
6.826136
6.296902
6.783191
4.925986
4.160208
3.775247
2.971417
2.953878
2.446114
2.36701
1.901407
3.089726
2.963325
3.153711
4.004858
3.831912
3.786346
3.72052
2.675856
3.229633
2.437371
3.211982
3.930282
3.417579
3.843615
3.817616
3.463496
6.53305
5.82703
4.373285
3.098073
3.335911
2.130853
3.366535
2.840075
2.347782
1.641807
1.521184
2.307246
2.525115
1.782696
2.326854
2.472227
1.930226
2.508253
3.407667
3.635373
3.878343
3.565564
3.99696
4.257389
3.331362
3.716626
3.05049
4.032943
4.352335
3.008566
3.746204
3.128497
3.884161
4.403803
4.288824
3.745607
5.701484
6.543535
4.252046
3.825751
3.502505
3.999122
3.883015
5.110523
4.826084
5.645825
5.433585
4.575493
5.231627
5.772931
6.678512
4.092845
3.227928
3.04761
2.856584
2.66291
3.408985
4.366714
3.995109
2.985763
4.569552
3.135809
3.071676
4.246347
5.57843
5.061988
3.93742
2.933875
3.244479
5.207651
4.627104
3.880829
4.932338
6.33573
3.991551
5.665428
6.410696
5.301618
4.43731
3.235504
3.743017
3.289013
3.679801
3.279704
3.340634
4.038937
3.469094
3.290662
3.082425
2.395984
2.717341
3.116141
3.766391
3.013876
2.880177
2.878125
4.101429
3.296072
2.204144
2.901092
2.655918
3.336449
3.748322
3.918019
5.222836
5.685824
3.942628
4.140324
2.904276
2.382209
2.819309
2.677928
2.740983
2.191022
1.790305
1.538081
1.970899
2.73103
2.741484
3.051204
4.315354
5.171092
3.979568
3.347522
2.916092
4.099346
3.167999
4.007948
4.029979
5.113017
5.833596
3.921291
3.578232
3.214489
4.54231
5.059481
6.086088
7.338666
5.279884
7.007397
5.091978
3.66252
4.065195
3.410248
3.567788
3.10523
2.569524
2.000246
2.576684
4.276459
3.888634
5.153815
6.940131
6.60829
6.414149
4.531165
3.479612
3.318527
2.243389
2.144109
2.879862
3.019386
2.704941
2.016693
2.197084
2.055259
2.187681
3.167264
3.858953
3.864517
2.958158
4.318309
2.689543
2.429677
2.111606
3.634397
2.651804
3.945816
3.651241
4.459793
4.2252
3.662514
3.061853
2.862824
2.36326
1.80658
2.46681
4.276989
2.852063
2.972082
3.877707
4.22736
4.710383
3.709849
2.6777
2.796584
2.930793
3.707265
3.542172
3.039759
2.990015
3.56553
3.206342
3.787039
4.102232
4.040711
4.808192
4.683657
4.460041
5.131205
4.143936
4.752355
3.1335
2.194845
2.112893
2.048342
1.892661
2.146642
2.03786
3.169329
1.924639
2.646581
2.765231
2.580331
2.700343
3.310076
3.516361
5.957701
4.956668
3.334351
3.072358
2.341544
2.441473
4.204617
5.783327
5.320819
5.86328
4.070872
4.049789
4.388221
5.176169
3.960451
2.825552
3.215063
3.383774
3.647715
3.419648
3.165658
3.100592
2.938177
3.055714
2.547183
2.222317
3.274017
2.784486
2.744214
3.787096
4.086149
4.382634
2.269974
2.751605
2.46728
3.023159
2.803178
2.893768
3.164144
2.659849
3.323212
3.038011
3.539406
3.018486
2.602875
3.491933
3.361482
1.979886
3.874349
3.078956
2.897935
4.550777
3.608787
4.371223
4.746848
2.738295
1.661824
1.841762
2.314623
3.528875
3.939057
2.699967
2.281683
2.791523
1.786794
3.331212
4.559603
5.895525
5.824588
4.047006
3.815327
3.956931
3.507428
3.426647
4.974508
6.092494
4.695759
3.597369
2.934221
2.620762
3.389382
4.681963
4.517451
4.911284
4.45288
4.070685
5.25075
3.040335
2.849079
4.289141
3.327636
4.93992
4.689307
4.013961
5.12193
5.291991
4.580905
4.422688
2.707118
2.469912
2.844998
2.213822
1.954039
1.354061
1.350521
1.639388
1.612014
2.60323
3.25324
4.87073
4.913377
3.795926
4.396541
4.664358
3.904429
4.336495
5.285991
4.69377
5.051585
3.51409
3.254958
3.194292
2.546275
2.443266
3.179076
3.248112
3.873203
4.357184
3.450032
3.095409
2.879138
3.121708
2.961209
3.673427
3.477031
2.755831
2.162151
2.272831
2.777368
2.526122
2.487177
1.940617
2.224989
2.158331
3.984346
2.774732
2.868803
3.624321
2.348672
3.378294
3.241486
2.326652
2.037094
2.802195
2.612173
1.903927
2.146919
3.425423
3.554878
3.101596
2.444123
2.951282
3.751957
2.877678
3.172417
2.497456
3.676986
3.063862
3.018398
2.062508
3.449706
1.920889
2.653368
3.047024
4.27722
4.438668
3.825738
6.194391
4.731108
4.812376
4.149662
3.18695
1.944524
3.667072
3.816301
4.333396
3.430012
4.205424
4.159987
3.883066
4.068216
3.589875
2.98669
2.975731
2.910086
2.814566
2.56598
3.466856
4.094859
4.369076
3.370113
3.078388
4.265133
3.669904
4.195143
3.498111
5.123585
5.80699
7.038654
7.459167
7.921529
6.968515
4.130383
4.057744
3.384268
3.406758
3.723831
2.321043
2.180616
2.247347
1.919063
1.193005
1.89436
1.908089
2.05996
2.382182
2.380867
3.429188
3.862897
4.923435
4.339947
3.828666
2.910671
1.875965
3.53835
4.029774
4.016137
2.782208
2.753611
2.107892
2.560981
2.324836
2.007341
3.171864
2.698197
3.305586
2.56395
2.358667
2.759603
2.611861
2.469912
3.099924
3.369388
5.549189
4.658188
3.700696
3.620648
4.399092
4.503838
3.854724
3.04396
3.223585
3.471034
2.474074
2.327885
4.884733
4.21147
4.072495
3.813141
3.394326
3.825868
4.31831
3.562347
2.363431
2.625754
1.98627
2.594967
2.485649
2.011792
2.808587
2.291088
2.293405
2.067269
3.146644
4.319886
2.716245
2.396694
3.42881
3.642308
3.735229
3.442935
3.464634
3.771206
4.432798
4.275741
3.927462
4.196835
2.794262
3.516967
3.06663
3.837905
3.640932
3.521492
4.565507
5.816225
4.050045
3.71478
4.736656
3.809199
3.185305
3.245091
4.28452
4.142125
3.330013
4.071357
2.340114
2.361539
1.700825
1.910527
3.489271
4.034364
4.045826
2.716104
2.823049
3.795368
3.529991
2.879056
2.299339
2.545053
2.507262
2.609251
3.11284
3.621918
3.431598
2.705901
3.388362
2.973857
1.973704
1.805806
2.885723
3.218318
3.006048
2.902726
4.046517
4.7262
4.883231
3.707686
4.027336
3.833814
3.366006
3.173644
2.827609
2.283833
4.514303
4.230908
4.641442
4.517777
3.688954
4.638967
6.476748
5.619301
4.341879
4.653105
3.923737
2.812042
4.20098
4.919756
8.668945
8.456365
6.834255
5.863052
5.113159
5.145491
4.040399
5.073604
2.78526
4.135077
6.91216
5.484699
4.015298
3.444203
3.154256
5.252455
3.013266
3.266424
5.609578
4.3056
2.980426
3.320246
3.402147
3.814029
3.315417
4.918194
4.274678
5.374101
4.80067
4.228139
6.167492
4.022817
4.793678
2.589549
2.309197
2.524429
3.263975
2.760766
1.896624
3.266224
2.893514
2.147213
1.949032
1.609315
2.189726
2.347304
2.618893
2.908245
2.664729
3.682447
3.643744
3.465459
3.795762
3.237625
2.955984
2.397606
3.07852
3.546372
2.766367
1.919331
2.947938
3.404523
3.960349
3.91494
3.885992
2.925253
3.602846
3.773561
3.114567
4.304279
3.120955
2.634225
2.533597
2.208463
2.683413
3.054567
2.785061
3.015663
4.25289
4.037092
4.392369
2.575992
2.412359
3.167532
3.435993
2.926729
4.264588
2.851726
2.938685
3.908759
3.601017
2.660042
3.970902
4.351785
4.993631
4.814689
4.960364
5.199767
7.327927
7.814742
6.008675
6.899172
5.825846
3.605796
3.427868
4.942366
4.44999
4.114979
2.893652
2.645496
2.463462
2.962224
3.357636
2.905407
4.285351
4.89258
5.114727
6.244119
6.196577
5.887972
4.436766
5.512791
5.116548
6.30314
4.92882
4.527139
3.268402
2.300547
2.858808
3.764812
2.934902
3.65648
4.115681
3.677721
4.168389
5.250259
4.305002
4.062891
4.49297
4.52032
4.207619
4.63514
3.292806
2.7659
2.654758
2.289072
2.690133
3.986287
2.929568
4.104346
4.587857
3.549131
4.006696
4.357706
3.702172
3.628489
3.405009
3.782042
5.147725
2.906835
3.024902
4.569666
5.247194
4.167984
5.149814
3.428741
2.58821
2.773358
3.791697
5.384372
4.608587
3.118556
3.980224
3.236356
2.424116
2.664016
2.530295
3.050085
2.827105
2.893203
3.312371
3.704266
3.582385
3.076066
2.583915
2.927544
3.381089
3.43001
3.457934
4.11894
4.581445
6.237891
6.486922
4.894678
4.557252
3.67023
4.659403
6.283076
6.835463
5.438539
4.856815
4.52936
4.837306
3.872292
2.866774
2.600605
3.112021
3.615296
4.08563
3.298631
3.37217
3.190767
2.697224
2.816619
2.389267
2.418041
2.854583
2.831543
3.300862
2.16524
1.997869
3.540337
2.186871
1.762913
1.93711
1.863699
1.825972
2.246394
2.716668
3.19879
2.959028
2.996059
3.196747
2.325792
2.470161
3.259175
3.969861
6.428604
5.878819
5.056453
5.212257
3.55371
4.246251
2.478057
2.972474
2.834904
2.947802
2.088607
4.628059
5.355383
4.370055
4.613134
3.268827
3.455349
2.290325
2.029407
2.878506
2.734033
2.969781
2.598573
2.464845
3.4995
2.783803
3.103338
2.96961
4.886063
4.056906
4.944143
3.467514
3.458466
3.606366
2.497145
3.328496
3.000856
3.142777
3.467472
2.891964
3.475767
4.69561
3.17927
4.622773
5.322783
4.658348
3.669758
2.875243
3.84548
4.062749
5.16024
3.249068
3.316212
3.977341
7.142631
5.400802
5.869205
4.137735
3.403971
3.059196
3.594316
3.303664
2.371192
2.813382
2.81506
3.027834
4.146323
5.626992
2.90015
2.651845
3.358499
4.868796
4.147883
4.285116
3.53252
5.090291
4.270983
3.219004
4.059117
6.360655
5.419094
3.500944
2.827409
3.680862
3.228653
3.680742
3.754455
4.939968
3.15164
4.565292
3.733169
3.79083
4.310344
4.631534
3.15433
3.391144
4.858035
4.376159
4.058319
2.947525
2.749692
2.706225
2.626344
3.734853
3.950655
5.011493
4.230667
4.98505
6.717498
8.545778
7.003339
7.174312
6.722523
7.125437
5.519561
6.383979
5.32816
6.99064
5.382431
3.576873
3.234608
2.874285
3.111767
2.678274
3.697261
4.138447
4.933513
4.691619
4.149676
4.444774
5.206031
4.101901
4.618778
5.045425
2.975299
2.661677
2.854888
3.692514
3.623731
3.590847
4.458311
4.792064
5.363245
4.978964
4.855174
5.494943
3.520146
5.41973
4.722547
5.839525
4.17176
4.144119
4.464521
4.277683
2.516228
4.308295
3.887809
5.309702
3.330543
2.104558
2.457933
1.791672
2.103356
1.861961
1.479959
2.263813
2.006624
1.87953
1.657592
1.717959
1.608382
2.626365
2.108731
2.086903
2.364424
2.479899
1.828292
2.118718
2.197034
2.283562
1.848868
2.03531
1.570429
2.322635
2.954192
3.468112
2.618322
3.088641
3.817357
3.489159
5.470531
5.627638
3.411218
3.492629
3.086381
3.306109
3.199108
1.925648
2.116712
1.564849
2.418377
3.544516
3.772446
4.465972
4.482022
4.601348
4.966619
3.694167
3.467429
5.735412
5.6473
3.55884
3.168729
2.805084
2.606408
2.300383
3.183189
3.197455
3.502825
2.541933
3.189272
2.653803
3.126322
2.756612
3.557133
2.948427
2.710105
2.74265
2.391887
2.194127
2.485982
2.139666
2.189705
2.245071
2.368853
3.321769
4.334771
4.284288
4.576964
5.777148
5.207825
4.576626
4.309016
4.85085
5.544052
6.994078
6.108979
5.830383
5.529808
5.140117
5.399603
3.57311
3.32526
3.848134
3.531009
3.10917
2.609525
3.524489
4.55727
4.636161
3.38387
3.84372
4.61429
5.567726
3.274159
4.364514
6.574614
5.747799
3.603011
2.967437
2.672466
3.094525
3.95155
4.238089
3.556987
3.104913
3.831915
4.212045
5.223902
3.606542
3.161737
4.007508
5.064168
5.881149
4.991119
4.007037
5.415013
4.299604
4.539369
3.948337
3.176248
3.775174
3.654722
5.226553
3.869866
5.352873
4.758455
3.031128
4.607317
4.615801
5.847527
4.090336
3.591172
3.354565
3.17805
2.274417
2.303439
2.376262
2.671798
2.91814
2.105837
1.619666
3.096711
4.726355
4.075245
4.749814
3.149695
3.578992
4.534746
2.709226
3.188003
4.248706
3.665025
3.866472
3.331233
3.913094
3.67072
3.844075
3.255253
3.109427
2.346605
2.985961
2.378544
2.628444
3.625554
3.273937
3.47683
4.727448
3.195386
3.554695
4.432523
6.510134
6.543659
4.685988
2.838519
3.239122
3.620925
3.153614
2.940378
2.658572
3.620593
4.40392
3.787042
3.902581
3.869095
4.889518
4.62417
3.715081
3.147081
3.351601
3.435475
3.811808
3.917383
3.524955
2.466733
3.330533
4.315622
3.494973
3.018558
3.231097
3.273245
4.128533
4.506182
4.312508
5.211941
4.429569
3.674767
3.555466
4.826507
3.45582
2.594329
3.699253
3.76778
4.11454
3.230982
2.876206
3.760367
5.673832
6.074865
5.263435
3.95561
3.278792
3.580027
3.850396
3.423315
2.569272
2.782098
3.520807
3.927356
4.68961
4.252491
4.292924
2.680729
3.186641
2.586825
2.372722
2.584939
2.120392
3.441276
3.309793
2.687914
3.297111
2.813255
3.202208
2.787088
2.081603
2.512104
2.24201
3.115049
2.823645
2.585147
2.895783
2.840124
3.063257
2.606492
1.980994
2.273803
3.39702
4.304922
3.024177
3.685647
3.474143
3.442732
4.560966
3.688213
2.277437
2.529617
3.401494
5.897208
7.135261
4.778259
3.910066
2.908885
3.158745
3.422078
3.620692
1.927698
2.225521
1.438157
1.251534
1.506596
2.163287
1.928838
1.811001
2.227288
2.661391
3.222724
2.39486
2.690227
3.511796
3.679808
2.956855
3.626285
3.479193
3.772842
4.2766
6.289589
10.50574
6.712703
5.168476
5.851365
4.467292
3.074979
4.633155
3.983814
4.560164
3.80978
5.34507
5.116993
3.766148
3.464606
3.987494
4.546987
3.821451
4.144201
3.587228
3.63277
4.942677
5.148713
4.507794
3.843085
4.217793
5.688999
4.7611
4.313976
3.761081
4.118357
4.766782
3.593103
3.995198
3.75271
3.441962
3.64255
4.109622
5.542028
3.065195
2.256783
2.171382
3.684435
5.621825
6.94903
5.87602
5.398844
6.794028
4.378459
3.718995
4.724565
2.984122
3.537857
4.761774
4.803333
6.237552
4.748752
4.931378
4.924025
8.549744
7.473877
7.210403
5.35782
3.584101
3.668265
4.019133
4.097624
3.208383
5.074802
5.25752
5.380907
4.712189
5.107854
6.251648
5.953219
4.821513
5.125096
5.236352
6.432844
5.527059
6.112637
6.927019
5.191138
6.708561
5.383076
4.508536
5.746089
4.753667
6.902992
6.263521
5.515043
3.413811
4.227356
5.891675
5.185449
6.680795
7.908354
7.443728
4.843242
4.245582
4.617055
3.832778
3.699835
3.711632
4.59726
3.378584
4.179093
3.625818
4.575045
3.825475
3.551553
3.901347
3.754196
3.500211
3.251241
3.465552
3.038866
2.910798
3.189688
2.086648
1.975635
1.32147
1.818322
2.261799
1.888459
2.190223
3.064786
2.82306
3.635753
5.051826
4.534746
3.821645
3.90328
3.544228
5.131916
4.371885
5.832816
6.413328
5.306174
3.050814
3.234996
5.007503
4.239048
2.978548
3.59736
3.776323
3.08886
2.711173
3.381032
3.509352
3.82642
4.459717
5.161066
5.718278
6.212726
5.979789
5.71854
3.070499
3.683648
3.816369
4.949989
4.192971
4.094245
5.180692
4.316329
3.759523
4.028206
4.876943
3.937572
3.268029
3.380598
2.898951
1.572829
2.122849
2.322759
3.054986
3.162461
2.728254
3.125424
2.880576
3.115422
3.090256
2.920038
2.704384
2.03351
3.225695
3.171449
3.54266
4.64169
6.412948
5.244337
5.187051
5.444079
5.377432
2.942413
2.634391
4.323384
4.11057
4.740361
3.454231
4.251055
3.79086
4.481292
4.053279
4.778347
7.224425
8.078518
4.647117
4.890309
2.995074
2.610953
2.780928
3.337088
2.329469
3.160472
4.123135
5.608393
7.096436
7.443163
5.735577
7.127832
7.576959
6.045916
4.513652
3.476574
3.621686
4.942647
6.131617
7.326206
5.17877
4.593015
4.68921
4.122076
4.661636
5.012954
6.036429
7.00148
4.155129
3.590105
2.847549
3.189539
2.0992
2.537641
2.331326
3.683016
3.706477
3.545027
4.168481
3.974743
3.061703
2.752112
3.500883
3.53586
3.194096
3.842873
4.078049
5.10318
3.372399
2.680746
2.338874
2.766244
3.948106
5.081359
5.239025
3.103049
3.410241
2.170869
2.267485
2.092045
2.181883
2.598292
2.223667
2.373785
3.388351
2.768881
2.639133
2.327538
3.354531
3.509039
5.146151
6.184924
5.244873
3.29443
3.233359
3.990142
5.096402
5.783975
5.136164
3.920068
3.365295
4.1698
4.26736
3.313093
3.808777
5.511967
3.644097
3.813365
3.584428
3.338669
4.838002
5.565735
7.364195
6.4485
3.303864
2.64987
2.412927
3.0535
2.456985
2.320803
2.661902
3.879476
4.219803
3.832932
4.515204
6.444778
5.614803
5.594261
3.779029
4.795186
5.200814
4.956226
4.188197
6.216574
6.100282
7.51507
5.21643
6.006545
7.045429
6.294252
4.502329
4.326745
4.619721
5.252417
4.668312
4.337461
3.540549
3.401029
2.448104
2.578427
3.202245
4.006383
3.501781
3.628218
4.230781
4.580239
3.892292
2.278053
2.499935
2.593172
2.701797
3.128644
4.865258
4.866876
