9.865153
10.22307
8.201085
9.584746
11.13209
9.290485
7.484415
5.536683
4.775633
4.353816
5.219555
5.060213
4.518165
6.67356
4.898983
5.123967
4.849573
3.954221
4.048828
5.560927
5.063774
7.172051
4.807877
3.468897
4.715722
5.040401
4.408692
4.393568
6.406361
9.00905
9.646825
9.147486
7.979464
6.670199
5.389622
6.011543
4.116396
5.132285
4.006289
5.54662
5.382469
5.875185
6.766633
6.251099
5.592068
4.959559
4.214476
3.679135
5.203638
7.069491
6.246144
5.476733
8.295618
6.996109
4.624569
5.894479
5.483952
3.336002
3.972087
3.040662
3.749195
3.70563
3.423287
2.879987
3.050124
4.066698
3.164155
3.75132
3.272788
3.437615
3.752962
3.059331
2.152882
2.827125
2.617982
2.780311
3.900243
4.962063
6.219308
4.55264
5.556957
5.521748
5.596568
5.337901
6.578349
5.45377
4.884215
4.71855
3.976313
4.108154
6.027531
5.425654
5.240959
3.65209
4.467175
3.996148
5.574258
7.002677
6.989275
5.278875
4.471421
6.385399
4.07776
3.502673
3.500743
2.977879
2.150008
3.14742
2.954223
2.856629
3.414058
4.298005
4.896155
4.602187
4.233931
3.48241
3.390983
5.196939
4.381367
5.124267
3.005682
3.437982
3.645432
4.026093
2.661305
2.565356
3.804891
3.295287
4.286401
4.498748
3.912964
5.308499
6.542979
5.29144
3.093564
3.825229
4.440564
2.999645
3.57509
5.731974
6.533713
5.120691
5.620686
6.288995
4.669921
6.732581
6.203126
4.33374
4.573056
3.541495
3.296134
2.936264
2.831664
3.9862
5.54332
4.929055
5.958954
5.99508
5.309203
6.69081
3.717124
5.180085
5.370112
7.693028
4.468023
4.526332
4.273539
6.588876
5.322459
4.33364
4.49703
4.495621
4.711018
4.596777
5.204921
5.597185
4.804584
3.77742
3.476778
4.341732
4.466488
3.871083
4.486033
4.46356
5.695255
6.364943
8.235786
7.499453
6.552083
5.958756
4.991189
5.588432
9.630109
9.116265
5.857864
6.032238
6.49219
6.683564
8.623722
8.272244
4.902669
4.709226
5.749452
3.825283
3.956499
5.416612
7.947669
5.774128
7.053841
6.027104
5.734804
7.71178
4.720145
4.719957
4.967978
4.990923
5.260033
3.602802
3.576509
5.385423
5.078306
5.21679
4.553691
3.690292
3.867437
3.992452
3.176136
3.71056
6.141766
9.02426
7.444983
7.098542
8.037237
5.344342
6.912694
6.351904
4.630169
4.881061
4.866016
4.877368
5.099452
3.813666
4.230081
4.402662
4.862208
4.348339
6.464919
7.055273
7.30269
5.749766
5.398473
4.934711
4.917766
4.972784
3.615395
5.697192
6.54987
5.425115
5.479668
4.748817
4.545673
4.300969
3.054872
3.363244
5.148466
5.385712
5.573291
5.928566
4.892674
4.874369
4.353323
2.901966
3.856479
4.335303
6.168339
6.39956
3.809505
3.634714
3.551143
4.012334
4.201376
3.456687
4.989554
3.23239
3.815153
5.323631
4.335128
4.434401
4.734621
4.542235
3.828473
4.449735
4.72329
6.348858
6.228382
7.161444
6.306309
7.06098
4.580581
5.761644
6.694729
8.799353
9.409178
7.924118
7.946159
5.374154
4.346451
5.632613
6.878463
5.24882
3.52603
3.437514
3.516555
4.585211
4.35589
3.194022
3.424659
3.631402
3.948204
3.968545
4.804162
4.404082
4.597995
5.321609
5.656029
5.250256
4.481686
7.295456
7.922208
6.578499
5.882147
5.390657
5.004499
3.875313
7.38393
8.544636
9.831036
7.151757
7.383922
6.412863
5.028343
5.570056
5.018847
5.314341
5.65551
4.752863
4.341251
4.01378
5.153577
7.551557
6.901704
7.567424
6.933639
4.697179
4.406949
3.070227
4.358549
5.110391
5.192082
5.334613
5.077648
3.152412
2.881946
3.118322
3.652313
4.225971
3.619006
3.801444
3.175068
3.549828
5.001074
5.938235
5.41408
7.414214
6.130496
7.198389
8.063514
9.626952
6.671612
4.892774
6.419008
5.52917
3.618931
2.68358
2.416008
2.572027
3.286605
3.614321
4.020499
3.970291
5.166139
5.227207
3.972682
3.239812
4.781562
5.189034
5.122389
5.594024
7.616499
7.594318
4.837594
5.11892
5.739966
5.00368
5.440747
5.758499
5.371755
5.802205
5.195862
5.68809
4.530616
6.321409
5.516357
4.156062
5.497905
3.863203
4.815031
3.72768
4.08472
3.264195
3.618562
4.780663
5.022318
4.686541
5.528812
6.204373
9.358621
6.941778
8.523962
8.828072
8.852164
7.133464
8.035625
9.238225
7.332887
6.059062
5.827498
4.63457
3.401423
4.547247
3.935568
3.676964
3.337884
2.948836
4.988109
7.015144
5.33848
6.660614
8.170234
7.605045
4.396022
4.444943
3.585565
4.430059
4.597547
4.100361
5.006391
2.74753
3.966612
4.193619
3.533685
3.928363
2.934379
7.004631
5.789725
6.805985
6.137726
3.357119
3.802138
5.685656
5.088869
7.419978
8.908386
9.051802
7.471868
8.903189
7.850764
6.692418
4.225357
4.524968
5.423216
5.912247
6.588657
6.268493
5.553743
3.879936
5.312733
6.024324
4.889215
5.428705
4.798092
5.155631
5.164091
3.866929
5.850184
7.10305
5.536557
5.469155
5.69856
3.787153
5.105373
4.965778
6.897045
4.117161
3.929517
3.329385
3.55496
5.260483
2.96236
2.783078
3.171213
3.523586
3.402764
3.06078
3.302489
3.880132
4.128848
3.717044
3.188576
2.883307
2.264119
2.995553
2.901959
2.752091
3.009687
3.255117
3.990142
4.195273
6.15695
4.431755
5.017336
5.643662
3.546764
4.051252
4.172062
4.105737
2.974626
4.507101
4.509253
5.051079
5.395545
5.55859
5.479381
5.120638
4.524057
4.001935
6.252645
6.839469
6.2557
6.92526
7.729254
4.992857
4.528509
3.64825
3.913997
4.361769
2.963598
2.867524
3.504766
3.681503
4.092006
3.746749
4.763036
4.740223
4.301543
4.0954
5.928924
5.860808
5.816177
5.72898
5.966088
6.887967
6.524293
5.371162
8.046508
7.393425
7.394547
6.962767
8.531153
7.795545
4.357712
3.368774
4.103337
3.246746
5.596687
5.752295
5.670687
5.8564
6.346696
7.038353
5.509836
5.663169
4.014669
4.729916
3.712077
4.39034
4.476955
6.023738
7.319053
7.0169
6.790777
6.392294
7.149963
6.840654
6.381181
5.99887
3.84901
4.083494
3.29262
4.493877
3.881957
5.534328
4.907662
3.832606
4.375406
4.504323
2.813473
3.574074
4.016993
3.138928
3.041754
3.00664
3.618464
3.124971
3.836884
4.444853
5.54846
6.746079
6.166682
4.459473
4.994255
3.440556
3.648333
3.180392
3.910741
5.148372
4.12
5.261445
5.694867
3.477546
4.820216
3.456646
4.167231
6.293221
9.941859
11.17789
11.25857
7.306572
6.645942
5.306632
4.065766
4.104027
4.637618
4.181422
4.738648
3.566201
2.58688
3.639659
3.523623
3.97334
5.190903
5.511827
6.479918
5.441223
6.344013
7.451271
6.494752
8.441508
6.931477
6.005073
4.947961
5.161471
4.905059
5.264733
3.922925
6.392651
6.596159
3.850003
6.258206
7.548123
10.77944
12.34344
11.12335
8.099227
7.099206
5.795305
7.107113
4.290971
6.430479
4.991012
5.632341
7.172983
7.848968
5.149194
5.433834
4.886106
5.387384
5.667759
5.058579
6.4454
6.987872
6.509145
6.051161
5.187
4.588205
4.557422
4.326635
3.876041
3.518701
5.03716
6.090265
4.7023
4.280002
6.758166
6.159209
3.811314
2.509066
2.371398
3.078587
3.503372
3.224336
6.134204
5.471166
5.446694
4.8833
4.472333
8.424869
7.12876
6.720978
6.355947
6.926455
5.455834
6.35968
5.735316
5.985524
3.291228
4.206465
5.797008
5.956957
4.273908
4.279899
3.949431
5.285095
4.098143
4.82132
4.943752
4.052389
3.757004
4.02883
3.829526
2.908987
3.753527
5.561686
5.589736
6.991855
5.664084
5.735358
5.082223
4.84924
4.778796
4.883205
4.353395
5.898006
3.889745
4.889552
6.08887
6.137999
4.669004
3.906101
6.157811
6.548567
8.407293
8.098019
6.111606
4.067062
5.442456
4.851689
4.898805
4.827842
3.297808
5.268773
6.905075
5.148244
4.308699
3.615657
3.781723
5.216498
3.8373
4.948595
3.664476
5.54014
6.990894
6.062592
5.808112
6.598824
7.77232
6.603495
6.327791
5.498862
3.75129
2.97554
2.18058
3.054838
3.613306
4.771768
5.591829
4.674937
4.680499
4.103345
3.793591
4.432821
5.112491
5.229461
6.719317
6.925564
5.831065
6.800918
8.981418
11.49739
8.455023
7.832042
7.407936
5.513318
6.051078
5.99492
4.361982
3.084549
3.96367
3.570381
3.148895
3.166165
3.39501
3.396555
3.737329
3.660274
3.332248
3.484803
3.731902
3.353224
4.154372
4.669581
5.050199
5.629176
6.08957
7.0549
8.844205
7.139033
4.903012
4.997842
4.337418
5.162281
6.319138
4.487875
5.379649
5.887142
5.814305
6.966573
9.319384
8.217164
8.547808
10.5709
5.984353
5.022575
3.795496
3.62398
3.685738
3.94648
3.180841
2.783509
3.050835
4.148644
6.17229
8.102671
6.354898
5.214593
6.801108
4.423501
3.795457
3.717624
3.480721
4.512692
4.270096
3.153142
3.474672
4.139387
3.581578
2.451497
4.808853
4.669772
3.989771
4.706356
5.521292
6.078686
5.433527
6.720103
5.586289
4.746992
3.891488
5.439189
4.835546
4.110309
6.434798
4.946893
6.295489
4.806637
6.385533
6.788895
4.540526
4.555381
3.736977
5.297555
5.904446
5.08775
5.440336
6.227947
5.328528
5.029327
5.354092
6.734259
5.391829
7.136954
7.531803
6.127641
5.847535
4.796197
5.710058
3.800369
2.975758
2.853682
2.675059
2.742396
2.870374
3.100859
2.497254
3.146236
3.650289
6.359154
5.623725
4.377365
4.177072
3.604662
4.985718
5.906092
8.479762
5.434094
5.264951
5.455325
6.349782
5.977902
9.089313
11.94874
7.776943
8.33705
8.26078
6.272445
4.297054
4.767348
3.89731
3.058188
3.895923
4.650393
5.42218
6.009786
8.683735
8.89521
9.393158
4.823457
3.085581
4.886094
4.727345
7.654769
8.738951
6.834983
7.724711
4.085454
4.044072
5.598548
4.676087
4.916896
4.241885
2.840554
3.929275
3.880535
5.658004
4.4323
6.729662
5.370124
3.805617
6.806837
6.077005
5.160687
4.705483
5.248966
7.121568
5.686994
5.188432
3.50217
4.468557
6.121657
4.399701
4.760798
5.508514
4.18422
4.994611
5.705188
5.84623
4.811825
6.564713
4.842149
4.102371
3.8159
3.019795
2.339046
2.142498
2.221223
3.267521
4.022695
4.639143
4.679558
3.690018
3.819602
4.052326
6.363229
5.0554
4.594409
3.141428
4.066065
4.489263
4.276787
3.740166
7.897128
7.148361
7.997623
6.857952
5.746407
4.266975
4.405667
3.927648
4.801175
8.737297
7.818689
4.952022
4.525111
4.640382
5.353794
2.832385
3.970796
4.506877
5.126211
3.891081
3.474759
3.940594
3.266026
4.669258
5.377249
6.951182
6.343693
6.808249
6.376743
5.83599
7.265
5.398547
5.697582
7.745506
5.854933
4.649603
3.627559
5.181191
4.444545
5.11743
3.745821
4.605911
3.983588
5.766463
4.682042
5.327265
4.268511
4.952693
4.551035
3.815079
3.638836
5.572142
5.235332
3.12011
4.263696
4.887098
5.485581
5.081012
5.517113
4.226459
6.345567
6.526674
5.882875
4.318013
4.218825
3.381907
4.070315
4.336959
4.020047
3.985322
4.252696
3.512327
5.559299
6.291936
9.517945
8.227886
8.097659
7.042116
5.216689
5.829601
5.13239
6.224304
7.746499
5.502671
6.487883
5.086321
4.765722
3.443098
3.42151
4.256363
5.281014
5.401781
6.755659
9.525089
7.948338
7.73704
6.352702
6.119501
4.575606
4.657415
6.386993
4.833588
4.587329
4.769289
5.262751
4.873328
5.213475
5.761088
5.876231
7.576
8.204016
8.215717
5.576826
5.277008
5.435852
5.117767
3.05539
4.0921
3.667067
4.475315
4.001038
5.35122
4.473103
4.172133
4.078286
4.370581
4.83669
6.300129
5.049361
4.454106
5.390093
5.054393
5.243858
5.257743
4.569076
5.771987
3.238541
4.506344
4.385204
4.748818
4.902389
5.207451
4.161142
4.018656
5.700899
9.758677
8.146904
7.521902
5.662671
5.699218
5.179027
5.673553
6.497007
6.099717
7.092819
9.335707
7.502764
6.346999
6.280282
6.561849
6.407258
8.354016
6.798921
6.350495
4.048999
2.913236
2.72853
3.134246
3.359389
3.893207
4.578479
4.788513
4.601378
4.372861
3.674405
4.379652
3.186139
2.444971
3.11389
2.66235
3.214758
4.374008
3.471352
4.615811
3.697653
2.22835
1.84963
2.087997
2.623968
2.989661
2.562144
3.259116
4.153769
6.225853
6.778474
5.637888
4.265821
5.629568
5.903998
6.182566
4.822944
3.831026
5.087628
5.464149
7.059021
6.040556
7.647105
6.483404
7.195295
7.290009
8.74293
8.084488
7.281447
8.116284
9.872653
8.940196
7.32483
4.888265
4.470089
6.327871
6.501654
7.606299
4.989861
8.385202
6.956462
5.357865
5.348934
4.858451
4.671626
5.688605
5.312547
5.286786
4.365253
3.892948
4.701275
5.548395
7.54451
5.404817
6.646006
7.527089
6.036548
5.268305
4.793473
6.902142
7.135332
6.975111
5.961588
8.352541
5.614871
7.796368
5.59721
5.021819
4.210867
5.841188
5.796863
7.791116
4.349029
3.975873
4.774192
4.428778
6.086388
5.684873
5.547644
5.733056
4.331866
4.397781
3.577341
5.125898
7.219882
7.494807
6.288413
4.98335
3.276716
3.216158
2.588696
3.272431
3.926036
4.81386
4.094298
3.000163
3.301626
3.92179
3.712829
6.842665
5.699419
7.576435
5.559154
5.214097
5.940434
3.661459
3.163076
4.989975
3.334202
2.879935
2.905507
3.919003
6.133392
5.593748
6.270061
7.305062
3.736525
3.991166
3.624163
4.792233
7.043649
7.509073
6.865168
4.302311
4.499928
3.845655
4.132063
2.969358
4.187313
3.29047
3.643779
2.635564
3.5217
3.838277
4.17467
2.813645
4.360019
4.776149
4.347714
6.494389
5.341193
4.848948
4.968713
3.887095
3.636715
3.794396
5.526992
4.441435
3.87375
4.280891
4.336195
6.166081
4.919537
4.039497
3.91647
3.991618
3.47642
5.32164
4.115941
4.036067
4.075473
4.440394
4.624234
2.776009
3.633171
3.080451
2.935581
4.901436
5.536673
6.683582
6.302692
4.347737
4.496765
5.142584
4.510349
4.372868
6.353288
6.740976
7.971175
5.697201
6.458037
7.87711
5.513558
3.032389
3.183445
4.155634
4.186983
4.19242
4.325422
5.877431
6.17571
5.552972
5.335216
4.920049
7.072606
6.662553
4.482231
3.898904
3.29756
4.089397
4.77744
4.724681
6.106976
6.857823
6.01357
6.090301
4.34796
4.315502
4.370995
5.550849
6.928563
8.947116
12.30962
13.63597
14.09092
10.02643
11.07474
8.179408
4.18275
4.044547
4.320374
4.367822
5.105562
5.710978
5.717976
5.283836
3.772569
3.87449
4.365079
4.157442
5.600649
6.133353
5.425335
5.576817
3.893627
3.874949
3.367738
3.481627
3.577448
6.009858
6.477898
6.011741
5.761992
7.089654
5.569023
5.460677
3.772576
3.504605
3.941053
4.273334
4.124311
3.671962
4.261257
4.896603
8.175456
5.650311
6.633505
4.770658
3.778952
4.053473
3.381082
2.906284
3.802765
2.947008
3.018478
5.202662
5.960803
5.703233
6.193888
4.653024
5.33707
6.483457
4.707028
3.819072
5.172936
6.88223
7.031029
6.601131
6.449468
6.479376
7.28841
9.652191
6.610203
5.537249
4.719879
4.304697
3.939853
3.737912
4.359795
4.871276
5.07176
4.594571
5.565591
9.069474
9.17293
5.60454
4.756963
3.746763
5.427732
6.255585
6.26421
4.811251
4.184063
3.51826
4.072622
2.950598
3.389525
4.270328
3.396092
3.005307
4.307165
4.532552
4.054847
4.543204
7.471262
7.108966
8.764873
7.114812
4.886169
6.110714
6.225353
7.078169
6.456555
7.714629
9.370992
8.97355
8.362284
6.856581
6.17883
4.521176
4.958243
4.990471
4.349265
3.332971
4.280225
4.553157
5.021931
4.681136
4.812043
4.859207
4.895566
3.316201
3.328519
3.588142
5.80904
4.204306
8.448071
10.13714
10.05404
7.360701
4.687598
4.63412
4.19191
4.710329
4.942065
4.822603
6.787291
6.524313
7.602036
5.169844
4.961169
3.945084
2.966718
3.722911
3.574425
3.176127
2.679413
3.7543
3.469258
3.91653
5.406813
4.443806
4.544733
4.982675
6.571193
5.674255
7.303801
5.700706
6.796381
7.100017
6.604705
7.182997
6.36616
5.754224
3.996395
3.246345
5.48816
4.246851
3.755692
5.237547
6.611531
4.926293
4.014197
3.970114
6.147874
5.051242
5.2665
6.012977
4.72673
6.477149
4.975584
5.222464
4.39618
4.747508
5.786864
6.139445
4.041276
4.261922
6.554762
6.419184
4.361679
3.896988
5.116912
6.216419
6.668587
6.235876
4.754657
7.146877
4.850544
3.918726
4.13233
3.849324
3.246606
5.031875
4.445841
6.083398
3.746883
5.548164
5.480026
4.977151
3.896453
4.63333
5.885711
6.148488
6.86533
4.624078
5.339621
3.902754
2.845367
2.291
2.29939
3.135181
4.366275
4.492837
4.194909
4.160836
3.801727
3.494343
3.462577
5.534421
3.628409
4.475015
5.017864
4.300756
3.382568
3.075773
3.517655
4.128393
3.741631
4.477862
4.364986
6.641585
4.923686
3.699632
3.899588
3.984073
3.9147
4.14101
4.353685
4.818307
2.932219
4.268257
3.973543
4.262297
2.86192
3.387747
4.637289
5.786987
6.846179
6.536392
4.472576
5.312545
5.142338
6.068018
6.590207
6.314683
4.783012
6.225334
8.107584
7.724784
5.907321
4.474595
5.808835
5.504241
3.549086
5.878448
6.331956
7.245975
8.934492
7.411072
11.09164
7.592105
7.659029
5.606449
5.935131
5.455961
3.862736
6.220526
5.680842
8.982686
6.843747
5.355487
5.457121
5.578849
6.877722
4.993127
5.092615
3.602181
4.327197
5.436176
3.452991
3.088298
3.027454
3.385158
3.423111
4.245843
4.041043
5.849698
2.994737
2.210073
2.323467
2.348446
3.124659
3.881748
4.084794
5.241615
4.69542
6.674848
6.951867
7.885129
8.335375
6.58942
6.987186
6.645666
6.022703
5.700286
6.769275
8.703071
8.807729
5.632427
5.679144
4.413528
6.236262
4.353238
4.147729
4.404845
4.460125
4.331219
4.086267
3.683574
3.279127
4.252481
3.154368
4.014665
2.780245
2.647163
2.674777
2.310951
2.829676
5.592711
5.289665
3.501227
3.977952
5.309564
4.81547
4.959821
4.026764
4.539553
4.340129
4.959233
4.786176
3.866306
4.659089
5.379017
6.095816
5.707528
5.278232
6.529703
5.989078
5.539811
6.927665
4.596471
5.820483
5.872578
5.520052
7.329079
6.354931
7.111636
6.099309
4.982826
6.019847
4.803797
4.487975
8.059505
6.786001
6.133543
5.50938
5.944958
11.43162
6.588485
6.04441
5.430128
6.103091
4.20878
4.231723
4.416809
4.895982
5.109286
6.277627
4.262525
5.334702
3.510337
3.274286
3.098777
1.948024
2.051894
2.599023
4.692749
5.356132
5.384621
3.621988
3.803745
4.019073
3.407507
3.073415
3.73322
3.006606
2.684286
3.90847
3.635177
4.197718
6.529017
4.598032
6.548112
5.502022
5.59077
5.076749
6.426733
6.418283
6.952388
9.616367
7.992979
6.851266
8.477186
4.817176
4.050948
2.729286
4.686099
3.920527
4.679543
4.613117
6.680203
6.590314
7.058984
7.159595
6.050917
5.764061
4.978794
4.940724
4.279319
3.869351
4.706496
4.483283
4.000967
4.175992
4.120231
3.613776
4.643096
4.600299
5.227282
6.394175
5.386976
4.819824
5.49165
4.793096
4.512062
2.936913
2.678134
3.694484
3.208082
3.341639
3.249855
3.788391
4.217081
4.694014
5.156011
4.290788
5.047949
5.692589
5.552161
4.097314
3.286104
3.1351
2.466705
2.943344
2.641669
4.320289
4.117594
3.375055
3.928218
5.652394
3.892496
3.746749
4.038332
3.679019
3.06124
2.618974
2.697301
3.169382
3.256441
3.272205
5.296921
7.556658
6.078701
4.981177
4.772011
3.942458
3.93857
5.318485
4.770529
4.229355
5.609875
4.572651
5.283312
5.549896
4.428874
5.496851
4.37924
6.683198
6.790762
4.573677
5.627862
5.929319
6.685032
4.202477
5.494
4.979885
4.467543
4.328679
4.235739
6.222021
5.065361
5.281242
5.73969
5.935498
5.699913
4.945612
3.777089
2.377889
3.268712
4.006278
4.075168
4.15339
3.918561
4.607957
4.589535
7.005215
6.043383
5.399138
5.48985
4.718792
4.210432
5.148591
4.201247
4.865301
4.530882
5.082701
6.705754
5.086225
5.837114
7.260239
6.911572
7.608457
6.0611
3.530001
3.498546
3.69273
4.045271
5.379436
3.812825
3.173328
4.505567
5.109
5.574268
4.915982
4.528414
3.134374
3.065276
2.285086
2.409042
3.86541
5.060855
6.045923
3.96453
3.235581
3.53813
3.609521
3.363846
5.16245
4.226666
5.479447
3.649401
3.443749
4.134156
3.884839
2.665315
4.35724
3.42588
3.30362
4.512975
5.498092
3.57607
2.611867
3.258332
3.942396
3.214421
4.433971
4.588154
3.388592
4.3108
3.670644
4.867092
4.126057
4.257032
5.586991
4.84344
3.679875
5.805927
5.223705
5.609141
7.1399
5.412697
5.981228
5.473225
3.474028
6.328295
6.895366
6.189787
6.569414
5.374277
8.279657
6.210941
5.355626
5.575755
3.87721
4.07415
4.974973
5.852839
6.545725
4.656838
5.665147
3.8916
4.5715
4.137982
4.11272
3.138638
3.916538
2.821442
3.525116
4.006271
3.975557
5.194544
4.7743
5.388722
4.566999
4.03352
3.996197
4.957525
4.467685
4.925266
3.892829
4.779533
4.979502
6.270105
6.370368
5.624843
3.76591
3.105175
2.988638
3.741429
4.477761
4.244122
5.855314
6.186374
6.265472
9.255072
9.67776
7.823736
9.193147
8.897398
8.469188
5.240218
4.455907
3.331144
3.609595
4.053574
4.527104
3.975317
3.350861
4.040279
6.324212
6.20343
6.257013
6.663038
6.243924
6.198407
5.561345
6.964263
5.857616
7.240471
7.796504
6.116169
3.857744
3.850111
3.999825
3.67001
4.439356
4.815013
6.199904
8.031155
4.87925
5.148556
4.871776
5.222467
6.750429
7.275883
6.303203
4.548298
4.124841
3.886373
2.972351
2.346293
3.390949
4.795178
5.658003
4.980787
4.589203
4.776214
6.526414
7.034466
9.314498
7.229683
7.106916
4.605153
4.21161
4.542663
3.427797
3.192758
5.12084
4.900956
6.494774
6.75677
6.638059
7.168338
3.940933
4.321563
5.606431
5.296706
4.705946
5.06706
3.469491
2.970414
2.795066
3.659551
3.766918
3.493998
5.106141
5.626202
5.435304
6.224078
4.668435
3.882555
3.038881
3.783917
4.303312
4.833486
4.354105
4.499717
9.240016
8.984723
10.29255
8.571271
7.362103
4.847391
4.509448
3.608242
4.978081
5.131695
5.820203
4.110203
4.378331
3.915817
4.194202
5.146532
4.453412
2.929634
3.023364
4.121193
5.837801
5.618619
6.26286
6.272927
5.45137
5.289188
3.593712
2.342638
2.025056
3.419894
4.544218
4.653926
5.014577
6.599721
6.499641
5.172295
9.098307
9.431149
9.968334
5.759339
7.465728
12.96663
11.4439
7.25804
6.452786
6.537626
7.295016
6.127816
6.20182
5.510058
5.51664
5.004442
6.237239
6.330504
7.48267
5.213054
5.363121
5.466296
5.551024
7.372101
8.326264
8.937475
6.961842
5.556992
3.61441
3.359006
2.74224
3.116898
4.21097
5.003077
7.240541
9.666855
6.463883
5.639889
6.841652
8.43053
8.722739
9.339908
6.351038
6.430687
6.93993
6.245451
4.891495
4.594429
4.741251
4.264339
5.420499
4.573977
4.72988
3.474266
3.857476
4.451963
4.50929
3.279328
2.813375
2.762252
4.898958
3.398611
4.348764
5.439723
5.047854
7.473276
6.172849
4.108496
4.481828
3.757124
2.888492
3.793032
4.961171
4.312685
6.699299
8.065165
6.874736
6.473908
8.1044
6.930308
3.917029
4.21649
3.403705
3.412874
2.906509
2.702336
3.816923
3.839331
3.524541
2.612909
2.575293
3.436583
4.720755
4.262261
3.786962
3.068616
2.761852
2.47745
3.608178
3.769808
4.313679
3.841992
4.165111
4.039262
4.647744
3.888223
3.490797
5.022649
3.624593
3.672508
2.722483
3.0162
4.466537
3.430449
4.170633
5.389797
4.838857
3.639339
5.57066
8.374849
7.927984
5.219017
5.747395
5.076952
3.839995
4.326511
5.258581
5.440519
5.053293
4.888404
2.746763
2.336195
2.95497
3.222813
4.020372
4.066643
6.260972
5.471594
5.314643
6.209945
6.427428
5.432828
6.645033
6.161019
7.169827
6.927759
5.105969
5.401938
4.483999
5.936941
7.318633
7.59566
6.439516
4.538901
4.906011
4.16749
4.241729
4.367002
4.029463
2.779357
2.541678
3.072444
