27.19057
26.92137
26.50347
25.71526
25.91063
25.9571
24.31026
24.90853
24.78831
24.87997
23.5009
23.76039
23.92655
24.28683
24.65043
25.49889
26.05766
26.14609
26.39532
26.87625
26.76484
25.59969
25.83706
26.54871
26.39243
27.29265
27.20314
28.08114
27.81836
26.96767
27.23522
26.87896
26.41644
26.02292
26.91399
25.18794
24.81012
24.83221
24.20326
23.8917
23.37954
23.22058
23.49886
21.70399
21.51448
20.95932
21.535
22.09237
21.69762
22.60484
22.88015
23.16961
23.28096
22.19973
22.32639
21.73146
21.38097
20.51853
20.52479
19.78718
18.64665
18.02173
16.68001
16.23037
17.1384
17.7426
18.55268
18.14685
18.73952
17.96202
18.34414
18.64607
16.85774
16.90131
18.66804
19.00722
18.30519
17.67313
18.52845
18.36176
19.08326
18.11771
17.16854
17.39894
17.95676
16.74122
17.16442
16.32315
16.58338
16.53107
15.97454
16.68086
16.25728
16.90895
17.40004
17.70207
16.53434
16.32658
17.19231
16.37479
17.22033
18.88362
18.99148
19.03986
19.24938
19.96056
20.43905
20.02497
20.53634
21.02304
20.95266
20.81193
21.20598
20.98138
21.33638
21.44719
21.14144
20.83837
21.24341
20.97802
20.6239
20.44377
20.39991
20.62637
19.83243
19.24192
19.44206
19.83776
19.84018
18.51589
17.9357
17.12871
18.22379
19.89794
19.55682
19.6335
19.53328
20.29972
20.80389
20.38167
19.51799
19.10922
18.58524
18.20297
18.74345
18.46327
19.46274
19.75541
21.07211
22.0358
21.92406
21.97162
21.56712
21.81467
21.54599
22.18651
20.74503
20.36121
19.36547
19.12365
17.9375
17.31007
16.56345
16.62134
17.07753
16.07163
16.50727
16.40648
15.86035
15.28678
16.51078
17.37446
17.1913
17.94859
17.76519
17.57582
17.69111
17.23648
16.45644
17.85527
16.66965
16.6605
17.27687
17.06319
17.25974
16.82518
17.25348
17.26868
17.5927
16.50326
16.33886
17.05502
17.11475
16.16715
17.47296
18.02373
18.14197
17.51052
17.04235
16.04377
15.40807
15.11014
15.74801
16.10421
16.39005
16.69888
16.13415
16.12478
15.17594
14.3272
13.78537
14.09646
13.41707
12.91107
13.07032
13.60419
14.52953
14.29474
14.59337
14.34904
14.69812
14.54467
13.56809
13.55414
12.93388
12.72019
12.48893
12.63862
12.725
12.54211
11.75989
10.89446
9.887579
8.791886
10.23482
10.08263
8.842181
9.199353
9.767498
8.44256
9.592981
9.705573
10.8439
10.04673
10.9811
10.53084
10.19855
10.87679
11.09486
10.42291
10.65335
8.939856
9.959297
10.83829
11.06255
11.06241
11.37989
11.513
10.86031
10.67675
11.50379
10.56489
10.38634
10.83523
10.93452
10.49109
9.170271
9.577061
9.030178
8.119689
8.70122
8.942695
9.232614
9.676076
9.664869
9.333922
9.345311
8.718098
9.115267
9.508708
10.12109
9.528081
8.549302
9.760335
10.04138
8.968828
8.548157
9.807659
10.9084
10.89626
11.60806
11.30366
10.83547
11.60763
10.6201
9.637986
10.56754
10.03359
9.049782
8.689284
8.976528
9.886748
10.53358
10.54222
11.61752
12.2526
11.95592
11.56801
12.02993
10.81342
10.86012
10.98945
11.3672
11.87908
12.19785
12.00504
13.72449
12.77429
12.72998
12.8169
12.82831
11.91382
12.1694
12.37959
13.25134
13.54648
12.58351
11.90576
12.22673
11.45075
12.07748
12.21062
12.08492
11.58607
12.56185
10.77922
11.28593
11.93999
13.05203
13.25181
13.75476
13.35622
11.58708
11.24487
12.0749
12.3375
11.75773
11.92968
12.17024
11.22651
12.17726
12.52011
12.82527
13.07978
11.60626
12.1869
12.41608
11.12844
11.44646
11.97395
12.97076
14.28058
15.23165
14.95862
14.58907
14.80205
15.8524
16.01653
16.62322
15.91903
15.65677
15.65967
16.37746
15.25975
16.17196
15.5099
15.80623
16.85563
16.17309
16.32606
16.23235
16.0664
15.92292
15.65429
15.07749
14.51625
14.79708
14.23878
14.0425
15.32776
13.7647
12.4341
13.28432
12.58649
12.68785
12.60332
11.72014
11.35788
11.45441
11.35446
11.71416
12.34773
12.19494
12.05623
11.59769
12.18879
12.75481
12.39737
11.74456
11.75277
11.15686
11.6753
12.42813
12.1786
13.42613
13.64906
14.93053
14.64389
14.87242
14.57795
15.14884
15.26095
14.85657
15.27065
14.3818
14.04712
13.71854
13.90194
14.85344
15.47758
15.95079
16.59927
16.50879
15.11931
14.30754
14.93681
14.72325
15.24882
15.78247
15.00906
14.43477
14.81167
15.34695
15.43074
15.61925
15.75089
16.0209
16.95185
17.52218
16.70396
16.57235
15.66005
15.24228
15.89347
16.17052
16.54106
16.89392
16.64842
16.68614
15.54736
15.8361
16.28473
16.33679
15.66775
15.83601
14.89043
14.63039
15.78505
14.43142
14.91555
13.41029
15.12493
14.45319
14.00434
12.35404
12.08217
12.70316
13.41992
12.526
14.22256
14.36124
14.4703
13.0507
13.97036
14.82916
14.64964
14.54723
15.67417
15.50188
16.05741
17.04942
17.3227
16.84093
16.85585
15.76135
15.35135
15.57625
17.38932
17.17967
18.19611
18.73158
18.01349
17.9122
18.68818
18.70046
18.28448
18.44232
17.91228
17.60319
17.44581
17.7515
16.45535
16.45131
17.1559
17.1625
17.36242
18.07611
17.72458
16.30907
16.90422
17.01959
17.79829
17.59846
17.82087
17.79388
18.3172
17.80295
18.52632
19.48328
18.5037
18.21288
18.86306
19.40015
18.88915
19.81712
20.91883
20.93836
21.3002
20.66745
20.89137
20.23118
21.06209
20.2659
20.15255
20.09212
20.63401
20.31027
20.09109
20.59434
19.86693
18.93389
18.42423
17.35983
16.79031
16.34375
16.68664
16.05327
13.81173
14.21277
13.74803
14.33933
14.03465
13.26197
11.93539
12.078
13.14819
12.97055
13.20582
13.28585
14.01877
15.26556
16.3312
15.95112
16.20784
17.07049
16.985
17.51304
19.13419
17.50972
18.229
19.56232
18.67417
19.87779
20.1735
19.99566
18.8422
17.95228
17.2393
17.38883
17.04102
18.12383
17.79211
18.65671
18.19595
18.93503
17.79407
17.10102
18.07122
18.62528
19.98974
19.69586
19.89993
20.39845
22.31293
22.33444
21.02878
20.54086
20.49806
20.36643
20.97772
20.8422
20.83305
20.71933
21.81008
22.59199
22.7874
22.86569
21.99354
21.96638
22.83208
22.97799
23.14117
22.68045
21.91708
22.72434
22.6901
21.79836
22.30688
23.90336
23.95213
25.23975
25.18133
25.51813
25.08894
24.32277
23.67319
22.83052
23.73442
23.72756
22.84554
23.35603
23.15788
22.79063
21.74154
22.4841
22.98227
22.57986
22.86028
22.56262
22.83389
23.35977
22.74561
22.52414
22.12346
21.86729
22.94606
23.73903
23.27175
22.63879
21.66966
20.40987
21.20335
21.09887
22.30482
21.83611
20.81469
20.75991
20.71562
18.87095
19.23228
19.0795
19.79959
19.74069
21.02474
20.7933
20.32971
20.49466
20.74682
20.78112
20.91126
22.13399
22.05898
20.76643
19.69315
19.11865
20.1624
19.05158
20.46326
21.13941
22.28889
21.94739
22.85218
23.67745
22.8395
23.32789
22.79492
23.57999
24.19999
25.1006
26.84782
26.54247
28.19238
28.37226
28.41713
29.00329
29.34043
28.88019
27.86368
30.20722
30.68552
31.32914
30.0632
29.48684
30.00379
30.82141
30.22145
29.99096
30.06853
30.50643
29.8927
30.52437
30.35521
30.99371
32.0157
31.9846
32.24273
31.08493
30.10907
29.65298
30.28855
29.55901
29.84526
30.65258
30.7053
30.0709
30.46648
29.2492
28.93937
29.46595
28.96985
29.62971
29.24026
29.75017
30.60401
31.07533
30.75626
31.4208
30.83132
29.4014
29.62676
27.75088
27.56454
26.6994
27.14904
27.5562
27.3099
28.17026
28.54312
26.92895
26.77132
28.4708
27.44269
26.96876
27.44011
28.00265
28.10317
27.93255
28.85833
29.08879
29.28413
28.58645
27.74717
28.55285
28.25193
28.62917
27.88865
27.88765
28.01567
27.83305
27.89042
28.50742
28.00322
28.28381
26.12091
26.25481
26.01553
25.65629
25.06892
24.28048
24.70808
24.71944
25.45846
24.30231
24.00156
25.74965
27.32316
28.08271
27.92864
28.91593
28.96392
30.29638
30.30169
31.39228
31.30494
32.04942
33.50237
33.94981
33.5479
33.53086
33.40367
34.84879
35.33956
34.76898
36.26499
36.25228
36.47083
35.85734
36.67314
36.48997
37.06733
38.43963
38.92829
38.20639
37.96941
38.75971
40.0139
39.63895
38.98783
38.86315
39.53024
39.30021
37.93507
38.70805
38.87158
38.6546
38.4865
36.93215
37.70911
38.84659
38.0959
38.986
38.73288
38.45018
38.40753
39.35023
40.02402
38.78488
38.49879
39.54067
39.52262
39.62479
39.23558
39.76539
39.49319
38.47411
38.07728
37.43163
37.36459
37.84836
38.63958
38.20128
38.53819
38.96668
36.81576
35.8782
36.35507
35.23827
35.87677
35.92015
36.21354
36.40424
36.98063
37.86337
39.32937
40.39021
41.82815
41.38787
40.66255
40.10074
39.72173
39.48944
39.34411
39.6006
40.07687
40.32049
40.93095
41.76612
41.6304
41.90796
42.71502
42.73925
43.08823
42.81592
42.66341
42.55662
42.67421
41.52916
41.56736
41.6036
43.19974
42.63911
41.89785
41.55205
41.43631
43.5339
43.76907
43.09031
43.50947
42.74309
42.69547
43.33812
42.82699
42.11597
42.97389
42.12594
42.88512
42.42402
42.50384
44.17066
43.55504
43.68731
43.47522
43.06875
44.2861
43.60606
43.81587
44.79293
45.1344
46.18442
47.29124
47.11904
47.44417
48.14786
48.02088
46.61314
47.0732
46.60527
46.60061
46.42593
47.16089
47.34209
47.22309
46.96081
46.97471
46.68877
47.40092
47.96612
47.69117
48.9295
49.10508
49.56425
50.62064
50.06826
50.44511
51.81991
51.84084
50.94403
51.83621
51.18333
50.87885
52.7535
54.45376
54.55454
54.04052
54.01003
55.3556
56.90869
57.29634
57.58844
56.57947
56.39753
56.75533
57.52024
58.23978
58.03483
58.48486
58.40623
58.30524
58.76681
58.36464
58.91009
59.32707
59.61305
59.80861
59.65025
59.51908
59.58813
60.47602
58.94916
60.59033
60.72603
60.58631
61.01442
60.24821
60.84285
60.88853
60.68295
60.26327
59.62533
59.12092
58.66183
58.56102
57.83928
57.07829
56.79235
56.04336
56.84233
55.9615
54.59278
55.57626
56.4504
56.4022
56.86977
57.17526
57.32565
58.68142
58.32775
57.85684
57.68903
58.22164
58.30044
57.66651
57.06085
56.87148
56.34084
56.99198
56.0125
57.07522
57.74754
58.29445
58.70108
57.93655
58.15695
58.7543
57.74095
58.18833
58.94974
58.9181
58.50416
58.68787
59.95658
59.04308
59.4571
59.6763
60.98325
60.94476
61.10475
61.05917
61.77093
62.84578
63.21167
62.89943
62.59881
61.76173
62.90987
63.42508
62.87523
61.9951
62.16193
62.59214
61.5979
61.30142
59.93696
60.26092
60.27092
59.97643
60.85553
60.52717
60.06737
59.27033
59.94219
59.29699
58.35515
57.89356
58.59683
58.21201
58.90705
58.32196
59.02407
59.17895
59.16911
58.48704
58.70795
58.26427
57.01438
56.66058
55.67488
54.81673
53.84923
53.54179
53.41862
53.0417
53.09328
51.92848
52.00183
52.40642
53.91377
53.50406
53.17484
53.752
53.79019
53.79329
53.76722
54.87639
55.21714
55.96121
56.07551
56.18851
56.23919
55.43946
56.82083
56.32579
55.38882
55.16236
54.77896
55.59281
55.19886
55.672
55.34733
54.60043
54.79886
54.45787
54.13553
54.63033
54.33835
54.35596
54.39095
54.16216
54.71415
53.90589
54.26962
53.3497
52.67946
53.74159
54.23435
54.98298
54.29286
55.76909
55.49949
55.63513
55.71267
54.05837
53.9576
53.15453
53.37593
53.1608
53.42529
52.43085
51.93056
50.72783
51.93142
51.86151
52.26649
53.46538
52.93544
53.60099
52.02547
52.95403
52.76504
53.1354
53.99277
55.10512
55.13401
54.99466
55.43116
54.63112
53.39362
52.73455
53.26526
51.58745
50.87281
49.97526
49.53251
50.34296
49.9726
50.18318
50.61968
48.66361
48.95462
50.06756
50.04697
50.16415
50.64167
51.62332
51.43524
50.47887
50.12746
49.30912
48.43972
49.15403
48.37216
48.728
49.11906
48.13606
47.92055
48.53183
48.07676
49.18747
49.32585
49.64714
50.24858
50.46633
51.20024
50.92594
51.09839
51.42715
51.10548
51.12919
50.8276
50.51805
51.34316
51.19257
51.47415
51.41892
50.56548
50.57482
52.0184
51.00347
51.75847
51.3801
53.4214
52.54842
53.18122
53.14834
52.53296
51.35213
51.73334
51.76711
51.44932
50.82801
50.64729
49.85236
49.48062
49.49963
48.54564
49.03778
49.92885
49.29247
49.59559
50.15053
49.79735
50.03295
50.68001
49.67303
50.27358
50.47781
50.04008
49.70375
50.58865
51.15166
50.02036
50.68576
49.62701
50.47956
50.72686
50.99222
50.70336
50.33419
49.94989
49.91862
50.09618
48.95425
48.06204
47.26878
46.81655
46.69094
46.48804
45.54314
44.08963
43.69397
44.03818
44.6815
44.88302
45.61365
43.94351
44.7596
46.00042
45.36413
45.21682
44.44401
43.52392
42.53604
43.19913
42.11232
42.0646
43.55955
43.69474
42.33042
42.00363
41.69887
41.84862
41.75328
41.04605
40.58928
40.95238
40.5209
41.05224
41.68083
40.50634
39.80713
39.1636
39.59917
39.04747
37.7939
37.54414
37.33647
37.61194
37.35722
39.07146
40.24631
40.52728
42.12243
42.41324
41.63453
40.97272
42.74277
42.6827
43.33791
41.94966
40.76554
39.84885
40.06263
40.19728
40.93097
39.84952
39.86445
39.43796
40.21238
41.03427
40.76599
41.39398
40.84223
41.12508
41.11409
41.4853
42.10975
42.36077
41.88968
40.38588
40.43655
39.17794
39.41794
38.7929
38.37152
38.61393
37.39522
37.22811
35.89611
35.66031
35.84215
34.7725
34.55679
36.03029
35.7336
34.73399
34.39984
34.04957
34.41241
36.38682
35.83856
36.48565
37.8422
37.81847
37.46269
38.12437
37.84074
36.06299
36.72693
34.76192
35.23052
36.51961
36.79211
36.81436
36.6333
36.85606
38.61463
38.48314
39.82479
40.73832
40.15372
41.36764
41.54733
41.51564
40.71215
40.54572
40.56507
40.53036
41.98517
41.82502
41.65875
42.34299
42.7918
43.85647
43.33383
44.0146
43.3684
43.07622
43.69058
44.06797
43.37381
42.67977
42.4676
42.63039
42.88286
43.54062
45.02016
44.48329
44.69069
45.36793
44.62563
44.94131
45.27461
45.28289
46.21348
46.95911
46.45228
46.42386
46.21297
47.19011
48.24628
48.46324
48.36158
47.19215
46.28129
46.86319
46.9716
47.57825
46.12332
46.59772
46.60401
47.32691
48.58129
48.93069
49.79057
49.34445
49.15262
49.45915
50.12618
50.13062
49.63422
50.41538
49.7838
48.71136
49.14829
49.7251
50.25187
50.32606
50.96227
50.88684
50.65488
50.42905
50.4905
51.13066
50.31026
51.6
51.74194
51.93646
53.05326
53.0058
53.72746
54.13033
53.80497
52.87752
54.5993
53.57007
53.29484
53.56105
53.17477
52.44512
51.4765
50.54841
48.48772
47.64303
47.11963
47.76585
48.07884
47.84974
47.19603
47.03642
47.22737
46.9635
48.028
49.52739
48.95951
48.60495
49.31497
49.53305
49.40216
49.68903
49.51806
49.54115
49.09261
50.25715
50.80451
50.20373
49.24763
48.48448
48.35948
48.08679
48.203
47.71017
48.44779
48.7431
48.8048
48.33246
48.1956
48.67085
47.92605
47.17624
47.81059
48.06842
48.50724
48.00377
48.85977
49.14478
48.50913
50.41473
48.26697
49.08754
49.86961
49.53263
48.83088
49.36485
48.48696
48.40693
48.76965
48.8588
47.80526
46.3456
45.82973
45.22368
44.2903
44.36389
43.82257
44.99462
45.2231
46.24838
46.1205
44.98279
45.14965
45.97659
45.65342
45.38903
45.7063
44.69668
45.0648
44.22051
44.02641
45.07556
45.19812
43.94312
45.11854
45.42099
45.2492
45.23022
45.56435
45.79942
46.05139
47.58787
48.21732
47.86711
48.09076
47.03281
46.28246
45.36219
43.92257
43.79784
44.38814
45.28656
44.27566
43.79875
44.01659
43.18186
42.60987
42.84767
43.2903
42.93279
43.42345
43.24439
43.94313
44.52523
44.12835
44.11902
44.37397
45.73949
44.99551
44.44736
44.34366
43.09919
43.15115
43.46234
44.0506
44.31358
43.32991
44.05733
43.33902
43.2992
43.61964
42.92788
41.26934
41.85885
41.70757
42.0884
42.68636
43.14815
43.10176
43.07889
44.51527
43.90796
44.43531
46.08473
46.0797
45.7093
45.08202
45.77384
44.71881
44.18847
45.47914
45.65494
44.51573
43.00755
43.08626
43.82583
44.96636
44.7256
45.95547
45.73476
45.86481
46.01419
46.95105
47.30363
48.43158
47.3834
46.58398
46.56421
47.4828
46.89852
47.15211
47.14832
47.38315
46.40046
46.86166
47.55833
45.90453
46.28479
45.65859
44.59892
44.52835
44.29349
44.32417
44.76668
44.85899
45.57789
44.78991
44.30022
43.31156
44.56162
42.95701
43.3901
43.17704
43.91503
43.7987
44.35397
44.89167
45.91188
46.23276
46.66359
46.64808
47.71488
47.43013
48.26238
47.17221
46.76433
47.09847
47.56674
47.41914
47.87523
48.41217
49.53336
48.67745
49.0301
48.31677
47.71508
48.02799
47.28987
45.79113
45.57753
44.59749
45.20905
44.7686
43.91749
43.63986
43.81761
44.42843
45.1223
45.94239
46.36975
47.04742
47.35119
47.01225
46.5054
46.45682
47.16097
46.81443
46.88389
46.41081
45.39354
45.5874
44.91849
45.0873
45.20076
45.38899
44.80726
43.41127
44.35306
44.89913
46.38742
45.32172
45.18518
44.65992
44.29166
44.45419
45.75062
46.38873
45.55439
45.27262
43.89336
43.61049
43.33423
44.55865
45.22942
45.27628
45.65324
46.11518
45.01266
44.30136
43.94706
43.98995
44.58335
45.67178
44.38611
44.29443
44.24107
44.94004
44.68482
46.03087
46.77384
45.82552
46.38794
46.99291
47.4225
46.37676
44.10908
44.54443
44.39177
43.51046
43.47469
43.74354
43.9026
44.14687
43.34887
43.64998
44.99918
45.26889
44.98357
43.8523
44.80069
44.87634
44.05131
44.41471
44.81436
45.20524
45.20925
44.78057
45.99171
45.68063
44.85442
46.01703
46.07845
45.67463
44.74163
45.75168
46.29053
45.89537
45.59394
45.62071
46.29013
46.25938
47.62464
47.26557
46.04027
47.01172
47.84724
47.76951
47.641
47.76859
48.53061
48.05684
48.0098
47.51717
46.29891
46.34004
45.77539
45.93585
45.66178
47.03
46.14671
46.37632
46.74705
45.9482
47.27804
47.57559
46.82139
45.8013
44.59688
44.77393
43.39114
42.97779
41.2229
39.86977
40.60203
40.47515
39.45276
38.32628
38.72176
37.66422
37.8991
37.27252
37.69936
38.6814
38.52649
38.05311
38.40568
38.92108
40.05888
39.65408
39.24388
40.63633
40.38137
41.08925
40.26586
39.34262
40.47857
40.1175
41.20574
39.33982
40.0875
39.34765
37.95997
39.40726
38.33547
39.19324
40.25617
39.97901
40.14187
40.1537
38.92454
38.66646
39.00258
38.30845
36.64176
35.94538
36.57234
36.47177
36.97825
35.59131
35.1302
35.3007
34.47083
33.96698
35.81531
35.23635
35.26182
34.98513
35.14184
35.92783
36.23949
35.15932
37.19205
37.51941
37.11763
37.58122
39.01622
39.8641
39.05454
38.14292
39.32654
39.46175
39.54127
39.99872
39.33028
39.37967
39.17814
38.36293
37.62265
37.77007
38.26822
38.38843
36.62105
36.46366
35.49785
36.34847
36.65606
34.65921
33.4994
34.06179
33.87256
34.14756
35.18289
35.57627
34.95807
36.05203
36.56362
36.68264
35.81009
36.68522
35.6234
35.98795
35.16407
34.76542
34.52155
35.00832
33.83057
33.33318
33.62229
33.53849
32.53102
33.59051
33.24045
33.43124
32.89315
32.40494
31.43039
32.43641
31.53023
30.9068
30.53595
30.92682
31.76307
32.29639
33.36408
35.01569
35.35747
35.05677
34.53623
34.09105
35.43032
36.53479
35.52943
35.68954
35.87109
33.79283
33.97336
33.08624
34.12783
34.13973
33.7954
33.34181
33.44508
33.19182
32.14142
31.74913
31.2928
31.06469
29.66455
28.63654
28.67569
27.82966
27.96393
27.29113
26.97656
26.52944
25.93049
25.69643
27.19212
26.71954
26.82282
27.7607
27.9211
27.90583
29.10381
28.27455
27.96605
28.86936
28.70262
29.23229
29.26834
28.71622
28.31132
28.23005
27.10688
27.29904
27.413
27.5314
27.32037
27.20156
27.67561
26.43954
26.11778
26.5841
26.51379
27.22995
27.02917
27.75256
27.63552
26.65402
26.26158
24.99713
26.08458
25.61203
25.8463
25.95567
25.38074
24.57754
24.41984
23.31085
24.14239
24.91388
25.50942
24.48344
24.99784
24.5539
25.21652
25.84679
25.28561
25.50679
24.81277
25.50229
25.01722
25.33639
24.61058
24.91524
24.75216
24.54302
23.66426
23.8541
23.66249
23.04454
23.1654
22.76033
22.86456
22.52623
24.68536
24.12038
24.52706
25.6816
26.36164
26.9374
26.71039
27.56245
28.18774
28.15563
29.03909
29.29979
29.54937
30.10677
31.23103
30.53446
31.41174
32.41794
31.71501
31.0209
31.27797
30.89923
30.3164
31.07301
30.52771
30.88271
31.45969
31.10483
31.66209
30.12922
30.33564
29.72618
29.34508
28.35688
28.76068
29.27827
28.5544
29.71351
30.10162
31.02202
30.79413
30.34204
30.01915
29.44024
28.77016
28.89518
28.89061
28.17105
27.91454
26.79588
25.56169
25.39058
25.10159
25.07045
27.25964
27.79124
27.97551
27.27436
26.49616
25.9407
26.15933
26.63818
27.21527
27.57018
27.99251
28.45961
27.79409
26.89155
26.13866
25.7705
25.84961
25.81223
26.54373
27.55068
27.68077
28.87169
29.36774
28.23279
28.13917
27.49984
28.79458
29.28634
29.41902
29.1444
28.38886
27.39325
27.54153
26.42938
25.82765
24.33955
25.06637
24.90165
24.77288
24.42037
24.72387
24.30764
24.48077
25.18038
26.94303
27.22973
27.81244
27.47127
28.19865
28.81886
27.58024
27.58896
28.07403
29.06659
27.33516
27.92867
27.62777
28.81015
28.50788
27.50293
26.82637
26.9283
26.14944
26.75951
27.3427
27.6458
27.07835
27.64693
29.4069
29.50705
28.79818
27.41053
27.50679
27.10205
25.96371
25.21118
24.25151
24.57494
24.13633
24.56997
25.86393
25.89792
26.14908
27.28342
26.23755
25.56202
25.33945
25.13168
25.6873
25.41271
26.94405
26.99334
26.26641
24.38813
26.05258
25.31983
25.93753
26.58581
26.85601
25.5259
25.62281
24.97283
23.46508
24.79692
25.52129
25.12311
26.94508
27.68366
27.71359
27.96617
27.41028
26.79062
28.24868
28.6287
28.01392
28.48176
28.73166
29.289
28.628
28.01154
28.25108
28.02014
28.87936
28.66072
28.92117
30.31223
29.27966
29.23875
31.04698
31.57551
31.06105
30.46761
31.38165
30.42013
30.97864
30.94086
29.94223
30.39331
30.20565
31.11851
31.17997
31.51294
32.15095
31.95359
31.70766
31.90963
32.39652
30.9836
31.12735
31.28313
30.80264
30.96308
30.80251
29.26065
28.64162
28.14819
27.91979
28.82093
28.45613
28.66523
28.61568
29.24865
30.11471
30.34919
30.7713
31.02033
30.71006
30.56969
30.79226
30.90189
31.73369
32.72233
32.14542
31.48174
32.2436
32.69613
33.22168
32.52362
33.12652
34.71848
35.12342
34.56092
33.78289
34.38177
35.9514
36.43016
36.34412
35.40965
35.93269
35.8936
35.77893
35.85932
35.31225
34.96497
34.5429
33.76238
32.68665
33.33925
32.69701
32.43384
31.33674
30.43215
29.67703
30.26665
30.53008
30.94745
30.71773
30.28192
30.45087
30.45984
30.01081
29.70187
29.04753
29.57714
29.89912
29.70403
29.85
29.93218
29.54291
28.63889
28.27349
27.92072
27.50473
26.52756
27.40503
27.45363
27.70962
29.00305
28.51701
28.65033
29.6137
27.93845
28.56139
28.5641
27.94825
28.65585
27.51268
27.51433
26.78305
26.44975
26.42565
26.67588
27.75624
28.10243
28.19347
28.22427
28.82289
28.33956
27.71483
27.71486
28.86634
28.55149
27.72491
28.31072
29.08338
27.41687
27.66041
28.24287
27.42742
27.88905
28.05949
28.83031
29.45338
29.24168
29.81762
29.39244
28.42197
29.43163
30.29703
29.751
29.15706
29.07604
28.70739
28.37408
26.84117
26.34318
26.47635
26.97767
26.57555
26.81284
26.55884
27.0618
27.41511
25.66711
26.58126
27.09802
27.32689
27.64696
28.41694
29.09535
30.48934
29.62945
30.79359
31.82244
33.02255
32.39085
32.58733
33.23579
33.40409
33.29611
31.56777
31.27134
31.56045
30.59662
