6.249477
9.481347
9.165569
8.799536
11.56723
11.49952
9.441636
12.03145
13.22674
14.88594
11.63088
11.43368
11.97113
8.465062
7.657365
7.594003
8.51915
7.48146
7.246632
10.25314
12.56313
11.54755
12.93355
17.31866
20.54668
22.06722
15.52277
18.89745
22.75558
21.07311
20.60491
18.4034
14.2991
14.81178
11.44367
15.71864
9.739555
6.715313
7.212505
8.307024
7.519897
8.470434
8.98835
9.361923
10.87481
8.819024
18.08226
16.35634
17.5045
14.95753
15.32517
15.413
19.31976
14.77975
12.22504
9.399742
10.79463
11.72434
12.62315
10.86158
15.28032
16.84751
18.6376
22.36177
17.66225
17.83703
11.79066
15.58653
18.25107
16.98929
12.31433
12.18156
12.07723
10.79871
13.95997
9.737531
11.81886
10.42631
9.123802
8.025081
5.689524
5.39311
6.096535
6.544076
10.06285
9.294326
11.41634
9.755958
10.09514
12.88108
13.50453
15.03982
21.74937
20.45616
16.13791
12.42318
10.13069
6.219277
6.299394
7.550891
8.055433
9.57117
11.33176
9.780283
10.01762
9.752066
9.935359
8.146297
9.693743
10.00873
9.754227
8.696948
12.48337
10.61179
17.20689
13.75906
13.69959
13.45112
11.51598
14.29528
24.39688
19.08134
15.07826
18.59375
22.95278
23.69499
20.96784
12.65981
13.90361
10.26904
15.6705
13.77739
13.47862
13.94275
14.80817
17.32701
18.68338
17.12602
14.4325
14.06273
8.869594
7.675223
9.461522
9.348622
8.8801
9.140652
9.076492
9.174767
10.00241
12.63373
14.73075
13.82603
14.69054
16.36938
13.39042
12.31762
12.08836
16.63703
14.7022
12.55986
9.187421
18.30672
16.17191
16.38297
17.6867
15.5079
17.07507
18.94861
17.41582
16.87169
12.2305
10.93559
13.17917
12.70712
13.55194
9.987496
11.23123
14.28133
10.03068
8.770767
8.371194
9.282894
12.07427
8.775195
9.333098
9.570817
4.922886
5.839121
5.350095
5.32827
7.160014
6.517826
4.167378
4.250598
4.477987
4.37081
6.198818
6.047176
5.291083
6.515406
7.160527
9.389845
6.540645
6.710905
6.945957
10.18772
9.84162
8.55612
10.39899
10.55107
8.746315
8.549876
9.80384
8.306265
8.074361
9.002128
8.530624
7.219751
6.837189
4.801983
5.796893
7.028177
10.5329
10.11257
14.23081
14.70992
14.6119
14.80886
12.65906
11.36414
15.10484
16.41074
12.34346
14.75246
12.03122
10.21685
8.702766
13.9008
12.2307
11.85273
12.65452
14.84619
13.27257
19.71487
21.85651
19.07363
14.88944
12.89192
15.13024
15.31444
12.58188
12.69004
16.44473
11.15781
11.94793
12.52071
13.47673
11.06283
12.70838
10.73461
15.52554
12.38302
18.13429
22.51745
15.24871
22.90992
22.3119
19.29625
13.20746
18.46663
19.15455
11.86223
11.70464
12.08771
12.0876
10.4395
10.97392
10.41967
12.5824
12.79137
10.63531
8.58287
11.96119
11.40301
12.106
13.31936
11.40447
13.20905
11.53383
5.929773
5.298258
4.715542
7.510331
6.464382
7.525921
8.362797
8.035301
8.165921
8.32176
6.954057
5.86072
8.137478
9.888913
8.866979
17.60496
17.36292
17.27543
10.14302
10.8422
11.16077
10.76076
9.907712
9.942186
12.63595
16.81335
16.36818
15.81479
17.31943
13.30515
10.03872
13.56891
15.88813
25.84247
25.9416
25.05239
17.66379
15.67465
17.14087
18.55505
15.79603
13.17694
11.00826
11.8326
8.997789
12.7369
16.07584
13.65304
14.8165
15.37877
10.89951
10.823
9.892408
9.777609
10.85432
11.57256
10.70187
12.38354
9.49218
19.8019
14.87569
14.87343
17.86371
16.14443
15.16548
12.18057
8.138009
8.179026
11.48222
10.32875
12.4218
11.51922
11.13773
10.76619
12.12208
11.89658
10.31938
10.69164
12.07465
12.00075
12.03864
15.07136
14.27813
13.92675
9.756201
9.811386
7.350724
7.93094
7.446422
7.575828
7.09432
9.013481
10.40312
10.08146
11.43538
10.69178
18.57061
14.00006
11.33241
11.08992
11.97364
12.84266
18.70504
16.92373
18.51527
13.04251
13.54845
14.12695
18.0911
16.81073
13.78939
12.38773
8.504352
9.468078
11.4988
16.14918
17.57447
14.43627
14.91695
11.07074
18.6978
23.063
19.80945
19.27951
19.39453
14.06396
10.01662
13.49408
11.49653
10.66897
12.35425
15.83611
16.97636
15.31806
24.69464
14.41439
15.93857
13.69891
11.65395
12.48976
12.42269
13.76834
12.95577
11.16624
12.01797
12.04515
11.04314
11.12712
11.03232
11.29862
12.09725
13.29076
13.56553
16.97212
12.70427
9.494599
10.48093
12.69221
9.601321
10.84797
9.059647
11.27412
8.486029
9.651078
12.58353
14.01843
10.03772
15.84088
15.49588
15.95321
16.31193
13.91959
14.04638
17.50486
19.454
15.36698
12.94375
11.49104
13.33548
16.09996
22.07312
21.16395
24.97392
15.03538
14.0345
8.486513
11.32908
13.55406
16.11675
12.23181
10.81882
13.23806
11.05123
10.09502
10.14143
9.488531
8.733259
9.144571
13.17551
10.98801
12.98897
10.3592
11.98017
11.14136
8.714328
10.78324
10.88135
9.801969
12.72101
11.7849
9.41841
12.12662
18.66782
19.99701
15.71031
19.24523
16.95736
13.28762
13.1695
12.34334
10.07331
9.241217
8.543958
7.150591
9.44611
11.36652
17.02554
13.0517
16.14325
22.14798
13.2989
18.10986
18.08317
13.01385
11.60253
10.99957
12.12999
16.88448
15.62475
14.71303
11.26865
10.7496
11.02919
12.6454
18.10971
16.55976
18.56309
18.42571
18.23996
16.75126
18.48455
12.58842
10.77471
13.94414
20.78139
17.5939
20.54735
18.10915
16.94321
10.10187
8.638875
5.424546
7.664086
7.815604
7.570548
6.434521
7.191567
6.828543
8.068283
9.216625
8.919583
15.07652
15.29306
16.61828
15.42202
15.18211
11.20408
11.69591
13.25292
17.52381
14.41661
12.19559
10.68789
9.103629
10.60531
10.96238
10.60315
10.15119
10.01853
11.23419
9.478477
11.3585
11.7445
11.20144
10.30054
9.810432
9.677479
10.60052
7.907575
8.311605
8.879156
10.43464
12.36831
11.97356
14.15673
11.25839
9.947181
15.00265
14.34863
10.0692
8.646107
7.176963
7.713646
11.80481
9.634334
9.170787
11.3377
11.13931
10.85692
12.32302
13.57671
15.09676
13.20973
16.65357
16.99153
16.98143
13.62196
12.77903
19.74377
20.31683
18.43459
14.83904
21.89709
19.60795
16.67313
22.80894
22.80133
14.35369
14.24816
14.51383
10.30494
13.13114
16.38703
16.15987
17.50799
15.31464
14.86878
19.20393
21.39844
15.87089
15.64431
14.33667
15.52283
14.30077
18.36469
18.62028
10.73767
10.03723
8.441857
10.50328
8.81134
9.289382
9.044548
9.051888
11.56337
9.378107
7.491154
7.612636
12.83292
12.64703
15.42197
12.90001
13.58691
12.99946
9.707678
9.029537
8.796715
8.130836
7.363272
9.406948
11.284
13.15519
13.04403
14.95344
16.02487
26.6134
17.25568
24.20868
19.36965
21.21957
16.05144
13.65851
11.39528
10.00699
9.979797
15.61801
14.63507
19.25324
12.90593
14.37483
12.02709
14.91823
15.56459
17.04927
15.5823
15.67583
12.96665
10.59785
9.017743
9.09317
15.2069
16.32445
15.30308
10.64822
13.09151
13.45747
13.9084
13.56076
10.04242
6.536235
7.2807
7.684726
9.98039
9.118246
11.6342
13.2045
9.097297
8.584456
7.694647
8.963618
10.13817
14.7677
16.28632
13.58184
15.4887
9.978463
15.08291
13.66317
11.68309
9.240051
9.251195
16.64744
17.24786
15.62953
16.3856
22.69946
21.27187
17.34365
16.84411
10.84195
11.15446
14.94108
18.25222
16.45363
14.27817
14.01997
15.52211
11.12639
11.63897
15.06394
18.01366
15.45432
12.17242
9.615487
7.353383
8.449825
9.295844
10.64106
9.584036
12.25448
12.85415
13.63961
16.70973
13.66986
16.20762
12.77068
11.62163
9.023587
11.00737
14.44294
13.45239
18.36789
12.65677
10.30615
15.06618
16.21413
9.690278
8.644448
8.286449
8.331815
6.767975
10.77834
11.75957
14.03797
13.30258
10.91805
11.81039
9.085611
11.05594
11.46442
10.39589
10.62164
9.479599
13.412
7.894301
7.712138
7.282993
8.267973
7.512961
7.081743
12.31233
12.31447
10.95289
9.344943
14.8127
14.63631
11.39134
10.72689
8.534082
9.146734
6.586813
4.946321
4.843407
4.231036
6.886911
5.778185
5.714205
8.390828
10.94396
11.83237
20.85923
19.75544
16.81301
18.08982
15.07477
15.76954
13.12844
10.71602
14.51247
14.24311
13.159
14.28695
17.70648
14.10184
11.18645
16.3329
13.86512
11.91358
12.74945
11.8781
12.22179
13.2536
14.74479
18.4688
16.45396
20.37718
23.83081
20.74313
23.19569
18.76957
15.57334
14.61899
15.21305
18.85124
13.99329
12.4202
14.11354
11.87461
11.23864
11.2992
14.14908
15.6507
13.44546
14.61094
14.39508
17.81663
20.79345
26.34883
24.9003
24.87924
19.35089
18.85032
18.36455
15.90756
15.98796
17.76207
14.17029
15.31856
10.23867
8.596774
10.1646
8.012982
8.960464
7.653686
9.9423
12.55645
9.295497
7.368586
6.120121
7.409367
6.204471
6.500064
7.978982
10.08821
12.13685
13.66223
16.64531
16.06202
21.84463
17.99249
14.18197
13.93637
15.83411
15.35155
10.03267
9.155736
10.02768
10.34708
12.94308
9.7033
13.39639
11.91522
11.47239
14.62418
10.21961
9.329423
11.51443
9.751402
12.18104
9.971227
8.082008
7.342418
6.598176
6.542632
5.517398
5.718244
7.554787
6.836573
6.681125
6.50375
7.820538
6.585922
5.832933
6.890773
7.065936
7.053409
6.181246
7.286766
5.901374
5.784285
7.110306
8.908096
9.320252
9.498871
12.11031
14.79876
16.57017
15.63315
18.33067
19.43132
15.14917
11.88776
11.05123
11.62255
9.146073
10.51559
16.45916
15.03794
19.8888
16.55092
22.60626
14.93057
13.61179
21.90434
22.46334
23.9021
21.27024
18.78341
12.71683
12.89013
8.187988
9.930148
11.49684
14.80643
17.76689
22.30089
17.70732
9.629869
8.827555
8.674927
13.41482
9.742251
12.25221
14.61247
14.99465
15.38052
13.60556
9.322372
10.29872
10.74049
13.54664
11.14984
12.23187
11.53343
15.99853
13.05249
12.54472
9.728499
8.962898
8.345623
7.838421
12.1707
10.35024
10.83086
14.52264
14.16192
17.11986
17.23416
19.28609
19.65232
13.80517
12.65247
9.632985
9.702475
6.980314
10.86206
9.832522
9.938442
11.55777
15.73971
11.38809
10.15571
8.634831
8.225757
7.56453
8.564751
9.896165
10.09661
11.83691
12.22442
12.1606
15.85015
17.33513
22.83402
17.52861
14.75342
20.09669
19.92705
22.58208
16.27859
19.50878
14.80658
11.68231
14.02924
13.86542
14.12043
16.26469
15.81761
11.61749
14.31929
15.5494
12.92752
14.7222
13.0744
15.32392
13.97505
12.72112
11.22983
14.67062
14.04765
17.44309
16.35527
13.31751
18.12814
15.85361
14.486
13.23921
14.44649
14.18249
17.14649
15.992
15.61302
17.58154
21.25999
16.90028
16.7652
17.67084
20.68622
17.04846
11.14329
12.08996
6.553454
7.069402
7.078215
9.839747
7.43492
7.106051
9.619971
12.0512
13.10944
12.28313
14.38881
14.04041
14.97673
9.918717
16.45757
13.55004
9.920551
9.508503
11.67265
13.13304
13.89756
16.1678
12.93014
10.76107
12.43161
10.54781
9.576123
11.65743
11.76014
12.56373
11.76002
11.74168
15.38072
10.03455
11.13728
11.18
12.31081
13.37144
21.38286
20.69172
13.77711
9.915657
9.539328
9.304515
11.09513
11.20739
13.10302
14.22862
12.25095
15.84289
17.7295
14.98987
16.14816
13.62395
18.19234
15.51554
12.91599
9.98357
9.252607
13.59325
9.186151
10.15256
13.39477
14.26404
9.67456
14.09079
12.71422
15.09479
17.72257
17.6348
15.30655
14.45162
16.3416
13.47343
14.8457
21.70634
19.69104
20.07552
16.24776
15.78518
17.77556
20.5863
23.14898
17.47717
13.17394
12.87155
8.027341
8.485192
8.523974
11.49718
10.95792
8.128931
9.112261
9.639727
9.442255
8.763003
12.26888
13.45517
14.44343
12.32335
15.95094
13.27806
13.32119
14.79005
15.98159
16.46708
14.18613
9.090589
10.60245
7.954956
7.008601
7.244675
5.336948
6.971319
7.103092
6.640486
7.900556
7.634487
11.21622
17.82285
14.67405
14.75081
17.4073
14.87551
13.54937
13.58546
10.24173
12.24107
16.29727
11.30803
10.95227
12.79093
14.31279
16.04824
12.0367
15.35399
13.29184
18.9937
11.55717
13.46777
15.56547
20.7619
11.71423
13.06702
10.99413
12.58771
14.39225
9.680527
11.61297
11.0473
12.43428
12.5294
12.9278
13.99751
20.26405
18.67186
23.89384
30.14372
22.77428
19.62417
19.56934
23.13208
22.80737
20.09511
16.55555
18.96249
13.28112
10.287
11.22743
9.671388
7.60666
5.132473
5.619714
6.848889
7.17633
5.548392
4.260237
5.832084
8.530861
6.810453
4.741854
3.978145
5.727088
5.723751
7.18323
8.50479
7.698828
9.954772
6.177633
6.425894
6.090507
9.606169
8.56082
8.708282
7.358294
7.607248
6.995089
7.864723
8.956145
8.027156
8.616721
9.033855
8.814154
10.81234
16.07086
17.92006
17.29013
17.96536
18.83782
18.80951
13.46081
11.9368
18.50325
10.2202
9.845759
10.0332
19.36923
15.76981
8.901147
11.08666
11.85867
10.35413
9.457233
12.6044
12.03379
9.91179
8.8414
8.547857
7.706931
7.621639
9.643425
8.472543
6.926023
7.124409
9.555817
7.62033
10.20107
13.5666
14.33867
15.43301
12.96044
10.1188
8.249425
5.444061
6.238112
8.56411
13.3897
11.89303
13.71559
14.88297
12.70906
18.19634
14.94011
14.2732
16.4139
15.89008
17.60865
12.09725
11.03819
12.4218
9.287872
10.63998
12.83693
13.19308
13.48678
14.38035
15.09222
15.32672
14.85386
18.06138
13.30504
9.319854
10.92456
13.07769
17.46499
18.68314
21.53434
17.78533
17.2441
19.22889
17.69061
16.27203
14.2347
11.02832
15.66488
15.18111
10.64646
6.385943
9.012437
7.408335
9.654017
10.64701
8.837116
9.085156
9.55502
12.60897
9.806216
8.283102
7.134763
11.42605
11.78907
14.25843
15.40684
14.60915
13.48799
15.7739
12.05841
13.40906
14.47569
15.2957
14.03834
18.39406
15.08775
13.63702
12.98602
16.7753
13.70136
12.41729
13.12735
12.03079
12.78291
16.04416
16.98748
12.56133
15.86306
18.45179
19.72815
23.86524
18.66505
23.05142
21.27887
18.43591
15.06204
17.58131
24.12203
15.26733
13.20402
15.23259
13.63537
11.56015
14.90173
13.33929
13.91429
13.28678
12.82683
11.83922
12.3053
14.97829
18.6294
17.79096
10.74846
12.21247
11.62364
13.18685
11.18898
8.036048
8.628515
8.975959
10.47683
11.70423
6.864364
6.857255
8.255989
7.218896
5.77948
7.208713
11.77376
10.62471
9.328117
13.46958
12.4882
14.00616
9.399437
8.411108
12.58719
15.8038
14.2691
16.33625
16.16884
16.24454
11.89378
19.30314
21.27605
22.73671
19.19389
15.2217
18.8215
20.87567
15.16235
21.35346
25.84153
17.19955
16.60694
16.70319
15.74597
11.68485
9.770345
9.420179
6.083648
5.722724
10.20706
11.89275
10.38341
9.11819
8.611458
7.907247
7.441468
5.517968
8.823524
6.678107
6.988483
7.88728
10.17426
8.76392
11.66221
14.71844
10.31857
10.27225
9.670064
10.59568
10.66835
10.21473
15.67389
13.96727
11.02638
15.56694
19.93253
14.91788
13.90601
12.2548
18.79059
13.55469
15.76144
16.18039
14.45219
17.68424
18.00903
18.48868
16.36399
18.84882
17.0072
17.90404
10.46306
8.96826
10.94703
8.103185
7.217777
6.480193
6.007938
9.065402
7.760334
11.08386
8.472072
8.294838
9.064412
6.626889
8.18413
8.772206
10.1765
11.86951
11.31898
15.16137
13.14387
14.40008
14.44065
14.34501
14.53929
11.58978
15.50055
13.46265
13.38691
12.10667
12.24704
9.882652
9.537608
11.03785
9.192693
7.603911
10.37666
9.869217
11.83484
15.39454
15.29324
12.62494
14.55178
12.32868
15.67282
23.3585
18.7979
12.55544
17.90475
14.14568
14.71995
14.21074
11.6607
12.83321
8.760339
6.618527
5.534803
5.503808
3.6234
7.218028
8.091641
6.431221
10.34303
11.3296
12.38596
11.05144
10.1233
9.961658
10.07061
8.770501
10.64789
8.464191
11.08582
14.79477
16.97952
14.49564
17.31033
14.20254
14.66885
12.2217
11.53642
14.35792
8.889401
9.474464
12.70227
12.52308
15.08997
9.714108
14.16893
13.03755
13.23986
16.90653
17.03392
13.81747
12.35443
12.31339
10.51552
8.138847
9.639902
9.078216
7.902041
8.555918
9.71962
9.214856
9.138985
13.52992
13.26042
9.736041
9.165893
14.38925
14.461
17.10237
12.47084
10.2988
12.96683
13.50952
16.18501
16.95239
21.94199
15.58766
12.78783
15.92781
11.35194
12.04404
9.904418
8.534899
9.702917
11.07149
16.53919
19.96754
15.93011
13.2005
12.42247
13.52428
13.68142
13.54177
15.29541
9.476632
9.041361
9.218604
9.370514
11.83198
8.415856
10.09748
14.3322
14.94933
14.43684
11.73443
11.05781
10.29683
11.36969
13.18046
8.780784
8.082156
13.00221
12.08785
15.78878
8.287902
11.55261
11.54211
7.757987
7.331008
8.863423
11.15751
15.13977
13.86585
15.87362
18.43144
15.98201
10.67798
15.02234
13.87322
11.42335
14.1098
10.1643
8.554094
11.79805
9.792757
9.338673
12.62373
14.74549
10.49344
9.871492
10.53964
11.50313
12.78361
13.55205
12.69895
12.56162
13.86658
14.5322
9.667459
11.41467
16.50986
12.51541
10.85109
6.927561
8.360367
7.000518
8.240535
7.235854
5.164948
7.737278
8.749301
8.534929
5.542301
7.787033
11.20502
10.0009
15.08776
14.59376
20.61093
16.55635
12.29354
7.563564
7.820283
9.850834
7.996018
6.166659
6.016629
8.998944
11.94369
14.06207
11.44125
12.18325
11.12478
17.34514
16.10395
12.95084
17.94834
18.97081
25.40645
21.54952
23.35914
17.48362
15.59182
13.32237
10.25154
15.95547
12.10875
11.98635
10.62975
17.00959
15.11688
18.86415
13.8635
12.88965
11.67877
10.23751
14.42001
15.93195
10.17204
10.81829
13.92328
10.25005
13.04449
8.513498
6.906426
5.565885
6.529177
14.43857
12.7367
11.30103
11.22326
17.1106
18.82146
14.75468
16.29506
18.33765
11.2648
14.7615
22.38856
21.05853
20.20174
18.47913
18.15738
20.80874
13.7877
14.12789
20.13709
20.91321
16.58101
22.19811
18.98848
19.8915
18.60537
9.542376
12.54178
10.47816
8.506371
8.664318
8.884437
10.94178
11.90459
20.2786
19.35177
13.54201
13.25972
19.00038
16.371
12.22905
17.39186
15.62464
12.4325
14.91003
15.69313
15.90914
21.67892
16.01974
23.35746
18.97691
16.91707
20.66469
12.44907
11.80515
10.27862
8.790319
10.06225
7.437409
5.134132
3.85371
4.123279
5.02865
6.1088
5.268921
8.387124
7.099704
7.580059
10.39939
11.92285
12.52519
11.901
11.97731
14.99914
18.89515
19.12162
12.36348
7.509168
12.74921
18.76605
15.55285
16.79978
21.11273
16.38857
16.60003
11.92685
10.65692
9.697611
12.01587
11.86308
9.150481
10.83339
13.00491
13.33438
16.23614
17.14542
14.30831
15.36811
12.43103
15.40259
14.32929
18.2308
16.41958
21.38485
19.30285
20.64695
16.43429
18.60111
15.33253
13.65228
14.81263
9.247244
7.497392
6.459471
7.16318
10.27126
10.39581
12.2405
6.987867
8.721471
8.088695
8.088722
9.259947
8.035233
8.669201
13.13249
8.333593
8.94584
5.995694
9.472714
7.931515
6.574262
4.98879
5.02336
7.510419
8.533503
8.000895
7.583436
8.8247
6.520508
12.31824
10.08275
13.04162
11.7832
12.65812
11.04158
11.51199
13.33119
10.31601
15.91436
13.68911
14.46981
12.82676
12.82232
14.83869
19.59052
13.33902
19.42843
19.29877
18.81875
14.3779
13.78814
17.76435
25.48648
13.09062
10.1892
15.07101
11.23155
10.90212
10.46669
11.22129
13.89027
15.50175
12.07199
13.45558
15.18487
11.102
14.23094
12.49335
13.92258
15.10171
12.77659
18.17969
19.64848
13.95823
18.46638
23.96654
18.81934
17.64907
16.55126
19.7883
21.48374
16.80739
21.11965
18.90815
22.76424
21.1755
22.10396
15.74493
11.42752
14.42306
13.20176
15.74531
14.73089
12.639
11.92652
13.54808
9.232304
10.89283
5.525608
4.737228
3.619931
4.998812
5.590362
4.276763
6.404632
7.592192
6.233411
7.364107
7.000677
9.206763
6.274151
7.051608
8.338844
7.103259
10.12128
8.686697
7.003023
9.615179
12.25854
13.18219
18.01756
18.28029
15.23481
17.2864
16.18622
8.973752
7.947641
8.05307
11.1444
9.106246
11.01926
12.8304
10.97458
11.29119
9.897079
7.416361
12.83851
13.90928
13.24507
10.37899
14.02483
13.31869
17.15761
15.36845
14.70764
11.25637
9.017975
9.68459
14.07634
11.64463
14.52875
16.20819
16.59481
13.64468
10.35579
11.08985
11.36382
14.24757
15.10277
9.890346
11.78195
18.3755
15.2721
19.50351
19.40024
22.88266
19.40214
17.82091
17.4694
25.61698
20.26513
23.69587
18.89224
13.63483
13.41346
12.6448
12.26995
11.89476
18.46043
12.70796
13.17943
12.51784
10.11644
9.723966
10.67081
6.511564
7.431148
9.575587
12.51569
13.72065
9.734739
15.57688
19.75219
12.33582
13.1506
12.69932
11.19088
10.00622
14.25038
8.444687
6.716087
7.63391
8.51764
6.914222
9.165722
8.071406
7.602085
6.667215
9.957991
11.01962
13.01946
15.89202
16.97624
18.3204
17.34067
21.48932
13.93847
15.47842
18.29176
20.10319
21.66257
22.0257
20.44075
15.5836
19.99444
17.39254
18.20415
12.75864
18.14648
21.34158
15.24047
19.00778
20.76582
21.7942
12.84079
13.46511
14.14108
19.03883
15.57178
18.17655
13.00323
13.33744
11.3732
17.08938
18.15258
15.79572
13.11711
8.524032
5.433096
5.652785
5.661883
7.924402
7.549184
11.13058
9.842937
8.755076
9.10649
9.127792
8.899573
8.531761
9.560472
9.097725
9.861836
12.29089
18.12346
14.54896
12.33945
11.52877
9.522984
8.703716
11.99577
13.63245
10.99503
13.17985
18.35193
17.11813
16.01151
23.35322
18.19366
14.82887
11.64391
15.82255
16.76589
15.70469
15.34674
16.24263
12.66058
12.87996
16.24478
19.6999
21.61501
14.05416
14.52763
18.23924
17.64363
10.02303
11.0278
16.62452
19.37456
15.70576
13.70898
13.82569
13.53878
14.49595
13.36914
11.77704
12.96249
11.44567
12.0864
13.91207
12.09603
13.1054
15.86619
9.718804
8.40499
9.880878
9.158524
9.552986
11.44624
16.9794
14.87979
16.29509
15.60172
15.09319
13.77232
12.96465
12.58521
13.48035
16.88425
14.77984
13.66067
12.98925
11.86721
9.072627
7.685986
8.551608
10.29027
10.83253
11.51335
13.22592
14.99351
14.96376
15.55298
14.90245
13.48825
13.58185
14.78344
13.43405
12.02024
10.64976
12.25522
8.716151
12.28855
10.83577
17.54426
21.15133
24.88081
25.14624
22.5768
21.60387
20.05091
16.99613
16.26147
14.26888
19.34011
14.03705
10.61031
17.24204
15.16212
12.86432
10.18166
12.54683
12.31322
13.18871
11.93804
13.03101
12.52363
8.015059
6.851631
8.634384
12.78032
13.34004
12.65035
11.75422
12.15947
9.991725
7.051035
8.70923
10.58587
12.02736
16.02846
15.57795
11.92569
20.27644
19.04882
12.93094
12.61224
7.864428
9.93513
10.10978
9.982186
10.01273
7.734056
9.717581
10.83052
11.86162
11.83138
11.99073
13.35322
17.20539
19.57405
20.07396
18.75867
22.17331
21.36948
16.70416
13.13954
10.25611
13.03601
10.01211
9.01732
7.798952
8.711353
9.911481
10.80453
9.693509
11.79559
14.95361
14.01958
15.42182
14.64571
13.88866
13.46395
12.63398
12.3553
17.28881
12.19006
12.66841
14.84384
15.99932
16.16294
10.56929
12.07089
8.021601
8.59096
7.534772
9.136167
7.496104
6.70825
10.35276
10.13246
10.65979
9.461733
10.68187
11.20271
16.00534
15.70639
14.07153
14.08546
14.60782
18.59303
14.62915
15.52369
12.77716
14.1364
14.6963
16.63927
16.77284
17.87678
13.56442
11.71453
13.64303
15.03663
9.762922
7.989889
8.501199
9.270763
8.33508
9.629675
11.40604
16.08403
19.72808
16.35416
16.07912
16.32593
17.90414
12.43727
15.33271
16.73707
11.36193
10.846
11.97487
9.631649
13.61391
11.63791
14.9659
16.28163
14.45349
11.28376
13.23803
13.38892
13.38405
14.11283
12.8956
17.87206
24.19146
17.45089
