10.72875
11.05971
11.23506
11.30067
11.27386
11.59543
11.41623
11.60964
11.5889
11.32025
11.16906
11.24935
10.91079
10.95373
10.74484
10.47987
10.26691
10.56886
10.2066
10.14798
10.3916
10.74428
10.60968
10.68271
11.03806
10.89617
10.97771
11.12019
10.73957
10.46253
10.21466
10.08753
9.735237
9.752981
10.14199
10.17388
10.24146
10.11399
10.72188
11.12621
11.23815
11.10148
11.44706
11.43616
11.39302
11.39616
11.62273
11.89284
12.07274
11.99771
12.06077
12.25705
12.30197
12.41506
12.39557
12.57749
12.55208
13.13789
12.82013
12.55098
12.30428
12.25258
12.28869
12.84146
12.7262
12.90694
13.25375
13.3792
13.28598
13.74622
13.8086
14.03512
13.83623
13.98491
13.72019
13.84173
13.73003
14.09055
14.39619
14.29161
13.98647
13.78548
13.62867
13.66924
13.62937
13.88105
13.72134
13.7378
13.82966
13.86234
13.56246
13.6086
13.74557
13.65135
13.67693
13.27638
13.45162
13.83111
14.00395
13.9214
14.2362
14.36142
14.06704
13.83773
13.24945
13.156
13.06542
12.98671
13.03841
12.89531
12.73392
12.68584
12.44477
12.54053
12.34417
12.27192
12.7086
12.99916
12.99525
12.72872
12.91901
13.05312
13.21084
13.5865
13.77769
13.92487
14.27207
13.90935
14.0222
13.78137
13.98118
13.64639
13.39222
13.48515
13.55532
13.40446
13.22141
13.22814
13.2225
13.0624
12.57775
12.49897
12.4911
12.26839
12.07649
11.97094
11.99551
11.58806
11.26712
11.44318
11.23474
11.0897
10.87366
10.76105
10.7551
10.63679
10.81566
10.56034
10.32302
10.52683
10.40157
10.23434
9.968033
10.02028
9.833941
9.965947
9.638716
9.870753
9.699909
9.876921
10.17788
10.05086
10.05374
10.05599
9.654601
9.755623
9.486955
9.402754
9.901717
10.11047
10.06928
10.14724
9.954074
9.860519
10.09892
10.22108
9.772007
9.571048
9.184564
9.471783
9.513572
9.398019
8.89047
9.209868
9.155043
9.635179
9.462046
9.121292
8.955893
8.94575
8.645789
8.671617
8.332141
8.06357
8.291242
8.231757
8.00275
7.720144
7.971291
7.810146
7.505535
6.981898
6.971344
6.939505
6.691438
6.345011
6.216353
5.863781
5.902483
5.775635
5.380591
5.427511
5.341975
5.237751
5.575889
5.405606
5.386068
5.339276
5.505987
6.004624
6.194155
6.307393
6.663217
6.560176
6.6488
6.619332
6.665925
6.853694
7.173728
7.624797
7.760439
7.922838
7.988426
8.046928
8.032903
7.682393
7.77686
8.113365
8.325528
8.589323
8.454207
8.7496
8.844718
8.945998
9.260118
9.797072
9.872738
9.520083
9.890948
9.859955
9.521965
9.397603
9.693999
9.642854
9.473817
9.619839
9.991309
9.958562
9.948196
10.07997
10.04123
10.13358
10.18513
10.1957
10.39243
10.20864
9.969156
9.983218
10.29901
10.53163
10.26046
10.57919
10.69663
10.31167
10.36303
10.46494
10.53574
10.25
10.06852
9.898535
10.14382
10.23482
10.18929
10.22352
9.956617
9.929364
9.657205
9.487189
9.657074
9.557752
10.11999
10.16588
10.39734
10.3695
10.53184
10.45886
10.19924
10.03802
10.25361
10.28355
10.23318
10.30951
10.20244
10.31923
10.24831
10.33483
10.10786
10.23094
10.57099
10.07547
10.03012
10.27376
10.6385
10.49866
10.39035
10.20637
9.966432
9.717439
9.806477
9.644122
9.497646
9.402408
9.579901
9.92117
9.912288
9.798751
9.997383
9.937649
9.750558
9.234302
8.762016
8.833791
9.120819
9.127164
9.130465
9.2966
9.455214
9.255976
9.286749
9.413299
9.437922
9.447218
9.653883
9.513964
9.55307
9.642175
9.464476
9.161802
9.305844
9.324589
9.539839
9.706849
10.16599
10.28558
10.02094
9.958676
9.89827
9.949055
10.03861
10.01548
9.569885
9.678798
9.786659
9.851139
10.21477
10.20162
10.37628
10.34024
10.18761
10.18886
10.11448
9.860184
9.748575
9.750453
10.13818
10.11463
9.940271
9.948523
10.37357
10.13731
9.817689
9.68915
9.793784
9.991142
10.05273
10.40029
10.17146
10.34658
10.41308
10.48133
10.37528
10.10219
10.23032
10.06733
10.09242
10.38254
10.61869
11.00061
11.04998
10.89138
10.69729
10.6295
10.78344
10.80805
11.06984
11.10286
10.91803
11.13432
11.10927
11.49277
11.5561
11.47909
11.35932
11.37298
11.71394
11.46364
11.51094
11.23621
10.9004
11.04687
11.09986
11.30553
11.34918
11.75129
11.92386
12.31188
12.72907
13.19172
12.99423
13.18811
12.72483
12.66588
12.93521
12.40904
12.33661
12.19241
11.92032
11.61289
11.28684
11.11061
11.1987
11.35401
11.07174
10.98307
10.44203
10.03415
10.07979
9.873102
9.874914
10.27955
10.1644
9.876786
9.670585
10.19764
10.1654
10.0144
10.00009
10.21641
10.50164
10.69365
10.81925
10.98533
10.88021
11.17312
10.98842
10.87157
10.75691
11.26784
11.46057
11.49499
11.56212
11.52051
11.57133
11.64429
11.42206
11.34271
10.74623
10.53811
10.53703
10.78517
10.60033
10.33176
10.18414
10.24029
10.2374
10.51802
11.05945
10.78416
10.77642
10.7694
10.76819
10.74535
10.94731
10.7476
10.65398
10.41037
10.04863
9.855341
10.24678
10.22287
10.09796
10.3358
9.815826
9.994009
9.852651
9.360055
9.414458
8.892739
9.026568
8.711659
8.88985
9.02176
8.902646
8.928344
8.809378
9.154767
9.309986
8.999282
8.832809
8.644996
8.609609
9.005942
9.050129
8.992479
8.769538
8.478269
8.709516
8.662191
8.792012
8.94337
9.174724
9.290015
8.819999
8.770791
8.79693
9.022793
8.910451
8.893959
8.841469
8.89437
8.737589
8.224941
8.52432
8.792332
9.0749
9.202883
9.313783
9.386344
9.337937
9.332918
9.314492
9.257954
9.320884
9.627341
9.931257
9.81074
9.658571
9.687185
9.640764
9.660925
9.64063
9.624405
9.379592
9.686789
9.422043
9.486087
9.438823
9.132084
9.004134
8.960291
8.804908
8.472887
8.59273
8.500208
8.360183
8.401999
8.112966
7.594029
7.607701
7.797405
7.889531
7.912005
7.980756
8.237132
7.985337
8.07844
7.701376
7.953253
8.311765
8.574063
8.271757
8.187349
7.899306
8.212318
7.983252
8.130097
7.716339
7.75366
7.863637
7.897848
7.860005
7.739172
7.956359
7.687483
7.550259
7.675965
7.665516
7.755659
7.743003
7.619498
7.581495
7.470641
7.727719
7.797376
7.670468
7.383156
7.549204
7.709294
7.767754
7.671108
7.808628
7.715456
7.882808
7.9208
7.901798
7.842638
7.729259
7.828166
7.783355
8.233904
8.334346
7.962217
7.812352
8.088449
8.348616
8.391742
8.558946
8.669805
8.699771
9.109214
9.224762
9.096381
9.325529
9.198413
9.343048
9.519911
9.467892
9.634943
9.611161
9.657746
9.998359
10.15711
10.21386
10.07427
9.982714
9.828418
9.658779
9.406232
9.431954
9.307153
9.018265
8.795791
8.930049
9.061427
8.873561
9.14448
8.824163
8.816356
8.948717
9.02354
9.019302
9.052511
9.197998
9.059907
8.969063
8.755232
8.695594
8.635206
8.931926
8.937805
8.856597
8.769127
8.94608
8.768297
8.458298
8.286518
8.362354
8.323467
8.418161
8.423038
8.543835
8.272197
8.115973
8.264146
7.828547
8.469563
8.554005
8.68952
8.570167
8.740373
8.979861
9.011995
8.921967
8.922889
8.674239
8.623684
8.72425
8.66843
8.214985
7.881721
7.786497
7.635655
7.561176
7.304401
7.118731
6.635606
6.863983
6.775848
6.397862
6.488025
6.702831
7.07298
6.611923
6.537179
6.313006
6.332408
6.306676
6.464917
6.623806
6.330022
6.403947
6.113424
6.124252
6.559605
6.466878
6.63
6.390511
6.650976
6.726587
6.638654
6.504581
6.814705
6.748121
6.838329
7.063137
6.97796
6.97873
7.061886
6.885092
6.946357
6.661101
6.720889
7.085999
7.167915
6.927581
7.064852
6.952508
6.781519
6.704826
6.776389
7.369025
7.170643
7.63713
7.872936
7.849695
7.942157
7.848571
8.125848
8.078737
7.526197
7.355679
7.306096
7.413795
7.415676
6.845801
6.567935
6.666918
6.480738
6.329921
6.434477
6.271222
5.974905
6.173094
6.171418
5.604606
5.543836
5.858108
5.727121
5.774496
5.60558
5.950024
5.691108
5.849282
5.529885
5.383846
5.587181
5.466631
5.396946
5.554368
5.881648
5.759981
6.006203
5.636271
5.514953
5.440304
5.8124
5.431228
5.308634
5.083141
5.035125
4.889318
5.14115
4.865417
4.802806
4.705656
4.804402
5.261601
5.445909
5.260245
5.201147
5.224914
5.413736
5.070537
4.991147
4.558606
4.462308
4.445365
4.096413
4.317038
4.223586
3.811104
4.107112
4.49296
4.727237
4.615213
4.666413
4.5937
4.824308
4.846714
4.954692
4.929717
4.772314
4.871939
4.839525
4.932732
4.918585
5.105032
4.712524
4.748999
4.505252
4.200405
4.444051
4.359569
4.704326
4.887495
5.138013
5.061676
4.917051
5.107295
5.580322
4.797309
5.138117
5.480525
5.940989
5.881412
5.663338
5.885281
5.952067
5.507706
5.796781
5.999822
6.471562
6.73663
6.890013
7.017841
7.31744
7.131249
7.350194
7.262713
7.598089
7.238877
7.100435
7.113221
6.748853
6.618363
6.680537
6.683327
6.943808
6.742024
6.724702
7.010835
7.029356
7.238374
7.172296
6.836639
6.974019
6.97578
6.702373
6.943101
6.902686
6.869179
6.653418
6.700271
6.445525
6.536973
6.530321
6.531771
6.555419
6.476987
6.381409
6.20041
6.158936
6.110518
6.234372
5.969264
6.380632
6.306406
6.17887
6.105167
5.927852
5.934984
5.705734
6.023659
6.169797
6.020028
5.59299
5.514757
5.389357
5.740079
5.734894
6.293094
6.637654
6.439524
6.17017
6.251195
5.973258
6.153919
6.275155
5.960603
5.976518
5.998424
6.201966
6.519183
6.5452
6.859532
6.89703
7.044192
7.204702
6.883215
6.749767
6.767899
6.441699
6.221376
6.098301
6.45365
6.58085
6.369465
6.127317
6.129986
5.988104
5.907208
5.819231
5.497872
5.402344
5.55326
5.635848
5.756682
5.885957
5.954848
5.744518
5.931778
5.88902
6.12988
5.959725
5.705292
5.972049
5.961893
6.193977
6.385688
6.495006
6.691236
7.016897
6.904977
6.948975
7.037179
7.201829
7.134736
7.27714
7.341723
7.004323
7.09531
7.194606
7.107124
7.195186
7.633534
7.584203
7.842377
7.715059
8.021104
8.136479
8.071114
8.130159
8.313865
8.085237
8.130293
8.192831
8.343951
8.485716
8.542862
8.839873
9.118351
9.184857
9.186917
8.954587
9.094086
9.59601
9.606255
9.656466
10.00042
9.654296
9.363114
9.447736
9.402297
9.313343
9.480745
9.355103
9.192209
9.248051
9.421333
9.423869
9.166597
9.465426
9.313305
9.338042
9.503267
9.483989
9.631716
9.973588
10.4104
10.5961
10.73377
10.90515
10.98829
10.88251
11.06487
10.90596
10.99153
10.94517
10.77143
11.0952
11.18451
11.06354
11.07289
10.7537
10.7845
10.93525
10.67625
11.03198
11.27436
11.07992
11.27962
11.1522
11.37626
11.45487
11.32542
11.16412
11.12723
10.8286
10.93767
10.76345
10.83202
10.78653
10.42301
10.48348
10.50689
10.63081
10.55982
10.33909
10.54062
10.25462
10.03778
10.1785
10.33152
10.43175
10.42085
10.51273
10.55423
10.33277
10.63416
10.78265
10.6215
10.61487
10.5293
10.34134
10.52792
10.5204
10.42179
10.54563
10.76904
10.6468
10.73042
10.63954
10.92139
10.77938
10.5725
10.75851
11.03932
10.91106
10.82297
10.71795
10.70822
11.03022
11.06227
10.79923
11.18366
11.29754
11.33355
11.59276
11.83653
12.18528
12.52342
12.44902
12.73369
12.69952
12.74225
12.6475
12.23062
12.44226
12.80267
12.77077
12.86089
12.29216
11.9518
12.05183
11.95662
11.84996
11.81198
11.75604
11.30025
11.767
11.53388
11.10775
11.42729
11.51827
11.33378
10.94447
11.26783
11.18686
11.20157
10.9781
10.76453
10.44593
10.46115
10.10086
10.05211
10.24575
9.995581
10.1821
9.854829
9.511434
9.885104
9.968744
9.906492
10.03264
10.05786
10.1309
10.01347
10.1498
10.23516
10.64396
11.0574
10.58634
10.59494
10.74025
10.86293
10.83083
11.12499
11.42518
11.46672
11.78493
11.45745
11.6742
11.82708
11.89519
11.75833
11.57113
11.43051
10.94963
10.91627
11.03267
10.88473
10.68097
10.74575
10.79609
10.6933
10.9323
10.91431
10.85027
10.82189
10.58737
10.68203
10.68255
10.82534
10.8499
10.56146
10.97233
10.92133
10.73084
11.08305
10.75728
10.6983
10.34582
10.70194
10.61912
11.03641
11.37964
11.76944
11.9042
12.21902
11.97814
12.20087
12.13339
12.5812
12.67062
12.90067
12.6556
12.39178
12.57741
12.42419
12.48523
12.963
12.70658
13.11108
13.29381
12.93429
12.7911
12.72288
12.76069
12.8832
13.0875
12.90696
12.74793
12.82891
13.07444
13.077
12.88689
13.08246
12.76978
12.59361
12.33425
12.37312
12.60064
12.2205
12.35793
12.55643
12.63024
12.62811
12.24793
12.07839
12.03569
12.19956
12.11308
12.3632
12.38264
12.5159
12.56141
12.79845
12.59427
12.58954
12.63039
12.73791
12.92185
13.15017
12.78318
12.5992
12.38467
12.49378
12.34959
12.11698
12.09775
11.51786
11.3175
11.35241
11.30779
10.95626
11.12086
11.46225
11.20742
11.02945
11.14883
11.08191
10.7837
10.85399
10.83143
10.68363
10.79192
10.75702
10.81704
10.77087
10.43288
10.34487
10.19752
10.35744
10.30443
10.50472
10.66677
10.46384
10.61099
10.41866
10.15692
10.18355
9.844218
9.940003
9.766082
9.711122
9.938438
10.13333
10.2994
10.35458
10.3107
10.2429
10.38699
10.41374
10.41626
9.951332
10.15862
9.982718
9.407058
9.528391
9.745072
9.940696
9.905077
9.920962
9.841831
9.57039
9.677722
9.417455
9.205518
9.133075
9.232805
9.14999
8.983197
8.670883
8.935674
8.970316
8.993295
8.936098
8.950803
8.656218
8.656197
8.283145
8.147376
8.239447
7.927972
7.792142
7.603166
7.536669
7.670161
7.652916
7.352327
7.056078
6.987698
7.153726
7.176047
7.539642
7.407594
7.468441
7.594144
7.661424
7.469894
7.574854
7.851177
8.191399
8.014188
8.068183
8.081241
7.94586
8.309
8.559518
8.136217
7.919775
7.586795
7.810068
7.912422
8.02534
8.286711
8.617116
8.595514
8.202277
8.399616
8.243596
7.958567
8.037484
7.993222
8.176831
8.233901
8.699107
8.513461
8.681625
8.637777
8.673669
8.736384
8.420924
8.720022
8.880389
8.771945
8.562746
8.478175
8.436736
8.249434
8.289196
8.381839
8.288636
8.518481
8.734342
8.630982
8.907299
8.43028
8.417088
8.528254
8.688285
8.662873
8.92834
8.690365
8.493652
8.36116
8.389612
8.469778
8.72172
8.716532
8.73935
8.623784
8.523751
8.631256
8.629326
8.55028
8.965535
9.13881
9.182019
9.02263
8.912558
9.084759
9.125475
8.964055
9.139319
9.228453
9.081716
8.858375
9.076179
8.526169
8.596159
8.915919
8.722996
8.900385
8.625872
8.407915
8.662803
8.626388
8.654951
8.707182
8.159498
8.31245
8.445037
8.472874
8.464687
8.606955
8.09752
8.265806
8.201316
8.417031
8.193163
8.329576
8.155859
8.2254
8.663711
8.756499
8.587897
8.550248
8.581407
8.46242
8.523174
8.543275
8.286616
8.016296
7.754003
7.851029
7.660077
7.450749
7.147902
7.362538
7.405569
7.310347
7.517215
7.326067
7.648286
7.729244
7.784872
7.547701
7.751139
7.574289
7.65051
7.652263
7.731137
7.654083
7.862333
8.023767
8.015454
8.108631
7.958317
7.987888
8.201896
8.007137
7.82832
7.836688
7.622877
7.856008
7.886122
7.739045
8.013179
8.114621
8.088644
7.891163
7.956104
7.910576
7.850677
7.80457
7.912257
7.879348
8.030602
7.800546
8.145658
8.194254
7.993165
7.866756
7.294094
7.223477
7.173942
7.199145
6.992903
6.905022
6.81143
7.037108
7.00538
7.414119
7.197385
7.170298
7.369553
7.233133
7.388894
7.386001
7.479943
7.813478
7.590935
7.695789
7.571671
7.592709
7.25175
7.254693
7.165301
7.180216
7.002866
7.078769
6.911652
7.073258
7.428691
7.871456
7.862028
7.952011
7.888689
8.033876
8.223485
8.365836
8.01346
8.008773
8.015015
8.120199
7.93849
8.269981
8.309763
8.324459
8.103898
8.012948
8.093061
7.927938
8.172025
7.73104
7.999845
8.083255
8.116632
8.405907
8.548294
8.630749
8.434091
8.24958
7.988907
7.772067
7.967798
7.94446
7.886766
7.755336
8.083139
7.801375
8.145734
7.951487
7.993206
7.714814
7.875867
7.753239
7.704006
7.862113
8.093452
8.080137
8.31909
8.200788
8.065754
8.259696
8.32501
8.717278
8.762053
8.829032
8.933213
9.102855
9.009217
8.926968
8.952022
8.741582
8.847901
8.756232
8.830861
8.323122
8.405481
8.47207
8.633285
8.99208
8.740285
8.548514
8.511112
8.455866
8.27387
7.952179
8.113833
8.452685
8.212291
7.983468
7.814157
7.856259
8.072113
8.205357
7.80031
7.711196
7.282122
6.926431
7.283489
7.652217
7.796094
7.624788
7.233439
7.228784
7.079889
7.130415
7.169819
6.83677
6.780953
6.860547
6.66565
6.417238
6.346454
6.324896
6.564066
6.673755
6.649497
7.41498
7.859539
7.999379
7.901903
7.872941
8.058154
7.968244
8.087008
8.398533
8.21109
8.220629
8.081081
7.964047
7.886062
7.943247
8.027624
8.470534
8.602005
8.600823
8.475746
8.475935
8.534964
8.926554
9.130424
9.091769
9.068717
9.510627
9.350643
9.237681
9.434263
9.135823
8.857057
8.828947
8.929249
8.89506
8.980446
8.883985
8.618414
8.763124
8.879058
9.48385
9.125674
9.256828
9.267646
8.942655
8.730283
8.612869
8.532248
8.012228
7.938814
7.83745
7.688907
7.607455
7.52563
7.731009
7.922157
8.096595
7.688189
7.555726
7.702929
7.98472
7.730313
8.313616
8.601367
8.716635
8.973233
8.854258
8.925497
9.046783
9.269291
9.010859
8.527337
8.344232
8.050583
8.040307
7.854844
7.954193
7.961034
8.130294
8.006469
8.12996
8.451823
8.127299
8.133572
8.081582
8.13608
7.966434
7.716719
7.716521
7.905504
7.731341
7.728857
7.50655
7.381701
7.078002
7.240332
7.354655
7.421009
7.188491
7.252895
7.481753
7.125539
7.419834
7.706331
8.047294
7.873946
7.637053
7.666959
7.508213
7.234667
7.211585
7.166594
6.999599
7.050244
6.885224
6.876005
6.808735
6.917365
6.875952
7.039897
6.730959
6.830973
7.10328
6.805333
6.827463
7.070571
7.353394
7.62616
7.239143
7.504939
7.588072
7.243257
7.502168
7.54052
7.798541
7.782082
7.485977
7.601998
7.937329
7.956248
7.880176
7.601288
7.645325
7.596848
7.77963
7.767004
7.851432
7.927222
7.813714
8.071119
7.867696
7.81574
7.613236
7.549111
8.093517
8.197973
8.107063
8.302411
8.044553
8.31547
8.49664
8.782846
9.180158
9.567156
9.470587
9.550281
9.794192
10.04798
10.19965
10.23085
10.18809
10.30525
10.74958
10.69435
10.73705
10.5881
11.00537
10.52451
10.26624
10.50521
10.64943
10.53218
10.36084
10.19528
10.29097
10.16313
10.54527
10.85059
11.04323
10.87225
10.88498
10.84551
11.10872
11.28548
10.97924
10.88151
10.86277
10.739
10.70728
11.49544
11.10548
10.81026
10.42613
10.65645
10.72378
10.73794
10.83421
10.48497
10.18418
10.15359
10.24702
10.47421
10.30047
10.66012
10.45731
10.40271
10.56771
10.78958
10.7677
10.86451
10.99422
11.20104
11.10743
11.3567
11.46861
11.41694
10.84044
10.37247
10.19058
10.29885
10.00703
10.0427
10.15092
10.17774
10.06427
9.814128
10.16941
9.907828
9.786947
10.13037
10.29335
10.0811
10.30201
10.03806
9.79198
9.705354
9.409433
9.500931
9.534212
9.19838
9.160216
9.167635
8.94187
8.910923
8.745789
8.801856
8.855381
8.327829
8.417007
8.694643
8.541066
8.761347
8.487958
8.642702
8.734327
8.744515
8.564666
8.336844
8.390137
8.198337
8.756935
8.805891
8.707697
8.754647
8.818823
8.417531
7.948198
7.875175
7.461623
7.294044
7.465819
7.248948
7.027839
7.244088
7.293173
7.249322
7.355178
7.356045
7.537882
7.385859
7.62607
7.896891
7.751524
7.871603
7.723366
7.655871
7.839852
7.63367
7.814384
7.995832
8.329065
8.17569
8.009515
7.749988
7.710628
7.962408
8.0222
7.938255
8.230981
8.19146
8.362546
8.171722
7.817193
7.548409
7.39654
7.070533
7.182013
6.975428
7.336509
7.070685
7.253015
7.239891
7.390508
7.617162
7.82522
8.094541
8.292174
8.338625
8.445139
8.471513
8.243468
8.309928
8.871817
8.918659
8.818317
8.848992
8.736351
8.966283
8.589753
8.471292
8.23585
8.313311
8.350019
8.286517
8.202538
8.077652
8.359342
8.314431
8.173275
8.067952
8.404194
8.616171
8.516184
8.596913
8.348561
8.403325
8.154997
7.992255
7.785032
7.992123
8.040303
8.186134
8.13377
7.966071
8.120969
7.897716
7.896076
8.033518
8.203776
7.849422
8.049024
7.904415
7.931507
8.204884
8.401523
8.573773
8.693991
8.46915
8.135039
8.554724
8.289614
8.344716
8.504087
8.425562
8.57766
9.050648
8.947346
9.146547
9.244854
9.112223
9.204768
8.921842
8.6501
8.804093
8.864693
9.159179
9.326452
9.40239
8.816807
8.629652
8.458439
8.448465
8.455699
8.460432
8.675671
8.614175
8.754551
8.66018
8.873108
8.71135
8.630099
9.154257
9.411851
9.359604
9.522933
9.797892
9.778545
10.00436
9.850456
9.500526
9.8071
9.583224
9.417413
9.625983
9.684349
9.872704
9.72333
9.961782
10.28346
10.33536
10.24481
10.18914
10.24239
10.00595
10.01481
10.03628
9.803232
9.911072
9.923852
9.898732
9.989199
9.806281
9.729602
9.58766
9.74504
9.871574
10.0992
10.0282
9.980093
10.34243
10.04263
10.20617
10.40454
10.36005
10.52493
10.54141
10.60009
10.41619
10.1889
10.05328
10.37041
10.54775
10.41097
10.77408
11.12685
10.66294
10.48644
10.20692
10.12494
10.48163
10.52218
10.34284
10.39575
10.56523
10.5633
10.42857
10.56032
10.08174
10.11369
10.29834
10.25172
9.512856
9.717286
9.600781
9.177277
9.193829
9.125648
9.170881
9.314619
9.348369
9.482131
9.368685
9.514527
9.345394
9.262892
9.209207
9.33337
9.174794
9.416546
9.271146
9.277639
9.022041
8.760978
8.811051
8.942922
9.046499
9.163952
9.261792
9.176752
9.116857
9.288024
9.442741
9.500239
9.600898
9.12294
9.286927
8.790166
8.840016
8.875063
8.685548
8.526989
8.5538
8.226136
7.778586
7.69808
7.732973
8.092161
7.952147
8.000212
8.185933
8.550047
8.405778
8.264122
8.024464
7.976521
7.651552
7.485044
7.223557
7.012372
6.755281
7.169823
7.059032
7.111608
6.639903
6.687115
6.527275
6.796387
7.004286
7.195526
7.614159
7.670666
7.181575
7.458962
7.507675
7.785912
7.561352
7.76699
7.875691
8.316016
8.234479
8.457594
8.732782
8.871612
8.848707
8.722164
8.736963
8.886161
8.716386
9.06183
8.994747
8.977365
8.708898
8.822887
8.75643
8.482098
8.286777
8.191852
8.026133
7.93388
7.84304
8.275843
8.069122
8.106647
8.088398
8.23549
8.43996
8.53593
8.917351
9.033289
8.977128
8.652524
8.597733
8.674462
8.447908
8.498562
8.326951
8.44738
8.527726
8.375343
8.011749
7.940226
8.319386
8.255482
7.724479
8.081119
8.080848
7.760486
7.63624
7.539938
7.367778
7.586007
7.64265
7.790449
7.698528
7.743566
7.897949
7.463562
7.182088
7.162569
7.379566
7.380248
7.043231
7.533537
7.955923
7.960989
8.102247
8.200602
8.231824
8.392262
8.099085
8.210182
8.105173
7.952031
7.999069
8.104782
8.33537
8.129377
7.970755
8.107245
8.211496
8.692905
8.751103
9.031388
8.900148
8.938416
9.104653
9.095062
9.334125
9.451028
9.65717
9.973683
10.34104
10.19568
9.795569
9.998933
9.924146
9.793308
10.09204
9.662374
10.04905
10.03967
9.933495
9.702859
9.830567
9.52691
9.67616
9.704415
9.934739
9.890988
10.06131
10.22396
10.24426
10.20188
10.1769
9.91084
10.15392
10.19711
10.03958
9.810893
9.830183
9.67663
9.749766
9.745005
9.855577
9.691926
9.636476
9.40077
9.528388
9.56709
10.09311
9.94088
10.0282
9.91331
9.62198
10.12031
10.30723
10.45564
10.33582
10.40703
10.15629
10.17709
9.725228
10.28679
10.25726
9.964206
10.03427
10.39512
10.54215
10.44355
10.33239
10.26869
10.68134
10.69779
10.62214
10.70048
10.88743
10.68222
10.5821
10.56143
