4.327943
6.416938
6.251432
8.119915
10.33056
11.07238
10.41236
13.8697
10.17307
9.136084
7.070266
9.646351
11.18707
12.50428
7.623405
11.48974
12.87815
11.77836
13.64128
16.32621
19.18014
20.333
14.9272
12.51351
17.27947
13.77559
12.09027
11.17193
13.18252
14.07061
16.65161
14.29606
13.72566
15.60737
10.11609
8.041777
8.68971
10.36842
7.661055
11.07244
13.01744
14.27537
13.70925
10.18733
9.303415
8.733188
6.376501
4.302395
6.637467
8.93261
6.982644
10.10385
14.7767
16.42236
9.921319
11.66528
12.29326
8.88875
7.762001
6.702793
5.828356
7.177752
8.122617
8.988494
10.55217
7.937657
9.973008
8.861575
7.022715
14.08536
9.794049
10.15421
12.00009
12.02795
10.10921
11.42395
13.08214
14.25131
16.23561
14.48178
10.90705
12.21749
10.21305
13.52953
12.08467
11.30791
10.05067
10.83674
9.296343
8.651605
10.57368
10.01279
13.53931
8.846869
8.11174
10.04752
13.22491
15.58027
13.87105
9.28151
8.542995
8.773538
10.40395
15.25438
10.63016
8.09707
10.10784
15.17171
15.21083
21.02539
16.60485
12.75221
10.7707
9.584846
8.763512
10.3719
12.08717
12.79573
15.95976
13.17621
11.55793
9.915423
8.418617
7.885496
6.549771
9.398831
13.6557
11.91384
15.32183
13.66555
12.14974
15.10661
14.31279
14.13053
15.86473
10.76554
11.26968
12.99816
15.10223
13.64974
14.13716
12.97562
15.31776
13.73736
12.37413
13.88477
11.76863
12.49287
13.52792
8.667828
10.46249
10.55589
10.63876
9.526057
11.1118
13.24824
13.21519
9.306091
7.947097
9.281328
8.134281
9.216261
8.153955
8.761778
10.3294
7.679191
10.10315
10.348
9.500431
6.283025
3.103515
4.202214
4.56004
4.405144
4.21544
4.28094
5.485438
6.74483
8.659627
13.84378
17.8459
14.57656
10.00215
10.59756
9.990425
8.491572
12.47351
6.490258
13.24137
13.56001
11.59016
11.85282
14.02785
11.14387
13.82189
10.34821
9.017225
9.571422
12.23066
14.63676
14.23562
13.88757
16.99319
12.02606
11.22799
9.912491
16.307
11.55897
11.63804
13.70745
14.96026
16.38164
16.67793
18.18701
16.47786
20.84883
18.89238
14.33151
15.60198
12.5536
12.85782
10.18273
9.38302
10.03267
7.401544
12.63987
13.20568
10.31132
10.48587
9.606391
7.666051
6.130623
5.765297
7.971695
10.99523
10.96093
12.47944
11.35687
7.950948
7.887483
9.386879
11.85261
11.28683
10.49947
9.472686
11.6708
10.521
14.90366
14.78908
14.68053
10.0681
9.422387
7.755342
9.627357
12.28801
13.82695
15.46452
16.81199
17.15083
15.3087
14.96534
13.2928
11.83231
8.117493
7.654013
7.753899
8.835583
10.00483
7.631091
7.588811
12.14473
10.09283
7.921107
6.680706
9.517715
12.30092
14.18961
13.6508
13.73725
13.01718
10.80907
13.49193
9.31555
6.061663
6.346973
9.843662
12.10994
10.9489
8.813465
7.82999
8.538281
8.458072
10.76719
10.6278
9.888423
15.22899
13.84855
13.56699
11.79458
12.01836
12.1193
12.43884
11.54913
9.393918
11.6594
11.55361
14.56269
11.23557
12.09121
9.355888
9.17097
9.955379
6.371973
7.390958
7.368571
9.365922
10.73494
12.72548
12.49218
11.79087
9.223818
10.43958
8.318844
10.21163
12.57596
15.0143
14.63648
12.82541
15.13397
14.62202
11.83659
7.141246
9.508618
8.933788
10.73276
14.47492
18.4794
15.22574
16.42885
12.1924
13.41419
10.50099
11.42338
11.38705
12.62679
10.34259
11.38562
8.254528
6.788158
6.827591
8.833164
9.362615
8.314573
7.944124
7.086508
7.984391
5.893739
3.696581
4.39253
5.548601
7.043254
8.474952
6.269709
5.836048
6.189615
5.191213
4.765357
9.011547
10.3841
15.36064
16.54644
11.33643
13.73299
10.67571
12.67488
13.12339
12.35668
13.33196
14.69291
13.12264
9.912551
14.27761
13.76942
14.00537
11.56499
7.561704
9.284709
12.28074
11.3523
12.75118
12.29745
13.61361
11.13544
16.67323
17.84619
11.41356
10.64568
9.513043
9.455307
9.772523
12.32052
13.7265
14.81697
11.6295
10.07945
11.14382
9.132028
10.47169
10.96667
12.24287
16.47811
13.60012
8.785282
7.771177
9.178589
12.21925
14.69423
9.840778
11.96457
10.92323
8.347688
15.34047
15.69675
14.75705
9.358002
8.085858
11.74322
11.53761
11.96662
8.254407
7.823462
8.330863
13.8574
9.846181
12.00225
11.14575
8.565887
8.996483
7.045846
6.548916
8.938931
7.269864
6.825934
7.064971
7.276911
9.5133
10.9413
13.5654
11.18468
13.16392
15.69442
14.48005
14.16605
15.12912
10.30487
8.847826
8.09988
8.613565
9.351163
10.69803
13.73377
16.26164
19.76822
10.88156
12.83463
10.42264
11.33278
9.520875
13.29985
13.3637
11.19555
9.885761
10.30257
11.74937
14.69587
16.85135
13.15754
9.812404
11.10174
14.60474
20.60111
17.13261
14.16341
9.861932
9.991247
13.32269
11.44638
12.07384
9.80977
13.29439
10.22499
6.770488
6.970683
8.003891
8.06789
11.19764
11.49394
9.376086
6.13556
6.785132
5.937011
5.827985
6.058078
7.005534
7.875428
8.33263
6.343243
5.849703
7.842073
12.0301
12.05594
12.91148
8.347119
9.225707
7.951899
6.24887
5.199913
5.801862
11.70807
9.173843
12.09327
12.14035
15.24818
14.75148
14.07822
11.03253
6.302567
5.767123
6.582198
8.374339
7.848131
8.581722
13.13143
10.65314
7.687726
8.321512
7.592854
10.1775
12.51267
9.521629
10.55115
13.41807
12.9325
9.781461
7.626903
6.896676
8.136805
6.438941
7.907382
7.204089
11.56366
11.42606
16.49231
8.940149
6.54291
6.527276
6.237622
6.584888
7.631851
10.3973
10.27203
8.393306
5.422582
6.01984
5.147644
6.25744
6.400885
4.109432
5.887922
5.269866
4.227976
5.685483
5.203657
7.812028
6.152765
5.673249
4.805656
5.275204
4.562494
7.088584
7.800935
9.992305
13.05798
9.890711
8.954882
7.887786
12.61217
11.76943
13.09701
12.31911
12.78861
15.6818
12.12261
15.74498
10.34479
8.59972
10.08589
7.955208
11.16176
10.79081
9.953894
11.74743
9.125622
8.747187
11.18587
8.726549
7.755612
9.03607
7.49044
6.709693
9.907531
9.950186
11.51593
10.98436
8.88083
15.34268
13.49734
13.64321
11.32494
15.47778
13.03827
17.08005
18.41852
13.48504
13.47988
9.104177
9.89331
10.45398
9.526846
8.782832
8.041916
8.712915
10.67921
11.38341
11.59658
12.3083
9.078632
7.077052
5.925093
7.716029
7.959208
10.53166
11.65066
11.22407
17.74006
19.9555
15.3855
18.0019
16.69441
14.39807
10.87052
14.66776
11.63324
14.3964
11.73151
12.31084
7.09968
7.714003
8.926054
9.642349
13.63436
11.87339
11.20815
8.315673
9.325461
10.83811
13.57204
12.60268
11.39735
11.93051
10.66197
10.65613
10.62774
16.43899
11.39409
13.3761
16.2876
13.4919
9.890194
11.58343
10.43438
8.406421
11.93853
11.80806
8.969564
11.51672
11.94217
9.983647
7.41446
7.889753
10.37337
10.14279
11.53447
9.696128
12.80354
8.72225
10.0766
10.63933
15.39437
15.12927
16.64611
18.39826
18.8989
11.65968
13.8778
13.33331
17.73421
17.74372
15.72534
14.56773
10.24666
10.96619
13.67156
11.23875
14.0977
9.517212
10.80323
13.36342
13.32992
14.73997
9.854599
13.16662
9.360854
9.651637
9.136223
6.941873
8.189346
9.29812
9.322538
10.65436
12.82502
15.58526
12.62249
8.313089
8.550806
9.17885
8.501812
8.325578
9.341492
8.84005
9.714805
12.59613
14.14319
12.91744
16.94919
19.97444
15.23451
16.54447
16.2096
13.89296
17.65677
10.99505
14.38931
13.98372
10.75299
10.84841
9.736058
8.771302
7.68713
9.21115
8.987209
13.73439
8.745977
9.798258
11.97594
11.1466
7.727787
7.580781
9.426845
12.22376
13.27407
9.293402
11.39967
8.891568
9.312362
7.64555
7.302533
6.74525
7.100185
6.779524
8.97337
9.230309
9.567299
9.985856
12.2716
13.9037
11.22979
10.62464
11.78931
10.43466
7.419918
10.58269
9.423898
7.36999
9.026239
8.794031
6.918683
9.299321
10.05478
10.46115
8.463986
10.01216
12.07659
16.97485
15.26419
16.34787
10.97295
8.171407
6.753561
7.114931
8.349669
6.669695
8.50909
13.06067
15.94066
16.90639
13.3351
13.05825
12.68724
11.24612
8.937858
9.429307
9.278055
8.655179
9.812408
11.43482
10.15228
10.2028
10.30511
9.711374
10.00556
10.09091
10.70527
10.07452
8.779889
10.64399
9.598947
8.771989
9.163541
12.84704
12.55492
9.475024
9.575026
10.6814
10.77206
9.676668
8.9305
7.721582
9.449958
10.28815
12.66975
14.42762
13.54838
12.30673
7.228417
9.963992
12.97183
14.12681
13.82494
15.24946
10.25859
12.91172
12.74072
13.99736
18.89555
22.28915
16.98057
12.33606
13.58578
16.24945
10.08668
11.25949
14.26243
15.81991
17.85228
16.19852
14.64088
14.11758
15.24805
14.67169
13.52371
11.02088
10.78786
8.823354
7.569171
6.80943
7.276453
8.553175
12.34668
16.11993
17.08289
12.13197
11.50722
12.24376
11.31214
12.71217
15.55996
13.8391
10.51333
9.251018
14.04684
11.56131
8.463209
9.424493
9.50414
10.27075
13.02507
8.982999
11.38293
9.313378
8.735846
6.691654
7.598885
7.165646
9.673649
10.63798
13.25239
9.288166
12.77399
11.39466
15.88925
11.29755
12.75876
11.75164
9.773534
15.04834
15.03637
14.68289
15.34457
10.54867
17.37245
12.57141
13.69258
15.84987
13.16212
12.44182
10.13553
13.78649
9.769349
8.438284
10.53361
9.102549
8.388179
9.133276
9.298534
7.754189
7.551214
8.120385
7.949898
6.784498
6.762077
10.03828
7.995567
11.39864
13.27341
11.35196
13.7764
14.27424
11.59945
12.82824
11.95276
12.18066
9.286263
8.490969
10.7809
11.07927
11.00236
13.2483
11.94687
10.88999
10.49061
10.21434
11.01275
13.86247
17.77484
9.876398
10.33841
11.1182
11.99107
14.72238
13.65868
13.35029
12.13045
12.0507
8.697914
11.98451
10.98618
15.48301
14.55948
14.61896
10.45457
12.2776
15.18687
13.11992
12.6608
9.99088
12.54433
14.40587
11.73463
15.171
13.40884
14.43861
13.72483
11.07512
13.65624
12.23429
7.630074
6.597436
9.977903
14.7759
13.13919
14.16346
11.33448
8.672895
8.4545
10.61191
11.41351
10.84956
13.02452
12.29586
10.29102
9.548321
13.76078
13.10464
13.09338
18.25576
17.02976
12.66698
12.099
11.63255
12.40194
13.7345
16.81958
16.25081
12.08313
7.852809
11.72743
15.06929
8.916443
14.51093
12.27807
10.11678
9.442257
6.678411
13.51536
15.27364
10.90257
10.43796
8.941517
10.29001
10.85601
12.94324
11.92041
10.36457
11.18479
8.298836
10.62068
11.22905
8.855317
8.535706
9.396395
7.520482
9.731074
8.126501
10.21742
7.480936
5.78327
6.211473
8.41459
9.386099
9.109083
12.10993
7.495477
8.379455
7.745362
6.747708
5.249812
7.015544
5.657859
6.792403
6.596648
6.79488
8.520884
8.932867
7.962529
5.186888
5.168323
5.779328
7.605171
9.477787
8.497886
6.601026
8.403025
11.62538
10.21846
12.88983
8.793371
9.925643
12.15249
13.29235
13.5765
17.71947
12.62967
14.58382
14.7024
10.74907
9.936052
9.277514
11.81903
16.15396
17.7801
14.43508
11.72296
7.632007
5.74154
5.340104
5.282781
6.228998
6.964705
5.883572
5.223848
5.589232
5.91553
6.658585
7.434458
7.577402
5.420808
5.140787
8.121451
10.31542
10.31094
11.3988
13.59802
10.61902
6.915688
8.989286
7.175901
10.30495
9.843473
7.38878
5.825376
10.12906
8.815465
8.284081
9.859518
9.612306
11.34988
8.425421
13.35584
11.09472
8.68609
8.511404
8.629128
8.256227
6.444469
5.064283
4.226624
4.104663
5.604043
4.990346
5.104395
4.364943
4.157464
5.053596
8.316402
9.836334
10.18759
14.39208
15.37378
19.61721
17.82107
18.67689
14.43071
14.08226
20.05376
18.53369
22.2757
13.41235
17.01368
13.90688
17.28876
14.54249
8.952512
10.99226
10.08234
11.74927
10.81228
8.593235
9.453181
9.309807
7.553092
10.75524
10.33029
12.08689
10.94321
9.662477
9.433456
10.67101
11.06644
13.37285
12.65782
11.27636
13.14707
10.03323
15.78728
12.85972
13.72429
15.11451
10.14257
9.89894
12.21831
14.75361
11.87653
12.10456
9.281148
10.42073
10.06093
9.505556
11.98835
9.494855
11.485
7.984306
12.81683
14.46092
15.8817
10.35357
12.36682
10.17197
9.117084
10.86701
11.59987
15.11639
15.30454
17.02923
15.68098
22.57591
14.81299
15.20663
19.75902
15.60152
10.64215
12.50655
12.58027
13.156
12.92197
10.98503
12.37907
12.5186
15.19442
15.60414
8.527765
13.42141
15.77056
17.51138
16.92816
17.06284
12.08085
10.05956
10.75088
15.72139
12.81935
10.7495
11.53666
9.41261
12.34106
17.20811
19.84664
17.37484
16.29131
14.05866
10.90584
7.957807
8.059171
9.040833
9.67822
7.489247
11.58426
9.527778
8.551534
9.533102
13.45711
13.51196
11.50221
14.54839
16.04324
17.03195
11.55774
8.835608
11.24577
13.94633
9.462917
9.161029
7.966295
7.206986
8.630229
8.832863
7.039304
4.917868
4.730834
7.514987
5.927204
9.786647
11.45102
13.1259
11.62528
10.27634
12.89889
12.52828
12.00962
15.6456
17.45248
17.67056
13.53546
15.84238
12.35377
15.63249
14.11864
12.07162
16.1393
11.35747
16.77564
15.45141
11.61577
14.29966
11.5339
9.153009
13.97423
12.7205
13.86613
9.140629
9.244339
6.791441
5.227306
5.785499
6.72609
10.21013
9.113968
10.32151
9.612975
10.73102
9.155125
14.75455
12.93314
16.30987
13.00855
13.93946
13.17328
18.60973
14.71499
12.42345
13.78391
11.03028
10.91226
13.72164
12.67111
9.3846
17.22946
15.2782
13.8143
14.08949
11.64916
13.76103
12.34323
11.693
10.48291
11.33101
13.91453
15.1086
11.29001
9.537757
9.40594
16.13358
15.95046
15.82857
15.98698
16.56722
16.47422
12.05677
16.12409
9.70074
11.82078
11.86851
11.58728
19.32692
13.21688
11.9536
9.237911
10.71298
7.651309
8.984399
8.62192
10.37703
9.359574
13.5264
9.568953
12.38302
15.08263
9.857642
8.943943
12.27637
11.46659
9.218411
6.576718
9.181694
6.457723
7.979747
11.11083
8.250538
9.993472
8.327993
7.208802
10.50617
9.230602
7.5456
7.89767
9.147115
9.304868
5.805038
7.732809
8.329312
11.66658
13.3558
10.48847
11.60553
17.65738
15.72284
13.47167
13.97907
10.88202
11.1741
9.392719
8.395163
5.561764
6.583474
8.591944
8.822198
8.466846
7.527952
6.818661
9.553919
7.414139
5.538398
4.625837
4.688464
6.100479
6.034395
7.19023
8.263268
7.826032
10.05201
10.95376
10.89433
10.19179
12.29368
13.09154
13.84926
16.0401
11.81369
13.92426
18.53686
15.06749
14.06082
19.8285
15.49338
17.07598
14.35844
12.58523
11.86267
12.68375
12.93679
12.30309
11.12728
11.6877
15.22663
11.07149
8.949667
11.06305
10.16166
10.26203
9.750947
10.14621
9.983864
9.37351
10.48738
8.771767
11.89512
11.73693
16.07163
12.81983
11.14742
11.94395
10.01567
13.10481
18.03884
11.93641
9.293876
10.96204
9.816519
15.31296
11.26955
13.45405
15.44437
8.460586
9.513198
8.107379
9.643946
10.89409
11.0637
10.40948
9.992298
8.132474
7.930842
8.912344
9.174024
9.355691
12.23839
11.75427
10.62677
10.26065
11.33939
12.28422
16.61218
17.69025
12.64086
10.90515
13.04663
7.632691
7.353386
7.018826
10.20417
10.75685
11.50116
12.97496
8.696652
15.16709
19.2629
16.43908
13.94737
12.38301
13.05682
10.27231
12.20556
13.44368
12.26696
12.2873
11.88719
14.63833
12.84775
10.55123
13.86216
12.53358
10.65888
12.92286
15.02104
17.39416
14.33415
13.16638
16.30465
14.15845
11.76466
11.79793
12.42484
18.47686
13.33811
12.39329
10.5593
10.00054
8.760776
7.602856
10.93008
11.20887
7.544293
8.150821
10.75874
11.25295
15.18676
11.45693
13.26023
9.222737
8.433
9.583677
11.85559
12.40581
11.91355
16.06563
14.79375
10.8855
11.66815
7.079045
8.442628
11.79938
7.372761
6.279814
7.880895
8.552764
10.44294
13.05585
10.85226
9.401938
14.7476
15.99535
16.55409
10.53753
13.79946
16.30489
17.74763
14.553
17.18038
16.81774
21.41384
20.20855
14.3822
10.52106
9.363368
11.53609
12.58725
16.70058
9.412333
13.63517
11.4807
14.43588
11.39544
10.00955
9.879619
10.09867
11.92689
11.10088
11.33096
10.03693
10.84086
13.47708
10.68566
10.99778
10.52575
13.71538
13.12762
8.791614
10.95129
12.43771
16.75158
11.26321
10.74259
12.58853
10.31213
12.69128
8.223829
8.707199
8.483992
12.78405
14.55137
12.69167
12.14693
9.050708
7.941672
6.900068
6.960497
7.633409
8.119451
9.677908
11.44008
9.574005
9.193477
8.936479
8.258781
8.842753
8.12376
6.105866
5.630314
8.626848
9.497893
10.87303
13.93163
13.97593
15.10664
13.0698
14.66655
13.86919
13.14308
9.695279
7.854996
7.766149
10.41103
7.25613
8.153326
6.965361
8.144828
13.28877
17.84678
15.59572
14.98556
10.63093
8.820299
12.31679
12.60907
16.33669
12.28384
12.69284
8.590281
6.067731
7.119233
9.425866
10.0456
11.64391
7.121706
8.15564
7.602674
8.321283
8.058363
8.268422
8.311612
10.44172
8.666406
8.145898
9.416355
12.21246
10.10232
12.05464
8.506971
7.850883
8.428032
7.218923
9.818863
12.94222
11.30265
13.15235
12.71548
9.987145
8.872137
9.683582
7.455767
9.945484
10.64707
11.59772
12.48269
13.64628
17.7835
14.76365
9.735691
19.97015
15.38876
11.55787
18.30184
12.68231
11.87098
8.408239
10.1789
12.22413
13.36911
8.665223
8.263019
11.21536
12.31578
11.58861
9.796931
14.18432
10.61439
11.38159
10.56396
11.63801
13.73522
13.8927
13.10721
8.97554
9.163995
11.34846
14.76772
12.53732
11.26317
9.406582
11.47038
9.904483
9.148659
8.467275
11.36949
11.39431
11.25652
13.96288
14.33251
14.49877
13.33454
10.82314
10.41455
10.49944
13.09124
15.26423
12.22628
9.634261
12.58699
12.77897
15.68915
17.50203
10.78426
10.59335
10.47272
9.44232
9.461679
9.507327
8.055891
7.164865
12.84779
11.24631
10.6038
11.92026
9.050722
9.343675
12.22789
11.23094
8.594377
12.96254
14.30707
9.125654
11.79033
17.95577
13.69884
12.2018
14.13077
10.56866
9.874589
10.58005
9.138932
10.68826
8.720084
10.66452
11.56429
9.270384
7.958785
10.38513
8.07376
9.165148
9.824432
11.57678
9.276203
11.58029
11.43237
9.481031
9.761245
15.92637
16.44004
18.24208
18.99525
8.98407
9.210804
11.23067
8.932682
8.414767
5.984888
9.49385
13.43008
11.39116
9.295103
11.06813
14.12995
9.234864
12.17841
12.30864
15.042
15.91879
14.24
12.49597
11.13952
8.87287
11.4682
8.367144
7.398304
7.920491
9.676775
10.08588
13.99999
10.52233
11.219
10.71773
12.46519
12.08807
10.86817
9.665948
7.825966
7.549094
5.339425
7.692167
12.65398
11.52013
10.89256
12.0293
13.63116
12.5358
12.04074
15.54065
14.12281
11.76923
11.20029
8.614482
11.54019
12.57157
8.881505
7.998208
7.872144
8.385186
7.922008
6.079951
7.533157
6.187853
8.732439
9.320837
9.123172
11.63432
10.45978
13.97163
12.58639
11.1932
10.94175
12.16859
9.543283
8.886771
8.105862
6.557535
8.695063
6.517318
8.590974
9.085837
8.357232
10.47466
11.44764
7.806521
9.465249
9.912126
14.21977
11.28695
13.07594
11.82911
7.036284
5.47227
7.37343
9.55499
8.09356
8.324729
8.743285
9.433532
8.175424
8.830853
9.8637
8.163995
8.532718
7.533598
9.97912
13.75744
13.86094
11.94025
13.78341
16.24207
12.69357
10.4372
11.31709
11.4076
14.68645
11.09504
11.53308
9.072102
10.23077
10.84277
10.28369
12.86469
10.95765
11.51285
10.77246
15.22472
14.11563
12.97307
16.52338
14.4895
13.05055
12.34101
15.34216
14.85388
16.71217
11.02386
9.356602
8.893876
10.09526
8.779404
6.816376
6.015895
6.865338
6.804965
8.009689
9.757336
10.98129
8.06259
5.399874
8.133626
7.094701
7.693259
6.389961
9.255892
8.380069
9.684509
9.661239
5.68745
8.712553
7.329449
8.989705
5.917461
5.254369
7.420474
7.537823
6.004106
7.763738
6.059841
9.242039
5.669823
5.458086
5.021113
4.220509
5.744087
7.720677
5.679324
7.516069
11.00115
8.185246
6.982614
4.887554
4.839985
4.753946
5.154972
5.347951
8.411361
13.25236
12.90952
10.94316
7.336856
11.46012
11.31792
9.634715
10.97095
12.61465
11.33828
8.099249
9.697673
8.639098
6.081673
6.042264
9.289239
9.436382
10.80562
9.297972
12.81026
10.28071
9.284956
11.77379
12.18963
9.95037
12.11585
12.20503
15.72014
11.14941
12.92157
8.776102
7.31232
6.336231
8.963225
10.6237
10.74521
7.777719
4.259158
5.374086
4.625693
6.306899
5.766727
5.405012
5.606787
7.320962
7.162238
7.311378
8.663038
12.11413
13.1988
15.35285
10.66179
11.16788
13.61352
9.966508
11.43228
9.692646
9.177267
6.530924
7.694329
6.046586
5.789928
7.010236
7.161518
12.2061
9.24868
11.29033
15.56082
13.92837
15.14427
10.40263
9.10271
10.03293
7.438211
8.747102
5.708425
7.4135
7.07826
9.025594
14.9451
11.84478
9.830349
5.313629
7.592018
6.829886
8.031269
7.786922
9.72845
8.180169
7.555019
8.103758
11.28956
10.56631
18.82647
13.30794
14.45076
13.20535
15.16977
12.5344
12.44289
15.40425
18.55372
16.80168
11.24308
12.5206
9.697969
11.28638
14.83575
10.79475
11.86216
11.4774
12.95877
13.86417
15.00431
9.351907
8.38707
7.689645
9.63182
11.53669
10.2014
7.636583
10.28538
8.860121
8.381175
8.033301
9.744593
9.157187
9.31583
10.79629
13.35848
14.81837
11.11758
12.84407
15.40241
14.00154
15.25407
14.99856
12.97653
9.805751
9.852815
10.04701
5.38084
4.554359
6.799742
10.08374
9.950362
10.82458
21.29714
16.95612
16.43741
12.02469
12.57141
10.64652
14.34007
14.54637
15.71534
14.97955
10.71613
8.89857
9.903258
8.261846
7.186087
11.25777
7.241456
10.52832
12.63803
13.80024
12.46824
10.24857
8.297056
8.285581
8.792817
9.745057
9.182342
9.625975
12.88411
10.62553
10.68588
12.55066
10.37214
12.82496
11.33959
11.03446
13.45602
14.27336
12.47229
15.99987
16.48922
12.16693
17.69721
11.96365
15.24728
9.130863
9.20522
7.686713
6.417631
10.51796
7.641309
7.048175
7.569254
6.774144
6.355319
6.207088
8.877101
9.353245
10.41271
12.32328
13.01188
13.30568
12.1628
10.82223
8.935082
11.48366
11.49241
7.681107
9.785772
12.25351
13.18683
13.95479
14.94013
13.71362
14.89289
12.9746
11.26675
11.30854
12.4784
14.40866
10.34003
14.85319
16.95443
16.83642
20.93568
16.96693
13.05012
15.74896
11.6231
12.11114
13.17594
18.32875
11.62145
9.892973
10.24632
15.34284
12.9086
8.647535
9.568485
8.275548
7.106947
8.918274
11.78829
12.82109
17.10573
16.87563
18.17639
18.81109
19.24215
13.97122
13.08837
11.75674
9.900741
13.00108
17.53254
12.32736
12.31993
11.27138
11.20392
6.416185
5.359649
5.980958
6.665845
13.21024
7.971035
8.284475
9.37588
7.641005
8.142434
8.674994
7.101368
7.128204
7.471796
9.029528
11.42355
11.73741
9.496732
9.321005
9.131464
11.33764
10.83553
11.88719
12.25823
12.44366
15.95791
15.8316
19.51682
15.19607
13.50027
9.432542
6.660403
6.949621
6.257551
7.495099
6.440156
7.205428
6.929605
9.149152
7.675832
12.99857
16.48853
11.27308
8.897507
11.31593
6.896307
5.08729
6.032448
4.924349
5.178406
10.29794
7.990408
10.50605
6.546332
4.529743
7.250981
6.929172
11.43998
8.32068
7.07872
8.970189
11.96254
11.2414
9.022207
6.307702
6.933457
9.833539
10.09443
9.450021
11.92145
10.78617
12.82816
12.27343
13.62484
11.66065
9.944511
14.49163
11.45209
10.2826
11.44613
10.44561
10.4402
15.51252
15.49257
14.89878
16.39144
10.71439
11.51747
9.549983
10.76581
10.07107
13.14839
7.874061
5.863693
7.204792
10.55764
9.566435
11.72272
10.1573
9.071635
10.73948
9.505387
7.031297
8.42581
8.770717
11.01488
15.10941
11.74975
11.99187
