factor(envID)5 factor(envID)6
-1.039579 0.01951654
-2.020001 -0.3732096
-2.274287 1.908536
-0.5919223 1.055242
-0.4496551 3.244686
0.4474779 3.26694
0.9071036 4.427086
0.1331847 2.936523
0.4092207 3.479196
-0.3281295 2.953331
-1.122285 1.733831
0.9589812 3.037812
0.4271401 4.101152
0.01770618 2.701858
0.3272345 2.04915
-0.0868968 2.165908
0.9388539 3.779486
0.200083 3.580342
0.04314951 1.990785
0.6413683 3.63061
-0.1308993 3.496128
1.150543 2.985021
1.08594 3.852504
1.088195 4.13401
0.5197135 2.695003
-0.0434138 2.801813
0.08903394 3.346176
-0.07258381 2.080444
0.7645681 3.152381
1.374667 3.775448
0.907406 3.27876
1.564707 3.875793
0.377657 3.58922
1.382475 4.802427
1.014491 4.1505
-0.120167 2.947808
0.695396 2.258092
-0.1103954 3.048821
0.1087247 3.076229
-0.7202663 1.519946
-1.377573 1.190872
-1.627908 0.1829508
-1.277413 0.4953598
-1.758616 -0.2126506
-1.637624 -0.5369511
-2.658672 0.1031683
-3.010736 -0.2853927
-1.490415 1.017077
-1.211902 1.916212
-0.4447581 2.517511
-0.1353793 1.7695
0.538124 1.653107
-0.422825 2.400731
-0.1605109 3.150023
0.1084009 3.007063
0.4864857 2.70468
0.9475593 3.2944
0.5655952 2.503925
0.4131932 3.416203
0.0834861 2.8676
-1.107981 1.550447
0.489073 3.148344
0.8893091 3.361891
1.388488 3.950429
1.239748 4.108603
1.868456 3.515958
1.272012 4.202656
0.74578 4.138803
0.6818044 3.665255
-1.071139 2.253286
-0.4248911 2.03626
-0.9463533 1.956192
-1.372931 1.214999
-1.698495 1.520132
-1.772678 1.310782
-1.90986 1.683918
-1.492918 0.6930903
-1.890881 0.3231366
-1.360664 1.367796
-0.880302 1.631966
-1.433264 1.873362
-0.5709578 2.632559
-0.9737704 1.596623
-1.162762 2.564615
-0.6822515 2.126357
-0.2118663 3.030674
-1.510559 0.7124689
-1.511839 0.4463073
-3.063959 -0.1097569
-2.058216 0.3144982
-2.385019 0.6770662
-4.385606 -0.1565706
-3.2472 -1.476456
-4.667789 -2.186916
-3.849995 -0.4408616
-4.941476 -2.680654
-5.270554 -2.446916
-5.825538 -2.561485
-6.398882 -3.868139
-6.753012 -3.282959
-6.887357 -4.585408
-8.353406 -4.709996
-6.483048 -3.660367
-7.606747 -4.467696
-6.101254 -4.461984
-7.804937 -5.737364
-7.34117 -5.804688
-7.773517 -4.253151
-7.702649 -5.975723
-8.627472 -6.030511
-9.72957 -7.416345
-9.81428 -8.018744
-10.50169 -8.513808
-13.69709 -10.2331
-13.37322 -10.63419
-13.96208 -9.405326
-12.86569 -9.555005
-12.16111 -10.28435
-11.7585 -8.618105
-10.99267 -8.084327
-8.214388 -5.562278
-7.524202 -5.231261
-6.741194 -4.870205
-7.791283 -5.074832
-9.776854 -7.099412
-8.302078 -5.26608
-6.690591 -4.195915
-6.435075 -3.53202
-6.02047 -2.989711
-6.785716 -3.518892
-6.679584 -3.043304
-7.433077 -3.566306
-7.267734 -4.220996
-7.827319 -3.760429
-8.176054 -4.102689
-9.092628 -6.034466
-7.755654 -5.781502
-7.159094 -5.092778
-6.991232 -4.062562
-7.597983 -5.312796
-8.461295 -6.008412
-10.6048 -8.715893
-12.14579 -9.845743
-11.19397 -8.715474
-11.92188 -8.925072
-12.77009 -10.29895
-15.25267 -10.79866
-13.94777 -11.50999
-14.58097 -11.11829
-14.75439 -12.72242
-16.6873 -14.57156
-15.95666 -12.95481
-15.6675 -12.43121
-16.3926 -12.74629
-15.33749 -13.37595
-15.65266 -14.07468
-15.56141 -12.77461
-15.36455 -12.84695
-17.22811 -13.4298
-16.7673 -14.3465
-16.61707 -14.02491
-16.18379 -13.66897
-18.32466 -15.52499
-16.4732 -14.10246
-17.04471 -14.12612
-17.18735 -14.58808
-15.74485 -13.00495
-15.78534 -12.23954
-15.24921 -11.85508
-15.62862 -11.91486
-14.34134 -12.07966
-14.82375 -12.82267
-14.93853 -12.73314
-16.00768 -12.55346
-16.02072 -12.24771
-14.21699 -11.59511
-14.20455 -12.42104
-12.96334 -10.64357
-13.72927 -10.91747
-14.135 -12.27696
-13.8583 -11.21457
-13.29576 -11.42797
-12.69011 -9.777776
-12.10455 -9.582685
-12.59541 -9.545441
-12.48653 -9.903512
-12.95725 -9.390449
-12.04344 -9.218129
-12.07422 -8.880636
-13.16715 -9.714212
-12.70551 -9.123907
-11.29898 -9.053559
-10.32393 -7.686179
-11.39386 -9.024956
-12.01811 -8.912352
-10.80953 -9.181626
-11.99433 -9.245473
-11.00108 -7.542233
-10.03466 -6.742489
-10.75003 -8.430576
-11.26781 -8.147205
-11.68897 -8.595242
-9.698494 -7.634382
-9.498082 -7.30958
-9.530797 -7.300368
-10.18725 -6.909405
-9.750543 -7.090258
-10.93272 -8.61585
-11.8251 -9.665624
-12.69908 -10.16505
-12.0143 -8.846535
-11.77049 -9.181662
-11.89201 -8.703518
-11.4717 -8.575128
-12.63185 -9.860304
-13.40107 -10.86245
-13.36582 -10.93778
-14.08441 -12.8605
-15.15977 -11.92727
-14.77619 -12.23738
-14.48386 -12.84713
-13.28852 -10.74621
-12.81936 -10.99314
-13.34979 -10.40986
-13.8616 -10.98324
-13.36372 -10.55556
-14.2541 -11.45113
-13.92348 -11.14183
-13.30416 -10.63561
-12.27952 -9.451108
-12.42245 -10.35677
-13.38705 -10.59769
-12.13047 -9.95206
-11.9774 -8.59554
-11.53243 -9.382524
-10.37796 -8.748304
-12.58984 -9.002309
-11.67661 -9.368407
-12.11389 -10.00018
-12.60025 -10.40544
-12.96415 -10.29931
-12.42617 -11.14482
-12.36204 -9.519628
-12.34063 -9.4365
-12.81863 -9.401257
-12.5622 -10.25215
-12.51203 -9.456254
-13.04201 -9.982623
-11.79436 -8.902217
-11.548 -8.787793
-11.11197 -8.379642
-11.81353 -9.242264
-11.78378 -8.972852
-13.39762 -10.70538
-14.03532 -11.80875
-13.41765 -11.18736
-12.56924 -9.564543
-12.05635 -9.173931
-13.00911 -10.48286
-14.64352 -10.96797
-14.41104 -11.54513
-13.5548 -10.73131
-12.09666 -8.98662
-12.29126 -9.056252
-11.51222 -8.922134
-11.77892 -9.514083
-10.85993 -7.633971
-12.86034 -10.47669
-13.16489 -10.42155
-13.62134 -10.68361
-13.46227 -9.999605
-14.38453 -11.61519
-13.42956 -11.02244
-14.29174 -11.59953
-14.90772 -11.18959
-13.28945 -10.65601
-12.28973 -11.02866
-12.30249 -9.535073
-13.09913 -10.30761
-13.77781 -11.25385
-13.44669 -10.73935
-13.30411 -11.32118
-13.9862 -11.24707
-15.44214 -11.73346
-15.18151 -11.43088
-13.48707 -11.23588
-13.34381 -10.17647
-13.50021 -9.92848
-13.88239 -10.33242
-12.05235 -10.17572
-11.79505 -8.98954
-11.91153 -9.446486
-11.30745 -9.007162
-11.2387 -8.546752
-11.64287 -9.011032
-12.83161 -9.954592
-12.62784 -9.917672
-14.52163 -11.72416
-14.27522 -11.31269
-14.74281 -11.33917
-15.17449 -12.46545
-16.93864 -13.06226
-16.12972 -14.37012
-16.45139 -14.45462
-16.75237 -14.96359
-17.00339 -14.95714
-18.07132 -14.61201
-17.21059 -14.97612
-18.51582 -15.214
-18.91237 -16.17932
-17.74332 -15.12523
-16.75505 -13.90433
-16.84905 -14.31305
-15.58012 -13.15147
-15.48355 -12.55024
-15.41528 -13.16898
-17.3777 -12.57061
-17.32654 -14.88901
-17.8991 -15.52533
-16.98848 -14.91338
-16.43326 -13.98022
-18.10625 -15.88709
-18.16225 -15.5902
-19.63584 -16.33706
-20.61376 -17.89106
-20.18722 -17.86388
-22.28008 -18.55408
-22.50013 -18.84677
-21.29123 -18.80718
-22.26005 -19.12084
-20.49084 -17.91557
-19.76949 -18.28955
-20.26273 -16.93138
-20.47128 -17.13622
-19.21087 -16.35772
-18.91852 -15.45835
-19.5405 -16.68205
-18.81951 -16.1
-18.16551 -15.07953
-17.04244 -14.28321
-16.21362 -13.51145
-16.48313 -14.028
-17.06479 -15.63167
-16.62438 -13.63103
-16.89251 -14.06343
-17.37813 -14.33785
-15.34422 -13.90432
-16.2961 -12.85883
-18.04341 -13.88682
-17.75472 -14.92902
-18.38078 -15.54683
-18.30859 -15.88623
-17.61236 -15.17838
-18.3419 -15.0411
-17.15267 -14.16706
-18.04393 -15.06006
-17.35814 -14.81433
-16.93396 -13.66687
-15.56749 -14.43902
-16.38403 -13.2532
-16.10907 -12.95118
-15.65112 -10.87514
-15.50354 -12.71441
-17.61897 -14.51132
-16.22242 -13.77655
-17.99312 -15.40894
-17.90408 -15.3466
-18.17164 -15.33576
-16.85266 -14.53603
-18.57197 -16.19975
-18.56375 -16.78294
-19.2625 -16.59895
-19.3281 -16.3618
-20.3263 -16.97068
-19.5012 -16.49805
-19.53123 -16.91648
-20.26 -17.08876
-20.06885 -17.28906
-20.33351 -17.67547
-21.88792 -18.24787
-22.26341 -19.15892
-22.38363 -19.45676
-21.65996 -19.72933
-22.55636 -18.92066
-22.51063 -20.117
-22.08552 -19.66379
-22.91963 -19.07868
-23.49452 -20.60251
-23.48085 -21.3739
-22.35332 -19.85235
-24.16474 -21.70588
-25.15305 -21.5335
-24.03018 -20.71714
-24.25705 -20.86574
-22.77038 -19.4781
-22.75843 -20.10102
-22.32205 -19.35985
-22.61853 -19.99218
-21.77221 -18.63642
-22.1341 -18.86765
-22.83313 -20.42498
-23.8985 -20.74722
-24.31918 -22.41211
-24.51396 -21.75692
-24.68165 -23.14775
-24.23786 -21.72131
-24.10218 -21.3095
-22.80999 -19.43743
-21.88962 -19.47398
-22.77506 -20.76923
-23.10714 -21.68838
-24.66167 -22.14625
-23.93784 -20.8283
-24.52177 -21.55881
-24.44153 -21.33276
-23.5706 -20.58153
-23.28406 -20.54581
-23.02677 -19.77039
-22.66521 -20.55041
-23.61636 -20.45728
-24.02547 -20.43107
-22.9685 -20.12917
-23.0305 -20.74846
-22.58452 -20.14558
-23.00049 -19.62926
-22.56856 -19.70991
-23.3273 -20.1914
-22.96119 -20.40292
-23.66113 -20.33805
-23.92716 -21.38353
-24.0956 -21.78126
-25.03139 -21.32562
-26.63992 -22.988
-24.98082 -22.24625
-26.17936 -23.4056
-25.07774 -22.51913
-26.36853 -23.66984
-24.57721 -22.51536
-26.359 -23.19666
-25.74939 -22.84571
-25.79856 -23.13906
-26.4698 -23.98679
-26.6193 -24.12107
-25.4848 -23.68015
-26.5049 -23.27341
-26.26646 -23.88434
-26.88652 -23.7574
-26.89086 -23.02912
-25.23074 -23.19085
-25.63412 -23.34141
-26.18077 -23.88068
-27.02257 -24.47868
-25.85731 -23.54397
-26.35292 -23.14443
-24.18179 -21.29059
-24.38788 -21.36009
-24.69423 -21.14342
-23.19903 -20.24674
-23.45635 -20.64397
-22.74221 -20.01501
-22.9657 -20.10707
-23.91213 -20.91017
-25.79454 -23.00991
-24.70882 -22.88003
-25.40702 -22.74039
-25.61233 -21.90039
-26.48746 -22.87263
-26.00773 -22.53417
-23.46392 -22.33164
-24.28286 -21.56914
-24.4414 -21.56149
-23.23849 -20.62795
-23.15162 -21.08224
-23.17708 -19.87266
-21.70404 -19.25459
-21.92714 -19.47761
-23.2524 -20.69211
-22.85993 -20.50391
-23.18732 -19.73328
-22.89304 -20.35567
-22.76734 -20.03313
-24.55602 -21.43181
-23.38083 -20.85965
-25.50958 -22.37761
-25.44112 -22.28188
-25.54482 -23.14155
-26.20382 -22.70453
-26.05049 -24.30248
-26.94649 -23.7875
-24.81847 -22.47432
-26.39774 -23.19505
-25.93788 -24.02054
-26.52833 -23.53965
-24.55588 -23.10483
-24.2911 -20.67426
-24.12719 -21.17498
-23.69506 -21.47132
-24.65891 -21.17574
-23.76738 -21.27455
-22.35872 -19.92182
-21.76478 -19.00278
-23.07215 -18.7633
-23.62359 -19.7088
-20.94874 -18.91431
-21.69991 -18.85413
-20.85577 -17.80954
-21.09562 -17.44976
-20.97756 -17.79924
-21.71218 -19.18211
-22.79382 -19.44573
-22.42951 -19.80998
-22.55804 -19.47757
-20.89368 -18.43785
-24.08155 -20.55917
-22.63638 -19.90678
-22.55325 -20.12235
-22.87031 -20.77204
-23.27454 -20.794
-23.48382 -21.1385
-23.07758 -20.51311
-21.52321 -20.06751
-23.19478 -19.24503
-23.1574 -20.66631
-23.72502 -20.97859
-23.64577 -21.08852
-25.14144 -22.48543
-25.38614 -23.0754
-25.08058 -22.96378
-23.98699 -21.70778
-24.71773 -21.68976
-26.29906 -23.36086
-26.64074 -23.85907
-25.48626 -22.40122
-25.47506 -22.61622
-25.07833 -22.37597
-24.331 -21.62291
-23.31274 -20.22321
-23.23431 -19.83898
-22.30513 -20.11721
-22.58679 -20.46998
-24.11065 -20.51828
-24.11302 -20.80696
-24.89122 -22.74668
-25.29441 -22.98167
-26.6532 -23.2967
-27.64833 -24.75723
-27.63269 -24.90095
-26.66949 -24.69305
-27.2103 -24.22806
-26.77579 -25.06906
-26.62917 -24.16013
-28.20121 -23.32053
-26.45357 -23.71995
-25.49527 -22.66965
-27.09936 -24.27074
-25.6473 -23.17407
-25.93205 -22.99442
-25.7186 -22.99301
-25.70659 -23.57206
-23.73064 -21.65262
-22.81465 -21.00862
-22.68559 -19.89705
-22.73415 -19.73225
-23.60056 -19.59757
-23.52528 -19.9537
-23.91947 -21.17837
-23.73734 -20.93144
-23.95741 -20.38787
-22.73406 -20.66745
-23.6318 -20.81585
-23.90612 -21.70229
-24.38776 -21.58045
-25.55019 -22.83999
-26.38267 -23.85152
-25.74485 -22.34863
-24.55417 -22.45076
-24.76685 -20.34053
-25.98076 -22.99725
-25.5092 -23.37248
-24.98377 -22.5358
-25.01024 -22.39196
-25.81855 -23.46367
-24.42112 -22.13314
-25.32631 -21.89359
-22.81231 -19.99922
-21.80399 -19.39192
-21.39863 -18.21274
-20.23468 -17.50205
-21.6575 -18.55546
-21.47228 -19.17175
-21.7941 -18.42849
-20.23475 -17.61582
-19.50872 -15.72002
-18.77987 -16.74554
-20.21116 -17.1917
-21.31931 -19.05624
-19.09373 -16.916
-18.68823 -16.22233
-15.95374 -13.80074
-17.55779 -14.95681
-17.67786 -15.59512
-17.16419 -13.41343
-17.36278 -14.25683
-19.01497 -16.26376
-19.26846 -17.13671
-19.18647 -17.55151
-19.96823 -17.76795
-20.50705 -18.77229
-21.88762 -19.64554
-22.8447 -20.57116
-23.55843 -20.68599
-23.24537 -21.17604
-23.21805 -20.53998
-22.66253 -20.30272
-25.79701 -22.95064
-24.33628 -21.47849
-24.03704 -20.82088
-23.73011 -20.36022
-22.64525 -20.66311
-23.66664 -21.09013
-24.29638 -21.91913
-24.07095 -21.27836
-23.32779 -19.76811
-23.29198 -20.31321
-24.02477 -21.30056
-23.1554 -20.69623
-23.77121 -20.31025
-22.00647 -19.33263
-22.03766 -18.81447
-22.64656 -19.64122
-23.84043 -21.7883
-24.63734 -21.21737
-24.35335 -21.07583
-22.85305 -21.92257
-23.67145 -20.96036
-21.63416 -19.17244
-22.04887 -19.89296
-22.32386 -19.13315
-23.10525 -21.281
-23.54932 -19.6824
-22.38873 -19.67126
-22.44508 -19.20751
-22.48656 -20.48107
-23.21213 -19.31262
-21.46736 -18.21639
-21.51991 -18.22341
-21.9711 -18.50753
-21.74279 -18.60153
-23.43308 -20.62637
-23.08628 -20.63522
-22.47103 -18.90836
-18.91404 -17.07531
-18.88255 -15.90828
-18.66748 -15.7772
-18.72579 -16.17937
-19.93989 -17.31924
-19.16511 -16.53227
-18.37667 -14.87622
-19.47686 -16.86267
-19.87701 -16.83654
-20.71229 -17.79313
-19.60097 -15.96636
-17.79032 -15.59615
-18.74486 -16.28072
-19.83637 -16.0733
-20.29371 -17.36057
-19.9786 -17.44746
-19.40706 -17.73323
-19.6876 -16.51461
-19.01578 -16.36652
-19.67525 -16.85761
-19.46385 -16.73413
-19.56271 -16.59418
-19.02716 -16.913
-19.80388 -16.64383
-19.85366 -17.85101
-20.39569 -16.97061
-19.64292 -18.34802
-21.10628 -17.21641
-21.44453 -17.61482
-22.55244 -19.89827
-23.73349 -20.16775
-24.97725 -21.14368
-25.78956 -22.07851
-25.56955 -22.15895
-26.93813 -23.43324
-25.71077 -22.97589
-26.35565 -23.42782
-25.06488 -23.66665
-24.68191 -22.11204
-25.4321 -22.55909
-25.61263 -22.03352
-25.33409 -22.21051
-25.67936 -23.18613
-24.81865 -23.00177
-26.6456 -23.4195
-27.05765 -24.25066
-27.16615 -23.50329
-26.26335 -23.60606
-26.72098 -24.43978
-27.8886 -23.90459
-26.66402 -23.49077
-25.72706 -24.62855
-26.44133 -24.23333
-25.64576 -23.1986
-26.94623 -24.02967
-26.83639 -24.28164
-26.08062 -22.4117
-26.52645 -23.15566
-26.44402 -23.49748
-27.01057 -24.1952
-27.74524 -25.43117
-28.32849 -25.12197
-27.6365 -25.48181
-26.91124 -24.73615
-26.5032 -23.66347
-25.62224 -23.41423
-27.57069 -24.37834
-25.90724 -22.72856
-25.94106 -22.34155
-25.27285 -22.36375
-26.31936 -23.19256
-26.61112 -23.91698
-25.63666 -22.73913
-25.96467 -23.04217
-24.984 -21.71672
-23.55151 -19.84335
-21.08221 -19.34455
-21.07455 -17.53907
-19.35477 -15.95651
-19.76759 -17.55128
-19.28318 -16.86042
-19.20581 -16.32635
-20.43469 -17.86291
-20.23551 -16.35999
-17.55127 -15.14644
-16.0619 -13.78819
-14.71616 -12.10486
-14.36657 -11.77391
-15.53085 -12.43302
-16.83432 -13.12854
-16.5204 -14.10772
-16.80876 -14.71822
-18.20081 -15.7081
-17.94975 -15.00563
-17.96513 -14.36119
-15.79128 -12.49998
-15.87536 -12.96381
-14.87073 -11.85417
-13.39541 -10.37414
-13.21507 -10.06077
-13.99195 -11.75243
-14.58642 -11.69086
-14.1599 -11.88707
-15.02616 -11.13941
-14.22322 -11.185
-13.35264 -11.20045
-13.42563 -9.788656
-12.45753 -9.701965
-13.1134 -10.06446
-13.3179 -10.66097
-12.186 -9.993452
-12.15667 -9.889015
-13.6186 -10.96424
-15.22206 -11.52672
-14.93266 -11.21709
-15.18224 -11.64582
-16.48383 -13.25731
-15.59879 -13.9808
-16.54103 -12.7488
-16.19831 -14.15973
-17.54854 -15.11733
-18.54223 -16.2102
-20.1672 -18.08872
-19.96194 -16.59304
-20.27836 -16.54388
-20.14369 -16.86479
-20.9653 -18.58235
-22.02812 -19.61395
-22.89722 -19.7302
-24.24125 -20.7581
-23.92271 -21.86952
-23.33293 -21.17216
-22.977 -20.24236
-22.41596 -19.92738
-21.58233 -19.36742
-22.09504 -20.09948
-22.20863 -19.18305
-23.6708 -21.17407
-22.33447 -20.24253
-22.29398 -19.65212
-20.58107 -18.89894
-20.60298 -17.28688
-21.0252 -18.50037
-20.68197 -18.74317
-21.75365 -18.94034
-21.50441 -18.42484
-21.44709 -18.82597
-20.92525 -18.58704
-23.03554 -20.17844
-23.15871 -20.32564
-23.88651 -20.72691
-23.38391 -19.97352
-22.80031 -19.66945
-23.5164 -19.66109
-22.4091 -20.4615
-22.9635 -21.0791
-23.59571 -19.30257
-21.77271 -18.98079
-21.2044 -18.55218
-21.0607 -18.07802
-19.28964 -16.73589
-18.59073 -16.63372
-18.10046 -16.16256
-17.73719 -15.13558
-15.69567 -13.71444
-15.80092 -12.97865
-15.38769 -13.30622
-13.70508 -11.22773
-13.32263 -10.27842
-12.62123 -9.841883
-11.90488 -10.15406
-13.71747 -10.5227
-14.06859 -10.84017
-14.6272 -11.10458
-14.31995 -11.11215
-14.32791 -11.33731
-13.00301 -10.17257
-13.89765 -10.6935
-13.19197 -10.7018
-13.97415 -10.81687
-14.07191 -11.70147
-13.53274 -11.53432
-13.75906 -11.14357
-14.09692 -11.08171
-14.84041 -11.53749
-13.1485 -9.805602
-13.67217 -10.49942
-14.41971 -11.27859
-13.99746 -10.57883
-13.32937 -10.25309
-15.04771 -11.72604
-14.53806 -12.50833
-15.30101 -12.59579
-15.60533 -13.43009
-17.19945 -13.99314
-16.44962 -13.83784
-15.06055 -12.59112
-15.48781 -12.31294
-16.18395 -13.59207
-17.5544 -13.99034
-17.8854 -14.67401
-18.62519 -15.01817
-17.87467 -15.28553
-18.7243 -15.26741
-18.83087 -15.99908
-18.22135 -15.59162
-16.61215 -14.05809
-16.77169 -13.95741
-16.20684 -13.67656
-15.34849 -13.85604
-16.32697 -13.27616
-14.8888 -12.46357
-14.58272 -12.08254
-14.41216 -12.48143
-14.81024 -10.88499
-13.55941 -10.6956
-13.87719 -11.07257
-14.11097 -11.66719
-13.21605 -10.56116
-11.81485 -9.94552
-12.42105 -10.51953
-14.33994 -11.1168
-13.9393 -11.62908
-14.75965 -11.66264
-14.67067 -12.28217
-15.5129 -12.70369
-14.64703 -12.69006
-14.36759 -11.58752
-13.81657 -10.79358
-13.83971 -12.4281
-12.5768 -10.6417
-14.10107 -11.14845
-14.59651 -11.03986
-13.27519 -10.76644
-12.53486 -9.682868
-11.16236 -7.821443
-11.06367 -8.680337
-9.648573 -7.914922
-11.85924 -9.028344
-12.74454 -8.958651
-13.44649 -11.24361
-11.91849 -9.69174
-11.3107 -8.729933
-12.10242 -9.192826
-13.26387 -10.60632
-13.99506 -10.61482
-12.11755 -9.125083
-10.53619 -8.710202
-10.71036 -8.736966
-11.28014 -8.142931
-11.57146 -8.940892
-11.18457 -8.829278
-10.93416 -8.937178
-10.28375 -7.834647
-11.4458 -8.310413
-10.79173 -8.205713
-11.06136 -7.520459
-10.5622 -7.705487
-11.50553 -8.148916
-10.49727 -7.757736
-9.646317 -7.56965
-10.08252 -7.895895
-9.475401 -6.780473
-8.713647 -6.203412
-8.582731 -6.069621
-7.61842 -5.275879
-8.932262 -5.903115
-7.695286 -5.652919
-8.376763 -5.893042
-9.513537 -6.437388
-11.42783 -7.49962
-11.52612 -9.224393
-12.08889 -9.766076
-11.53679 -8.710087
-12.52265 -9.182028
-12.53649 -9.435846
-13.28479 -10.87106
-13.80665 -11.12435
-14.95694 -11.72848
-14.83056 -11.394
-14.09645 -11.29888
-14.42144 -11.70386
-14.97545 -12.40694
-13.81799 -10.50409
-13.20673 -10.11567
-12.11735 -9.562216
-11.77763 -9.49492
-9.546277 -7.479443
-9.67553 -6.596233
-7.994777 -5.226184
-8.378143 -5.515132
-7.743142 -5.197765
-7.807909 -5.808688
-8.396806 -6.003845
-7.943705 -5.4483
-8.817328 -6.078192
-8.737434 -5.121096
-8.119284 -5.166625
-8.079366 -5.694058
-7.93866 -5.416687
-9.409892 -5.801263
-9.479562 -6.248801
-8.073026 -5.326829
-8.241658 -5.458571
-8.161829 -5.233774
-7.400262 -4.894531
-6.800045 -3.432976
-6.157285 -3.841285
-7.414572 -4.958491
-5.73062 -3.092704
-5.827731 -4.45525
-6.174073 -3.319689
-6.525005 -3.926767
-6.724582 -3.95885
-7.55645 -5.711951
-7.293267 -4.791062
-6.297709 -3.527051
-6.391962 -3.543591
-6.815955 -2.512325
-4.848067 -1.555839
-4.691978 -1.855765
-6.535665 -4.310195
-7.030474 -4.45412
-7.0171 -4.404338
-6.999362 -3.622709
-7.110542 -3.66017
-7.804987 -3.871466
-6.717237 -4.572986
-6.214291 -3.657512
-7.154426 -2.739812
-7.674473 -5.128769
-8.240421 -4.765727
-8.05701 -4.509826
-7.104795 -3.840269
-7.755201 -5.52998
-8.221277 -5.522905
-8.650739 -6.179963
-8.332019 -5.602328
-7.140655 -5.927071
-8.275962 -5.511635
-6.577654 -4.83099
-5.195153 -3.355093
-6.467676 -3.332675
-6.490697 -3.611707
-5.350566 -2.825797
-5.588939 -2.867348
-5.40911 -2.316527
-5.443714 -2.750972
-4.795223 -2.024574
-6.159742 -2.529036
-5.77873 -3.410845
-6.381391 -3.969033
-6.358756 -4.708552
-7.328667 -5.102333
-8.184906 -6.100494
-8.633181 -6.304648
-8.885903 -6.493213
-8.871497 -5.376947
-8.515753 -5.454223
-8.123319 -6.136997
-7.987636 -5.489403
-6.093092 -3.162069
-5.820589 -2.934854
-6.833084 -4.108864
-7.258135 -3.939707
-7.063731 -4.355009
-5.685507 -3.910674
-4.92997 -2.615082
-5.869527 -1.355253
-6.55366 -3.480958
-6.096989 -2.80631
-5.763905 -2.89824
-4.939261 -3.093836
-5.167816 -1.669138
-6.207863 -2.887009
-6.797468 -1.876406
-6.066209 -3.716916
-5.577508 -3.771612
-6.461909 -4.000232
-5.563084 -2.93622
-7.463659 -4.367358
-8.160921 -6.035244
-8.735663 -6.278065
-8.797639 -5.837271
-8.096948 -4.719611
-7.392483 -4.003339
-7.248845 -4.499234
-8.626191 -6.297142
-9.962419 -7.634832
-9.808195 -7.104528
-9.634044 -7.034625
-9.74143 -6.586607
-6.979751 -3.769104
-7.926239 -5.712149
-8.959879 -6.32827
-9.276392 -5.839632
-8.164361 -5.671141
-7.326168 -5.213783
-8.657524 -5.646978
-8.507572 -5.51151
-8.798006 -6.88998
-8.691013 -5.754131
-7.877892 -5.630288
-8.823754 -6.110393
-8.815671 -5.928526
-7.319907 -4.062029
-8.595522 -5.214495
-6.768606 -3.242919
-6.253335 -2.21784
-3.938036 -2.87669
-4.028171 -1.210888
-2.417885 -0.3313431
-2.542292 -0.650527
-3.576289 0.08088171
-4.186314 -1.303975
-2.798761 -0.2366984
-3.12665 0.2328709
-1.088208 1.85082
-2.091911 0.2039056
-0.3097143 1.652114
-2.254375 0.8651781
-1.094219 2.298228
-0.04787543 1.71404
-0.2146213 1.503435
-0.5577148 1.923531
0.09081785 2.521854
0.2458039 2.373199
0.0708691 3.849398
0.8054558 3.394193
1.117859 4.20101
1.085776 3.834515
1.093625 3.815049
0.7603977 3.830408
1.420149 4.659148
1.282532 3.690084
1.4427 3.931424
1.196601 4.468135
1.925297 5.145416
2.404356 5.656375
2.035002 5.245163
1.94124 4.718188
1.020194 4.111336
1.521135 4.998847
-0.08704311 2.637477
1.913358 5.002849
2.578933 5.180932
3.52406 6.231213
3.593197 6.71872
3.851491 7.044778
4.373721 7.186903
4.968725 6.421162
3.449529 6.749711
2.307397 5.495303
2.403269 4.547416
3.542356 6.554227
4.172979 7.131629
3.632715 6.022432
5.082296 7.149548
5.57277 8.265321
5.780002 9.787507
5.662833 9.060113
5.908258 8.695794
5.328317 8.083439
6.004064 8.869624
4.81084 7.545521
3.868334 6.445436
3.262956 6.049347
0.1044494 3.76347
1.740434 4.334133
2.332495 4.096189
1.654922 4.294771
0.6483299 3.424098
1.079285 3.828353
1.20789 3.567154
1.223353 3.699805
0.5881102 3.569905
1.0703 3.421266
1.596696 3.977752
1.155611 4.427898
-0.4758641 2.224345
-1.268395 1.327704
-1.892985 1.101217
-1.851109 0.8165426
-1.56926 0.9752665
-1.573779 0.6578787
-2.115319 1.206508
-2.786954 -0.09711112
-0.7678922 1.206697
-0.1653792 1.954309
-0.1018648 2.112533
-0.7597723 1.871108
-1.992205 1.4901
-2.093144 0.8127911
-1.363211 1.24424
-0.3859602 1.545453
-1.059283 2.288297
-1.231135 1.505218
-1.459142 1.48227
-1.861703 2.038438
-2.904938 -0.2977388
-3.364444 -0.6075268
-4.148471 -0.7798161
-4.856126 -1.758788
-5.118805 -1.752998
-3.047995 -0.8169843
-2.807071 0.02201036
-2.076696 0.5495201
-1.581907 1.387709
-1.80018 0.8167579
-2.092738 0.1989962
-2.186206 -0.3212899
-2.548891 0.01422427
-3.672177 -1.198376
-3.406717 -0.1923416
-3.39049 -0.8935983
-3.657401 -1.086061
-4.976637 -1.963044
-4.66965 -2.006846
-3.919032 -2.011979
-5.390444 -2.920731
-6.27223 -2.857287
-7.60342 -4.385992
-6.760812 -3.800073
-7.797281 -4.152722
-8.393005 -5.560235
-9.755587 -6.448851
-9.691859 -6.22263
-10.25318 -7.896725
-10.60893 -7.853807
-9.091629 -7.100658
-8.095788 -4.989638
-7.648125 -5.17886
-9.228826 -5.578949
-8.854399 -6.60216
-7.922406 -6.855401
-7.906292 -4.638193
-6.264555 -3.98619
-3.784078 -1.235259
-5.070171 -1.067528
-4.780158 -2.289923
-5.50219 -2.235552
-6.100228 -3.554655
-6.080263 -3.25656
-5.283705 -1.884368
-5.82684 -3.176296
-6.565718 -4.035383
-5.855976 -3.180522
-4.769769 -3.244671
-4.692314 -2.589022
-6.790315 -2.653974
-6.224246 -3.945611
-5.514759 -3.024008
-4.989635 -2.539709
-4.676018 -1.367461
-4.313734 -1.683264
-5.973423 -4.064693
-5.937346 -3.203647
-8.83368 -5.48811
-7.978463 -4.192621
-7.015716 -4.48196
-6.894657 -3.491723
-8.199481 -4.814066
-8.431363 -4.831975
-8.184576 -6.112793
-9.297752 -6.151132
-8.540197 -6.424218
-9.210864 -6.932604
-10.29856 -7.935331
-9.726227 -7.728749
-8.690155 -6.515221
-8.482385 -6.674238
-9.517235 -6.136098
-9.847213 -7.364718
-9.421243 -7.86666
-10.60602 -7.900319
-11.07586 -7.980362
-10.68364 -8.020081
-10.66335 -7.373988
-10.59203 -7.177605
-9.68362 -6.771731
-10.97489 -8.370643
-10.55118 -8.790545
-11.32682 -8.794268
-9.792648 -7.109816
-10.31554 -6.09046
-9.506793 -6.600768
-10.29195 -7.060061
-10.61397 -7.898879
-11.60823 -8.104689
-10.93082 -7.897977
-7.360661 -6.041543
-8.410553 -5.801096
-7.058282 -4.40932
-6.762718 -4.238595
-7.054904 -4.946286
-8.493673 -4.678993
-7.510769 -5.300218
-8.01173 -5.390947
-8.362459 -6.096036
-9.641808 -6.672442
-11.7598 -9.675164
-10.92219 -7.38929
-10.8425 -8.321542
-11.10893 -8.4619
-12.9762 -10.0388
-13.46104 -11.90329
-11.88615 -9.537638
-12.5017 -9.795944
-11.96143 -9.980793
-11.72961 -8.619239
-11.77084 -9.290758
-11.80406 -9.022049
-11.2894 -8.825498
-10.69535 -8.43687
-8.026653 -6.181648
-9.037163 -7.038148
-9.36868 -6.469153
-9.932428 -7.245155
-11.00105 -8.087298
-11.21703 -8.348793
-10.86167 -7.473143
-14.13856 -10.66775
-13.98047 -11.22198
-14.19952 -11.53483
-12.65361 -10.24601
-12.01777 -10.08825
-13.06496 -10.38679
-14.1931 -11.03645
-12.71048 -9.114377
-11.0035 -9.331121
-11.13347 -8.896045
-10.70343 -8.561332
-10.38907 -6.923946
-10.79433 -7.490597
-10.51233 -7.936686
-9.711543 -7.804857
-7.671756 -5.621989
-7.683418 -5.461618
-8.685077 -5.885038
-8.901011 -6.061768
-6.857766 -4.560055
-6.913284 -4.37218
-7.27394 -2.633903
-8.378022 -4.989721
-8.164368 -5.383147
-9.386904 -6.592032
-10.96017 -7.839023
-12.25608 -9.253761
-11.18551 -9.259652
-11.06314 -7.26487
-10.76803 -8.898397
-10.22525 -7.127649
-11.32386 -7.471717
-12.42326 -8.602638
-12.09592 -8.312919
-12.3008 -8.482499
-11.64831 -9.358022
-13.86523 -10.98863
-13.94665 -11.95218
-13.50788 -10.95049
-13.3383 -11.28295
-13.76885 -10.74628
-12.23796 -9.65224
-11.44333 -7.854264
-11.33402 -8.250684
-11.91428 -10.13416
-12.03801 -8.462003
-11.60581 -8.762031
-11.05152 -9.224538
-12.19546 -9.69365
-11.84316 -10.07261
-13.4227 -10.42865
-12.41579 -10.56516
-12.36095 -9.982641
-12.40385 -9.233994
-10.64941 -8.531515
-9.816574 -7.028565
-10.82689 -7.333149
-10.73272 -7.419293
-9.069555 -5.809628
-8.50156 -5.970373
-8.575351 -5.961738
-8.913352 -5.716977
-7.648938 -5.682044
-9.451876 -6.28486
-10.2708 -7.242511
-9.101956 -6.527722
-8.474574 -5.263696
-9.672537 -6.295843
-9.522885 -6.978627
-9.653078 -6.005201
-10.20979 -7.444531
-10.98241 -8.703621
-11.08621 -8.031392
-11.77797 -9.292332
-12.61753 -9.398562
-13.12005 -10.07361
-14.04776 -11.99741
-12.84926 -10.70706
-12.20761 -9.049103
-12.6682 -8.824051
-13.41222 -10.97372
-14.22524 -10.5042
-14.50584 -11.06531
-14.9575 -11.41027
-13.50638 -9.988939
-12.05657 -9.427247
-13.2904 -10.71284
-12.476 -9.149231
-12.34617 -9.509783
-12.31255 -10.67648
-13.12478 -9.815938
-11.51701 -9.074812
-12.0598 -10.01417
-12.74791 -10.57643
-13.59847 -10.20806
-14.75452 -11.20701
-13.81765 -11.14011
-14.53559 -11.78419
-15.6665 -12.34037
-15.92094 -13.71125
-15.90487 -13.48352
-15.25092 -12.39508
-14.20663 -11.55925
-16.2935 -13.59454
-15.42603 -13.33603
-15.21612 -12.4175
-15.90812 -14.26963
-16.40489 -13.47417
-15.22677 -13.43261
-14.85927 -12.59438
-15.59153 -12.82058
-15.80189 -13.65456
-16.95987 -13.47558
-15.21381 -13.39497
-15.42834 -12.35307
-15.5849 -12.84956
-16.11267 -14.40997
-15.89579 -14.29673
-17.53595 -14.59463
-18.40883 -15.21816
-16.47354 -14.40381
-17.04128 -13.82073
-16.35445 -12.27104
-14.3699 -11.60197
-15.66665 -12.46171
-14.94264 -12.82405
-14.8532 -12.88952
-14.64507 -12.33239
-13.40197 -10.27825
-12.96258 -10.86972
-12.28559 -9.974197
-12.18164 -9.366117
-12.21299 -10.32436
-13.21448 -10.9194
-11.27561 -8.8546
-11.4712 -8.770401
-11.58174 -9.05062
-10.72362 -7.775801
-11.45961 -8.730094
-11.80523 -8.714948
-13.40796 -9.771315
-12.8009 -10.74725
-14.16256 -12.1738
-12.79732 -11.06195
-13.68854 -11.42869
-12.69579 -10.44978
-11.8834 -9.011976
-11.45535 -8.803945
-9.936098 -7.606398
-9.388912 -7.488746
-10.0412 -7.202158
-9.353052 -7.471887
-9.788701 -6.104957
-8.613478 -5.820527
-8.589965 -5.46442
-8.319047 -4.781937
-8.857121 -6.038548
-8.583199 -5.810264
-8.800072 -5.874427
-10.81708 -7.426822
-11.86772 -9.313883
-12.77435 -10.45997
-13.44709 -11.08686
-14.35008 -11.01285
-15.7238 -12.00544
-15.89816 -12.25028
-15.745 -12.95809
-14.78468 -13.23563
-16.5394 -14.17676
-16.82629 -12.86524
-16.01958 -13.15424
-15.99446 -13.11024
-15.56755 -13.02476
-15.72605 -11.98924
-15.87278 -13.29125
-17.98102 -14.43356
-17.2381 -14.14976
-16.22581 -13.87036
-17.46755 -14.40272
-15.49402 -12.46698
-15.08509 -12.5369
-15.89588 -14.04346
-15.71551 -13.37765
-16.20225 -14.17011
-17.8632 -14.6903
-17.31951 -14.22073
-16.83665 -14.65948
-17.19706 -14.70578
-18.0291 -15.24149
-17.85136 -15.86586
-20.24549 -16.68943
-20.94062 -18.0833
-21.23565 -17.66293
-20.28169 -17.22041
-21.45773 -19.45369
-22.47105 -18.72672
-22.00077 -19.39614
-23.18287 -20.69781
-23.2536 -21.03092
-24.36894 -20.8518
-22.38796 -19.16247
-23.89434 -20.25129
-25.2234 -22.4258
-24.75319 -22.60536
-27.29399 -23.39485
-27.17931 -24.75729
-25.51196 -21.85686
-24.31893 -22.08507
-24.86909 -22.95322
-24.07016 -21.34617
-24.88407 -22.33639
-24.91698 -21.49717
-24.95494 -22.36871
-23.68469 -22.16665
-24.42492 -21.28647
-23.84895 -21.42437
-25.00142 -21.19608
-25.79282 -21.63766
-25.06615 -22.44776
-25.45783 -23.041
-26.18631 -24.02657
-26.5637 -23.99243
-25.87801 -22.12631
-25.54568 -22.38762
-25.64242 -22.84606
-26.16293 -23.72926
-26.36795 -23.03989
-27.27116 -24.14667
-26.40831 -24.31773
-28.00936 -25.60232
-27.44421 -24.18387
-27.02863 -24.43246
-27.25312 -23.99887
-26.20646 -23.18858
-25.73572 -23.08985
-25.12869 -22.81383
-24.64478 -22.09568
-25.53371 -23.10987
-25.71823 -23.01079
-25.7969 -23.62378
-24.40722 -23.04778
-26.84144 -23.93917
-25.871 -24.09305
-26.44961 -24.0375
-26.6033 -24.05
-26.60671 -24.1533
-27.54694 -24.08231
-28.22553 -23.94382
-28.30094 -26.42213
-30.49652 -26.60679
-27.94975 -25.51932
-28.32886 -25.37345
-27.51937 -24.80483
-27.53173 -25.49809
-26.62985 -24.86436
-27.22696 -23.78932
-28.03748 -25.36157
-28.1596 -25.94506
-28.87648 -27.44069
-28.94856 -26.03709
-29.46045 -26.82758
-29.50315 -26.74776
-29.29556 -26.48443
-27.73604 -25.18015
-27.35788 -23.56908
-27.468 -25.10347
-27.82914 -23.95404
-27.7315 -25.79495
-29.38076 -26.19656
-29.07678 -26.01907
-30.56103 -27.29078
-29.90159 -27.93658
-29.72722 -26.37115
-28.28703 -24.41901
-27.36143 -25.34154
-27.61509 -25.19317
-26.93804 -24.22459
-26.2664 -24.11432
-27.10666 -24.83394
-26.13426 -23.76958
-26.01953 -23.05644
-26.03485 -24.14213
-25.07188 -22.3529
-24.03011 -20.98652
-23.8161 -20.38686
-22.94682 -19.50211
-20.69982 -17.97388
-22.21182 -19.39505
-20.98104 -18.97749
-22.09552 -19.03644
-22.48966 -19.56154
-22.43239 -19.16763
-21.18104 -19.24763
-20.6484 -18.7864
-20.70275 -18.63708
-21.58915 -18.83123
-22.7494 -19.61149
-21.14106 -18.28263
-20.82782 -17.34791
-21.81721 -18.95451
-20.00375 -16.93796
-18.64676 -15.67874
-17.83845 -16.31351
-16.70696 -13.33031
-18.85846 -15.13753
-17.71389 -14.80864
-16.68754 -15.25762
-18.22858 -15.10568
-20.24457 -17.40038
-19.49957 -16.09405
-18.76368 -16.74503
-19.17337 -16.3371
-20.71605 -17.33522
-21.49562 -18.64327
-19.66866 -17.0972
-19.99378 -16.72568
-19.33188 -16.72975
-19.64297 -16.2208
-18.31826 -15.34709
-18.80235 -17.03157
-19.97231 -16.73605
-19.41649 -16.27129
-19.34024 -16.54225
-20.9596 -18.82441
-20.89897 -16.89357
-19.01028 -16.79752
-19.24219 -16.30506
-19.82751 -17.58543
-20.43844 -17.89808
-22.36972 -19.87047
-21.57147 -18.84509
-22.26442 -19.53618
-23.4286 -21.0592
-22.68295 -19.11385
-23.15543 -21.06889
-24.15946 -22.25824
-25.19404 -21.43825
-24.58693 -21.58684
-24.21225 -22.188
-24.72223 -21.49538
-24.28252 -20.94816
-24.47398 -21.85206
-25.25872 -22.36821
-25.26295 -21.6305
-25.44845 -22.53715
-24.58103 -21.04449
-24.17657 -22.44
-24.94692 -22.89704
-24.63171 -21.08665
-24.29351 -21.5397
-23.77491 -20.90682
-22.9748 -20.88863
-21.81848 -18.6781
-21.60353 -20.47252
-24.22644 -22.87392
-25.22902 -23.43375
-25.31795 -22.52885
-26.63299 -22.79912
-23.78526 -21.87093
-23.30131 -19.93671
-23.50952 -20.42273
-22.52277 -20.57744
-24.37287 -21.85817
-24.32467 -20.93459
-23.84296 -21.27292
-23.89022 -21.24645
-23.05787 -20.92193
-23.61116 -19.71548
-23.93089 -20.3017
-22.95776 -20.33978
-22.61741 -19.45396
-22.25247 -19.30016
-21.37735 -19.28799
-21.54591 -19.17167
-21.38508 -18.18672
-24.54231 -20.768
-26.01739 -22.31728
-23.80237 -21.88896
-23.85942 -20.82228
-21.62547 -20.57849
-21.96721 -19.0089
-21.01131 -18.53435
-19.3028 -16.49671
-17.94872 -15.59376
-17.575 -15.48863
-17.13269 -15.07904
-18.43317 -15.11261
-17.82572 -14.20129
-16.51264 -14.08368
-16.23895 -13.26987
-15.57794 -11.98606
-14.40063 -13.03616
-14.5461 -13.36179
-15.09123 -12.9758
-16.02941 -13.25341
-15.94064 -12.68969
-15.13244 -12.70448
-16.71871 -13.17654
-17.04856 -14.00584
-16.81937 -14.00345
-15.83181 -13.13461
-16.28348 -13.46077
-16.18884 -13.08385
-16.78008 -13.74123
-16.55937 -13.53382
-15.17999 -12.86973
-17.48829 -14.78846
-16.19866 -12.11661
-17.20266 -14.33554
-18.29754 -15.47079
-18.36902 -15.28797
-17.7572 -15.04289
-17.85547 -15.94201
-17.61977 -14.21735
-18.76121 -16.11122
-19.68298 -17.4641
-19.49128 -17.66429
-17.8088 -15.97402
-18.32346 -15.13185
-18.94524 -15.43108
-21.32836 -18.58598
-19.5509 -16.61715
-17.99805 -16.43405
-19.50838 -15.79889
-19.13802 -16.52199
-19.38148 -16.0773
-18.85166 -15.87036
-19.20119 -16.54088
-17.71996 -14.69081
-18.17042 -15.07877
-16.46039 -14.50231
-15.0439 -11.78074
-12.17023 -9.672863
-11.30019 -9.287398
-13.54896 -10.9449
-13.46082 -10.7285
-12.64345 -10.99678
-13.65484 -10.67906
-11.93078 -10.4417
-10.77728 -8.299188
-10.40644 -8.687405
-11.39455 -8.894456
-10.12763 -7.324084
-10.36681 -7.198786
-9.972277 -6.524121
-9.094745 -6.246575
-9.620024 -6.815951
-10.58302 -6.09429
-10.24369 -6.761597
-10.28648 -6.569605
-9.07291 -6.959166
-10.46822 -8.403365
-11.20166 -7.857697
-11.58818 -8.842505
-11.887 -8.883474
-9.929232 -6.65385
-9.082222 -5.791443
-10.11922 -7.19405
-8.592732 -6.201611
-8.905869 -5.595224
-8.924864 -6.27095
-7.350501 -5.069494
-7.99841 -5.203226
-6.977992 -4.986871
-7.079697 -5.549913
-6.294675 -3.043404
-5.315718 -1.935006
-5.026531 -2.156645
-3.578895 -1.415406
-2.790966 0.08688429
-1.57224 -0.2524129
-1.90765 0.583865
-3.248259 -0.8593674
-4.297009 -1.616149
-3.239128 -0.7758197
-2.751225 -0.3314931
-2.115061 0.3080738
-1.43832 1.736975
-2.203637 0.2542988
-2.524244 0.2249791
-2.819056 -0.6605954
-3.340699 0.1246691
-3.763241 -1.542502
-3.31131 -1.964209
-3.561705 -1.175248
-3.215346 -0.7667353
-1.662973 -0.1001619
-1.949511 0.4965749
-2.017416 0.8708989
-0.954626 1.542112
-1.833262 1.107755
-1.563742 1.071284
-1.455163 1.652446
-1.607328 1.529704
-1.968884 1.575872
-0.3523986 1.728789
-0.3693335 1.003702
-0.1635481 2.329226
-1.780736 1.398529
-2.752679 -0.2170659
-3.208366 -0.3410661
-3.452516 -0.3807062
-1.83304 0.9168456
-3.948475 0.9352019
-2.271231 -0.8143096
-4.337758 -2.351703
-4.888762 -2.963802
-5.43261 -3.851378
-4.933781 -3.128221
-6.766437 -4.000884
-7.14782 -4.320728
-7.91157 -4.032589
-5.83231 -3.304623
-6.359521 -4.267792
-4.637781 -2.274776
-5.821944 -2.156331
-5.647173 -2.736359
-3.928092 -2.086439
-4.513165 -2.430279
-4.260665 -2.523251
-4.252774 -1.838873
-4.6932 -1.192307
-5.449615 -2.224786
-5.125386 -2.088382
-4.379746 -2.17837
-4.731123 -1.100602
-4.604968 -1.258532
-5.276052 -1.782737
-5.249585 -2.056562
-3.889382 -0.06816624
-2.121327 1.494533
-1.426606 -0.1276698
-1.961179 0.5121477
-1.184909 0.8950443
-1.672814 1.409788
-1.049268 1.297372
-1.853708 1.640028
-2.388575 0.3606937
-0.3335637 1.343059
-0.140823 2.353226
1.125171 3.200767
1.494368 3.323821
1.203896 3.705933
0.7534641 4.108084
0.5567472 2.744719
0.496498 3.91007
0.4605488 4.035403
0.5490553 3.719585
0.2024439 3.208734
-0.07305963 3.475659
0.6212278 2.681726
-0.1626718 3.216075
1.970994 3.733552
0.3847301 4.470658
0.370371 3.356626
1.142904 5.041328
2.133436 4.77558
2.019887 5.11107
2.458824 4.702956
3.792396 5.650986
4.475896 7.891059
4.958513 7.642776
4.721758 7.886582
5.67364 9.001686
5.779298 8.946562
3.529671 6.963253
4.197943 6.223913
4.030243 6.774883
5.551694 8.74251
5.934316 7.982812
6.605114 9.160894
7.951005 11.11135
7.695971 11.79999
7.882193 10.70622
7.353591 10.36825
8.45601 10.93909
8.058278 10.6182
7.826499 10.36091
9.690914 11.3115
9.154112 11.99105
8.542319 10.65292
8.273427 11.67619
7.702803 10.57703
7.387133 10.49029
8.325173 10.46508
8.549726 9.857005
8.415926 11.58801
6.766124 9.408312
7.279482 9.795521
6.128687 10.08212
7.59186 10.45951
7.596628 9.998199
5.824522 8.908178
6.776775 8.532518
5.96235 8.272457
5.728605 8.196375
5.971584 8.850633
6.13093 8.092317
5.464101 8.324704
6.893928 10.13687
6.931795 10.24963
6.029931 10.00497
5.01055 7.911038
4.589712 7.954828
5.397946 7.531698
4.186837 8.093528
4.30178 5.867711
4.092172 7.118962
5.169124 8.131766
4.667874 7.488217
6.253796 7.575919
3.077425 6.077242
4.354433 7.249143
4.629014 7.599214
3.766858 6.770432
3.620932 6.285376
3.736162 6.353289
5.384669 7.757988
3.902158 6.606712
4.887784 6.842279
4.02215 6.532666
4.920778 7.848144
5.03 7.963647
3.624032 6.488045
3.986504 7.623122
4.963909 7.682547
5.631937 8.233463
3.930609 7.021142
3.829292 8.285935
3.215453 6.000432
1.754936 5.524364
4.065143 5.576932
3.283386 6.523538
3.709168 6.755503
3.067368 6.194303
3.083367 6.394282
4.225928 5.877742
2.969012 6.269716
3.445719 5.990933
2.304528 5.101191
4.124046 7.185774
4.362688 7.052403
5.268673 7.508078
5.436303 7.479167
6.1365 8.89179
7.235308 9.542928
7.052481 10.29157
7.56872 10.14747
7.664242 10.55031
6.080395 8.807386
5.765347 9.453122
4.042244 7.819615
4.267594 7.301904
5.323422 7.586387
4.448847 7.536663
3.368943 6.125834
3.26593 6.195836
3.073944 7.594937
4.356651 6.561882
4.046134 6.798535
3.965253 7.389019
3.564311 6.425159
2.963436 5.582302
3.678598 5.756585
3.097029 5.839911
2.757586 5.733022
3.010253 6.141476
4.043518 7.378461
4.684747 6.906396
4.074824 6.487504
4.457519 6.445505
4.292241 6.482657
5.419451 7.635275
5.214504 7.256314
5.973647 9.08225
5.718888 9.190461
6.085361 8.550395
4.742861 7.448135
4.775852 7.767566
4.185858 7.736472
4.638801 6.607273
3.300084 6.489816
2.729949 4.990345
2.709095 6.241811
2.652961 6.452091
4.048128 5.777014
2.708259 6.35076
2.783355 4.716051
2.801552 5.053894
3.825928 6.279662
4.07094 7.242954
2.397967 5.123964
2.443816 5.089498
2.076399 4.972313
0.6110018 4.422491
1.876616 4.533908
0.6032446 3.887571
1.159658 4.260867
1.393858 4.140237
1.315363 4.074889
0.3862005 3.757465
1.146495 4.36542
2.59182 5.124977
3.069933 4.953098
0.9425976 4.677763
2.50321 5.105147
1.340686 3.888461
1.040197 3.607962
1.752469 4.477218
2.435665 5.47281
1.986255 4.464459
1.641568 3.133552
2.170777 4.626587
2.587429 5.33
3.139684 6.459634
4.826849 8.161569
3.974772 6.954778
4.696326 8.630632
5.593567 8.352995
5.913732 9.18826
6.377309 8.758139
7.046511 9.391285
8.341228 11.03008
7.816915 10.2744
7.431049 10.65305
7.394359 10.33242
6.233433 9.181166
5.025702 8.380793
6.961975 8.599479
5.206486 9.243871
7.051165 8.30163
5.967589 9.234938
7.517755 10.61616
8.00848 11.13332
9.489925 12.40044
9.959071 13.06531
8.281365 11.94464
8.338453 10.60989
8.568558 12.17548
9.473913 11.82054
9.739859 11.63557
9.685793 11.88748
9.61753 12.65297
9.76563 12.84204
9.415375 12.73195
9.865372 12.15362
8.134087 11.0692
8.023359 10.72744
7.764323 11.15247
8.086684 10.84211
9.518572 11.44855
9.452377 12.96106
10.58127 13.7018
10.38111 12.88794
9.800793 12.88438
10.38052 13.12727
10.70442 13.91231
10.85116 12.94939
12.66583 15.15401
12.05526 15.78643
11.90961 15.02699
11.14455 13.54341
9.006646 12.65965
7.491648 10.70081
7.925976 10.84032
7.434529 11.03476
8.99947 11.14691
6.404365 10.16859
6.099672 9.552549
5.99762 8.639135
5.814095 8.441075
6.461459 8.660516
7.987503 9.784259
7.505222 9.769773
7.164521 10.15925
6.518379 8.421711
4.12309 7.151816
4.081085 6.103144
4.794368 8.094053
5.413613 8.422996
6.16311 8.773522
6.674806 9.686966
6.888002 9.749271
6.976817 10.08852
6.45815 8.887397
4.834566 7.055458
2.6279 5.291897
0.8004282 2.925753
1.418819 3.763651
-0.5626998 3.007478
-0.3159487 1.753872
-0.4356698 2.906141
-0.3295841 2.17936
-1.228669 1.87097
-0.7197041 1.479846
-1.826245 1.064956
-3.788117 -0.9442132
-3.431962 -0.5950945
-4.063152 -0.9164143
-4.237363 -0.6950999
-3.774243 -1.644361
-4.818792 -1.989101
-5.546352 -2.191502
-5.431463 -2.884534
-5.001856 -2.439662
-4.162935 -1.515338
-3.815648 -0.5901333
-4.224127 -1.74469
-3.273812 -0.7958327
-3.363827 -1.092961
-4.980739 -1.601519
-5.666168 -2.716735
-5.718104 -2.702519
-3.586025 0.1818626
-2.25546 0.3528167
-3.467095 -0.9715636
-2.607787 0.5052897
-2.019512 -0.2308347
-1.550923 1.182781
-0.8947409 2.487081
0.5779325 3.995183
1.115468 4.109084
2.374968 5.309881
4.556837 6.488881
5.107189 8.001235
3.607962 6.908963
3.397335 6.146427
4.397469 7.467152
5.144018 9.157269
4.787703 8.324191
3.925473 6.376536
4.645751 8.027413
7.33464 10.39625
8.592788 10.26368
9.233151 13.21
10.38234 12.75148
9.650591 12.20915
8.695033 10.87421
8.456823 11.8636
9.603277 12.21312
9.069356 11.82077
9.765822 12.79139
9.369224 12.02309
9.600254 12.03936
9.91393 11.74756
9.74728 12.7294
9.908756 13.00551
9.624123 12.26667
9.215675 11.21472
7.583582 10.22894
7.198359 10.41337
7.785693 10.6411
6.638772 10.08446
7.292059 10.08026
6.858841 9.585503
5.832681 9.913377
4.740503 8.976194
5.845125 7.694951
6.751541 8.653545
5.597734 9.190426
5.172476 8.137025
6.529159 9.194093
6.202335 7.873081
4.061291 6.994383
4.061719 6.113164
3.887278 7.392815
4.802429 7.078155
7.327134 8.163696
6.920169 9.762044
8.121498 10.95336
8.120884 9.667637
7.678077 11.03882
8.059158 10.15226
7.732013 11.21268
9.020054 11.20057
6.764961 9.808946
5.619206 9.101612
6.839483 9.839258
6.246733 9.696219
5.78125 8.395862
6.111298 10.093
5.826676 8.495392
5.738314 9.605179
4.740408 8.380209
3.736947 6.988679
4.602237 6.552066
3.249101 6.781945
4.342633 6.543257
4.731594 7.2082
4.01207 7.722615
4.560567 7.430327
4.984977 7.547128
2.336036 4.125393
1.047721 3.797519
2.567971 4.458027
2.440948 4.818356
1.061955 3.900222
1.012075 3.500567
0.8964231 3.936709
0.8293073 3.475484
-0.1755675 2.976882
1.412443 3.675407
0.2925895 3.663654
2.232647 4.769006
2.611452 4.552384
0.7633556 3.792765
0.5952247 4.086211
-0.4898643 2.320199
0.2846179 2.545505
1.06732 3.326255
0.7464279 4.047889
2.395464 4.415776
1.508703 3.918855
1.995665 5.760141
3.698939 6.486339
1.788927 5.534218
2.693881 3.849384
1.660122 4.528096
1.050396 4.758785
4.153884 6.969826
3.952979 7.650661
4.772245 7.408678
5.370367 7.499378
5.333245 8.309032
5.932716 9.234328
6.517701 9.509759
9.297348 11.0708
7.990546 10.77034
10.12278 11.85224
11.22563 14.25468
11.6549 14.14322
11.2835 14.74826
10.24882 13.02507
11.44185 13.89437
10.86086 14.3012
9.769495 12.65368
10.18204 11.95841
10.14594 12.60814
9.672186 12.43208
7.886966 9.856353
5.691768 9.525085
5.426226 8.637078
4.805485 7.932064
4.51252 6.75411
4.384308 7.187153
4.526951 7.747431
4.687276 7.391078
4.640706 7.694919
3.834287 6.823622
5.834382 7.393885
4.057604 6.604151
3.704182 6.585301
2.781346 5.47963
2.459382 5.24706
1.650773 4.379688
3.121199 5.608246
2.151599 5.545711
2.221071 3.774498
1.469417 4.245544
0.6050193 3.660229
0.871255 2.648099
2.132206 3.746295
2.589156 5.036427
1.890342 4.732409
-0.183109 2.911479
1.24453 3.280167
0.2119778 3.439284
-0.8188796 2.078971
0.1131986 3.726149
1.641526 3.493874
1.958337 4.740116
1.248393 3.51096
-0.3734982 3.789631
-1.224993 2.13395
-0.4819736 0.9551814
0.4504512 3.494438
0.6195035 3.582547
0.2198296 3.19477
-0.8663436 1.201348
-1.344425 2.407148
-1.448476 1.100222
-1.121717 1.047141
-1.49249 1.610529
0.3009335 2.389483
-2.158923 0.2866303
-2.801384 0.04367832
-3.049173 -0.4759215
-1.705259 0.3888375
-2.072514 1.810916
-0.3877443 2.555139
0.3807363 3.003228
1.373752 5.331883
2.726304 4.788227
1.788882 4.96017
2.685759 5.137086
1.902025 4.169702
1.524904 3.930008
2.06325 5.359519
2.657986 5.431698
3.432957 5.858538
2.895386 6.288494
3.313992 5.93561
2.432895 3.650217
1.777551 4.00838
1.06727 3.962086
0.8266737 3.455851
0.3485465 3.167305
-0.3259773 3.62087
0.01042708 3.220718
-0.0263972 3.608918
-0.2681196 2.750063
0.01574514 3.546128
2.111936 4.014698
1.893326 3.88831
0.1486708 2.447045
-0.5544425 2.130826
-0.5601552 1.446312
-2.067267 0.6777979
-1.306828 0.6952958
-2.220819 0.6566171
-0.8607608 0.7816279
-0.3991824 2.435612
1.099585 3.643199
1.204076 3.551709
-0.1881647 2.484438
-2.569766 0.2684275
-2.071442 1.022784
-2.21643 1.023538
-1.146058 2.76417
-0.8478781 2.174591
-1.37247 2.524888
-1.147265 1.146994
-0.3326604 2.136948
-0.3884897 2.45301
-0.5099517 2.443363
0.9402067 3.811513
0.6035741 3.255226
0.8375815 2.550739
0.1130995 2.671081
1.915977 4.208754
0.9687114 4.533683
4.158595 7.465918
3.615158 5.890719
4.599205 7.434326
5.674589 8.892079
6.2238 8.073141
4.902914 8.353
4.669922 8.303937
5.51494 7.960815
5.389151 9.378059
6.259176 8.485586
5.760184 8.988116
5.237811 7.738217
3.750427 6.74565
3.049543 5.184386
3.945392 6.439184
3.858945 6.230341
2.393967 6.073142
2.648564 5.308783
3.698107 6.202858
2.795732 5.611093
2.508948 5.64235
1.378371 3.770937
1.348222 3.925433
-0.06819547 3.134859
0.1179223 3.28642
1.335543 3.766464
1.198217 3.785303
0.4591965 5.141951
0.5218505 2.849032
-1.280722 0.9611919
-0.2291298 1.435719
-2.430058 0.9411507
-3.17769 -1.470717
-3.03556 -0.8183808
-4.27629 -1.048791
-3.676667 -0.3390701
-2.651453 -0.6159675
-1.818554 1.710178
-2.029429 0.5522993
-0.9491615 1.643295
-0.06969761 1.83979
-0.8587542 2.575122
-0.3944606 2.926291
0.6558336 3.194279
2.553574 5.451219
2.083936 5.416288
4.464176 6.713859
3.207776 5.567816
3.2084 6.486644
4.123956 6.676687
3.67092 6.485729
3.472148 6.398325
2.78489 5.22729
1.206519 4.44846
2.198609 5.251301
2.637112 6.017946
4.150769 7.798333
4.649143 8.296243
4.033154 7.417017
5.441009 8.557102
5.270539 9.142916
6.151834 8.561897
5.060134 9.008997
3.503811 4.838152
2.776307 6.398413
3.9308 6.34487
3.084153 5.351365
4.016674 6.518457
3.644397 6.24507
3.442231 5.923489
5.200163 7.603093
6.113052 9.44782
6.691609 9.231908
8.965885 11.28819
7.124201 8.951978
7.753457 9.855596
6.515018 9.362107
6.810843 9.449406
6.283175 9.78817
6.947609 8.843268
6.376602 10.26666
8.198674 10.15404
6.590936 9.91827
5.89951 9.484924
7.586217 9.956395
6.145289 9.17857
6.380151 9.41589
