4.264309
3.411491
3.672585
3.473743
2.844027
3.923637
3.030301
3.148023
2.603241
2.704959
3.478319
3.942226
5.127735
4.390672
3.297209
4.080456
3.377579
2.463162
3.321127
4.159526
3.959448
3.278535
3.026062
3.572139
2.659764
3.177441
2.230931
2.359397
3.55289
2.931117
3.232803
4.527153
2.574156
2.647479
2.01592
1.893938
1.754573
1.735916
2.147955
1.508264
1.76847
2.311846
1.840778
1.936554
3.062811
2.744266
2.101474
2.28956
2.168653
1.834888
2.355308
2.456495
2.084896
2.229353
3.7749
3.241531
3.150741
3.86493
4.261486
5.415327
4.256822
3.48145
2.90473
3.04924
3.795156
4.122439
3.699751
2.861012
2.229244
2.172455
1.751333
1.894194
2.82768
2.219302
1.838003
1.827952
2.19328
2.901844
4.554362
2.847813
3.858438
4.475725
3.320999
3.33684
4.270898
5.218212
3.02487
3.366731
4.607881
4.50453
3.070992
1.738138
1.760975
1.941038
2.224233
2.412915
2.647945
4.120659
4.098658
3.984756
2.761322
2.162405
1.808244
2.079981
1.542331
1.983033
1.910598
1.998643
2.60298
4.026566
2.971194
2.924273
3.132896
2.855871
3.648021
2.778056
2.447912
2.422599
2.859719
2.538411
1.96956
1.815417
2.115339
3.669801
3.724693
3.461182
3.96494
3.723514
2.892022
3.439474
3.604286
5.596247
4.417931
5.163843
4.276271
3.683266
4.748147
3.79271
5.130331
5.774552
7.280642
5.34727
6.921367
5.472888
5.426501
3.867097
4.589755
4.036417
3.556717
3.850414
3.23772
4.085805
3.521631
2.369196
2.578382
2.447552
1.897094
2.427259
2.692031
3.48728
3.27198
2.755627
3.113147
3.986957
3.029502
4.524776
3.55907
3.35922
2.591419
3.048391
3.154594
3.735297
3.188115
2.878605
3.100258
2.617356
4.102016
3.939336
3.206081
4.192214
5.116388
6.251903
3.333897
3.070002
3.655236
4.141252
2.492419
2.317002
2.201101
2.404768
3.009417
4.050514
4.281995
4.283585
4.39393
3.597803
3.801336
3.280521
3.305962
3.409602
3.728945
4.805122
3.517399
2.701821
2.993503
3.014813
3.18935
3.043398
3.029724
3.571031
4.221607
3.906554
3.755451
2.591679
2.675007
2.889372
2.256383
2.742989
3.14495
2.851975
3.378412
4.262977
4.12646
4.093578
3.236648
3.450464
3.780479
3.400312
3.723275
2.725928
4.331272
4.062491
3.719141
2.297019
3.082221
2.994153
1.808261
2.048832
1.708084
1.804368
2.634894
2.76776
2.236202
1.692211
2.407015
2.169396
2.590408
1.596662
2.310965
2.714628
2.261176
2.412824
2.5776
2.189002
3.309097
3.411112
3.226317
3.307539
4.439915
6.472616
6.145332
4.231654
6.210203
6.578427
5.939434
4.60769
3.929661
5.641322
3.32032
2.888722
3.314145
3.437768
3.104904
2.95737
2.603434
1.843003
2.364557
1.67642
2.043578
2.489811
2.380286
3.14062
2.373218
2.092481
2.096563
2.729769
1.948869
2.827213
2.599273
3.1544
3.342195
2.972584
2.594862
2.468319
2.691193
2.756213
2.848005
2.337386
2.506471
2.131122
2.749722
2.1488
2.994766
2.999978
3.436315
4.085474
4.795059
3.533862
3.197663
2.487898
3.511576
2.412893
2.708837
2.542841
3.619777
4.076403
2.543184
2.850401
3.187956
3.894469
3.293984
4.367863
4.69639
4.346725
4.409713
3.739954
3.702933
5.113793
4.853449
4.614571
5.227376
4.781257
3.206602
3.362442
4.072042
2.790185
2.751189
2.892248
2.857273
1.890086
2.12596
3.822187
5.411283
4.945949
7.043996
7.531664
6.11121
4.536203
4.621455
4.688341
4.148267
4.16983
3.906618
3.17528
2.842088
3.052439
2.38614
2.594104
2.865216
2.709909
3.071069
2.720147
2.778514
3.472749
3.013987
2.989463
4.287098
3.077158
2.849839
4.025104
3.469812
2.490995
2.096663
2.520974
2.734831
3.752431
3.025412
2.670206
2.696958
2.251148
1.991861
1.675316
1.813653
2.109626
1.514397
1.550794
1.539638
1.969542
1.75591
1.94514
3.04177
3.420691
4.095659
3.975708
5.086525
7.625897
8.341444
6.065753
3.194313
2.793679
3.897229
3.939181
2.975141
3.189218
2.954781
2.664459
2.26392
2.865695
3.403803
4.112488
2.913473
4.276954
3.206405
3.217576
2.413087
2.120871
2.893
2.355304
2.186352
2.930093
3.240436
3.14256
3.248298
4.607127
4.137359
3.752386
3.48244
3.458033
3.107896
3.557313
3.4892
3.66366
2.537056
3.400419
4.869858
4.115611
2.570458
2.72685
3.581411
3.860202
4.266477
4.541284
3.017601
2.660159
2.316702
2.594992
2.984312
3.508725
3.853443
3.623491
3.907956
4.352095
6.081456
3.281179
3.682415
3.267998
3.14885
2.339918
2.370308
2.193369
2.360611
2.783742
2.91658
2.266266
2.872084
3.436113
2.848144
2.353547
1.677797
2.60437
3.004999
2.160123
2.13536
1.779414
1.900883
2.8374
3.0057
2.368262
2.473274
2.838758
3.046647
3.343956
2.346768
2.093799
1.853119
1.885327
2.233868
2.140675
2.281355
2.128154
2.239369
2.752021
2.530309
3.571268
5.311977
4.082098
5.763505
3.838276
5.308949
4.023012
5.448989
2.460786
3.730048
3.684339
3.811328
3.247886
3.739728
3.32796
2.57985
2.768535
2.589971
4.516644
5.202866
4.963085
5.2692
5.793278
5.475066
3.590215
4.006727
3.31573
2.609973
1.817613
3.096266
3.910388
2.5659
2.471696
3.261532
5.01932
3.652633
5.025425
4.72072
4.833801
4.602217
3.697081
3.619655
1.929626
3.043854
3.473285
2.879912
2.302768
2.494051
3.278223
3.390446
2.595853
3.605816
4.17099
3.617281
3.713597
4.033973
3.65854
2.61623
3.342184
5.055225
7.020918
5.416233
4.518303
3.403431
5.136077
3.840923
4.522658
7.259677
8.868405
6.8558
3.761515
4.132128
3.523047
3.170233
2.481043
2.40102
2.569871
2.482813
4.352687
2.566386
2.242397
2.210821
2.988651
3.603214
2.74769
2.860185
3.426619
3.728517
2.249853
2.072862
1.845985
1.675951
2.452274
2.402205
3.04792
3.801919
5.051576
4.579815
7.042803
7.912007
9.649131
7.287222
5.815465
5.708971
3.150818
3.148041
3.703918
3.72381
3.259721
2.982741
2.682231
2.260557
2.899075
4.302984
3.106664
3.492651
2.741342
2.613142
3.628762
3.369647
4.001647
2.612846
2.670353
3.046978
3.963836
3.867781
3.494571
1.78997
2.017521
1.742468
2.131052
1.546728
1.32283
1.995179
2.542259
2.411665
2.929042
3.427571
3.185606
3.788906
3.68833
4.372103
4.209888
3.62403
3.066454
2.904071
3.498288
3.397212
3.708874
3.963737
3.680718
2.770806
2.087695
2.110265
2.546719
2.715197
3.153038
3.638624
3.321876
2.875622
3.144557
2.344591
1.816414
2.024729
1.421298
1.391104
2.190563
2.342498
2.032426
1.957626
1.722572
2.171758
2.398875
2.33206
2.263132
2.22798
2.846804
3.914459
4.111506
4.792392
4.403145
3.408796
3.065221
4.510025
5.305182
5.311003
3.758195
3.850463
4.072772
4.426477
4.617174
3.740791
2.72976
2.210947
2.082204
1.903101
1.528968
1.896928
2.831116
2.415358
2.684422
2.961867
3.555957
2.884912
2.585086
2.492895
2.502552
2.438364
3.388863
2.289048
2.420648
2.983798
2.495067
3.547773
3.343533
3.275348
3.410129
3.897523
3.811662
2.967509
3.091928
3.293615
2.846148
4.131098
4.184535
5.045806
2.974883
3.927251
3.523298
3.630938
3.789866
3.274523
3.10268
3.305476
2.508963
3.826378
4.251864
4.857859
4.772518
3.769385
3.663366
3.131218
2.960211
3.278787
4.206193
3.873691
2.799774
4.952146
4.50089
3.732856
3.246829
2.779591
3.566507
3.271472
2.892269
2.548238
2.203463
3.275448
2.790569
2.854338
1.866179
2.698199
2.194293
2.422344
2.768461
2.323914
2.185373
3.286433
4.591514
2.266626
2.361309
1.846862
1.631837
2.514489
2.867497
4.239056
3.882414
4.21435
3.669278
3.095367
3.2226
2.756549
4.562263
4.361973
3.103354
3.189869
2.949097
3.55446
4.496661
3.284838
2.493415
2.52913
2.75582
3.357912
3.839227
5.02161
6.072519
3.720625
3.579345
3.083139
1.995749
3.243035
5.251943
5.281634
4.300696
3.373307
2.789984
4.222358
3.194626
3.358586
5.483588
3.212453
3.454156
3.167766
3.572887
4.322275
5.120989
4.53128
3.264249
2.979605
2.495658
2.901571
2.218196
1.833471
1.926049
3.137003
1.918144
3.446999
3.262525
3.669794
4.653565
4.480948
3.632556
5.296608
5.18135
3.886971
3.367086
3.325677
3.012793
2.717746
2.424931
1.697221
2.329739
2.525705
2.454223
2.671444
3.759663
3.981891
2.880521
1.657684
1.618005
1.44032
2.212928
2.514397
2.068696
2.66198
2.234232
2.647176
2.871715
2.736913
3.228656
2.532809
2.853324
2.891761
2.540667
3.516224
2.684093
2.185706
2.531608
3.170437
4.597037
4.967653
3.392671
3.051293
3.150894
3.95306
3.460946
2.742464
2.301204
2.251522
2.44587
2.448019
2.855872
2.398459
2.483265
2.2904
2.534578
2.74385
2.473721
1.880848
2.599366
2.986521
2.242832
1.990324
2.06856
2.247395
2.806164
3.293643
2.380005
3.824626
2.055575
2.792841
2.069639
1.936187
2.906644
4.42812
3.934771
3.522623
5.465844
6.577845
4.618609
5.565561
5.581242
4.859149
4.238392
4.750149
4.459516
4.236687
4.128123
2.596685
2.383121
3.154836
1.903096
1.648481
2.531377
2.567455
1.702887
1.864981
1.841729
3.055877
3.589816
3.034188
2.576615
2.918618
3.342946
3.077811
3.627347
3.654457
2.435597
3.003156
4.402143
5.747199
4.36982
4.33023
5.516176
4.544799
3.972241
4.790881
5.471254
4.624427
4.74047
3.100203
2.980484
2.482151
2.057391
2.03225
1.880975
1.611436
1.836341
1.824907
2.181466
2.581846
3.569995
3.120159
3.367157
4.077507
3.826393
3.928916
2.531961
2.288586
3.066527
2.447192
3.163401
3.021999
2.219903
2.190576
2.620519
3.432652
2.902659
2.847659
2.504707
2.235253
2.043645
2.275884
3.132084
2.567985
2.763
3.097437
2.821485
3.778279
4.858301
3.960153
3.745275
3.316756
3.210523
2.344872
2.792207
3.976971
4.885485
6.021011
6.241964
4.70975
4.23328
2.235158
2.850308
3.531269
3.14423
2.453719
2.643955
2.580457
2.919233
3.437857
4.082704
3.583817
3.403804
3.514848
3.718391
4.273247
4.582258
7.653804
4.829834
2.687739
2.464038
2.61856
4.046338
4.993589
3.019322
3.406369
3.020515
3.685642
3.245918
2.570587
2.88946
3.855496
4.82569
4.07962
3.06713
2.888503
3.525418
4.230872
4.516587
3.154098
3.270486
2.80027
4.651196
4.123664
4.028593
3.480857
3.288435
3.733312
2.900427
2.644715
2.678853
3.303274
3.55708
4.543851
5.312924
5.493103
2.959238
2.78117
2.380866
2.85412
3.897239
3.650439
4.378099
3.731708
4.432385
3.774906
4.781141
4.713164
4.443763
6.350224
7.461769
5.218671
4.685839
6.303783
5.280405
3.20891
2.700817
3.946371
5.359428
5.496856
5.248224
4.768765
4.903041
4.348526
3.053089
3.378415
2.547635
3.429518
3.033218
2.259962
2.162043
1.689195
1.901869
2.806377
3.908043
3.584155
3.523255
3.581808
3.185343
2.805096
2.992935
2.397316
3.891207
3.608346
3.757277
4.958617
6.62076
5.064798
3.671278
2.868607
2.140802
2.137826
2.560039
3.482818
3.223181
3.44045
2.826109
3.492323
6.258671
5.957995
3.374614
3.502271
3.178433
2.459042
2.409351
3.595147
3.422127
3.961516
2.522565
3.638419
3.126861
3.761897
3.123143
2.192868
3.278182
2.629667
2.48125
2.199325
2.879756
3.009436
2.40553
1.789994
1.49951
2.517285
2.565073
2.750908
3.347186
3.402305
3.365527
3.408899
2.705044
3.907308
3.317294
3.360876
2.358314
2.339135
2.362561
2.714747
2.194697
2.533632
3.554404
4.062884
5.396552
4.89054
3.79119
3.164116
1.872775
1.636382
2.510498
3.145956
3.46585
2.905729
2.939287
3.600634
3.647163
2.669246
2.806432
3.604907
2.858304
3.064834
2.517142
2.106904
1.795865
2.137128
2.325994
2.006665
2.64239
3.315292
3.323277
5.8913
4.717857
4.905619
3.310263
3.987173
3.52609
4.110934
6.339039
4.705344
3.983665
3.807441
4.633378
2.764876
2.752219
2.737459
2.736674
3.410983
3.807237
3.105422
2.97407
2.124471
3.007491
2.584158
1.734983
2.322112
1.901952
2.508727
1.985383
2.133889
2.988311
2.880086
1.690899
1.971542
2.301069
2.40812
2.578036
2.509051
1.954932
2.302242
3.013067
1.85128
1.688982
2.318915
2.121887
2.22949
3.171056
2.60958
2.696237
3.04985
3.000814
3.782914
2.931758
2.493057
3.291315
2.234861
1.746356
2.000753
2.008785
1.697021
2.065859
2.381191
3.188879
4.339706
3.221644
5.08338
3.402571
4.090746
4.52264
5.224031
4.67557
3.195023
2.798832
3.646957
4.181302
5.416362
4.812988
5.874095
4.036356
4.264032
4.106314
4.222125
4.536862
4.413765
2.234767
2.229858
2.354345
3.853849
2.923413
3.011604
2.198227
2.234527
2.993037
3.589523
4.164597
3.91557
3.533138
3.693111
3.29442
2.85801
4.037634
3.470877
3.587686
4.299085
3.404436
3.628512
3.296628
2.461734
2.008515
2.617828
3.552324
3.73203
2.343494
2.237877
2.615466
3.722208
2.558458
3.196512
4.236438
3.13983
4.169272
3.910101
3.655953
4.579765
4.601884
3.595545
2.835532
2.703261
2.259442
1.88057
3.296802
3.512425
3.143347
3.09466
3.142792
2.623613
3.818303
3.037666
3.506468
3.305883
3.607466
3.180662
2.706845
3.249859
3.424256
4.557642
6.186947
4.877627
3.659251
3.582211
4.854125
5.682055
4.843995
2.936399
2.758039
1.976437
2.268888
2.281149
2.183336
2.01058
2.637358
2.930353
2.312759
2.735845
2.742099
3.708382
2.763867
2.732961
3.063026
3.757169
4.836968
4.826593
6.464094
5.948362
5.374491
4.004642
3.473079
4.130445
4.108726
3.736286
3.092174
2.179206
2.290324
2.197369
1.95633
2.666561
2.430764
2.591856
2.232341
2.789598
4.503151
3.090807
1.997813
1.764017
1.571159
1.802203
2.142335
3.78726
4.462873
5.139061
4.124186
4.990163
6.338897
5.340695
7.398566
5.426948
4.578926
3.202994
3.527604
2.686597
2.252872
2.289919
2.255601
2.656643
2.676319
2.522492
2.8385
2.847667
4.860707
3.649618
4.369085
4.546361
6.019671
4.587852
5.182437
4.540056
5.006453
3.845077
4.312093
3.464954
3.976895
3.094162
3.790046
2.075201
1.944341
2.041252
3.350817
3.926583
4.324227
3.044515
2.227037
2.018421
2.09308
2.698098
2.100265
2.566867
3.390754
3.231012
2.15204
1.766407
2.33427
1.842147
2.442686
3.714876
3.78995
3.168312
2.730955
2.449724
3.636307
4.957276
5.262022
3.597591
3.062809
3.892535
4.003331
2.728196
2.461349
2.124566
1.95802
1.991576
1.426256
1.093671
2.218351
1.952267
2.022637
2.185822
2.399565
2.279439
3.212208
2.745381
2.944274
3.213355
2.953631
3.054181
2.465953
2.099684
2.501465
2.486135
2.545079
1.637651
1.736271
2.495528
1.892856
1.878887
1.857133
2.066911
2.473154
3.419427
4.596636
4.007742
3.978607
4.973989
4.894636
4.952467
5.043632
4.487222
3.126804
4.328472
4.660587
4.678884
4.37039
5.401742
2.943462
2.903629
3.422753
2.789468
3.892869
3.313405
4.966612
4.687925
4.109372
3.404847
2.588141
3.979203
3.644194
3.442826
3.755674
3.907898
4.408652
3.634521
3.915517
3.731275
3.252222
4.592163
3.202462
2.299559
2.196205
2.175224
2.055676
2.373234
3.558324
2.180928
2.962669
3.053509
3.747585
3.44468
4.013127
3.109279
3.608784
3.629006
3.445738
2.428815
2.065592
1.851365
1.985431
3.097842
2.227733
2.859802
2.697122
3.136754
4.241413
4.405314
6.952722
6.479249
6.547862
6.663596
8.576135
7.297251
6.996795
7.749817
5.477486
4.918003
4.045686
2.25857
2.177531
2.330155
3.375898
3.385298
1.825923
2.142037
1.962859
3.087725
2.785777
2.57223
2.451489
2.645421
4.084555
4.047778
3.877113
5.246099
5.531536
6.840509
6.587082
8.330154
4.813222
3.580067
3.831125
4.16928
4.415024
6.302095
5.744704
5.785197
5.067951
4.403486
4.102883
2.786326
3.624488
3.712284
3.674106
2.133423
2.864848
1.916999
2.145562
2.872126
2.777735
3.062721
2.178219
1.944164
2.604444
3.492739
4.366671
5.234795
3.851544
4.351214
3.553605
3.503193
2.926369
2.747414
2.844697
2.400887
2.644213
2.504671
2.478159
1.727095
1.937771
2.072134
1.608191
1.895818
2.373094
2.295534
1.838469
1.122063
1.847952
3.023797
2.525207
3.286581
2.610477
2.06619
2.330439
2.479067
2.186553
1.895946
2.210042
2.239122
2.624191
3.032861
2.183981
2.710119
2.059252
2.249415
1.762636
2.726218
2.01399
2.920496
2.844589
3.673156
3.948799
4.004165
4.735836
5.811164
5.79144
6.091511
4.069338
3.226139
2.718202
2.65337
3.528241
2.699178
2.324637
2.583769
2.525209
1.89803
2.606563
2.126709
2.212748
2.725794
3.342404
4.150978
3.988376
3.323715
2.048343
2.338376
2.28287
2.349014
2.632801
3.159815
3.524014
2.858372
2.523724
3.230989
5.432051
4.091578
3.450948
2.801267
2.105489
1.973504
2.793745
2.754938
3.892611
3.016991
3.045937
3.17622
3.346853
4.646182
5.470103
5.889955
5.25683
4.256637
3.058686
3.430242
3.734413
2.384379
1.672655
2.518375
2.774374
2.442491
2.710394
2.691417
4.883141
4.224459
4.959637
5.445893
4.288345
4.477721
5.161386
4.67931
4.611285
4.918125
3.871743
2.818182
4.332356
3.153797
2.793797
2.500075
2.32089
3.59796
2.730061
2.209918
1.864254
1.447048
2.312613
1.866117
2.639876
2.491489
2.681374
1.820569
2.293089
3.667145
3.554859
3.673483
4.918001
5.056238
5.041965
6.598602
4.697516
4.866727
2.884856
2.32134
2.169365
2.131808
1.476842
2.282805
2.25505
3.327
4.222498
3.652565
3.125217
2.342891
1.976574
1.274058
1.173955
1.266814
1.671045
2.262275
2.895995
2.206009
2.269653
2.429582
1.97492
2.645461
2.381792
2.375669
3.005809
2.724222
3.419267
3.7036
3.70893
4.237037
4.479779
6.101507
6.948438
5.907446
4.795824
4.272121
4.467831
4.484874
4.088483
5.023757
4.652817
3.569628
4.353924
4.495503
6.224633
5.94072
5.159644
5.379669
4.536343
3.429175
2.71926
2.965618
3.31665
2.977147
3.36537
3.65769
3.262272
4.027812
4.801353
3.120326
1.441573
1.285985
1.489859
1.76657
2.124307
1.414758
2.227341
2.174881
1.643288
2.310187
3.119021
2.340801
2.274979
1.469544
1.735201
2.302948
2.464537
3.704781
3.505673
6.147783
5.333641
4.407495
3.827942
3.741867
3.509926
3.048125
4.050178
4.057965
4.403866
3.173907
4.63572
5.317104
3.557105
2.602456
2.746759
2.227954
1.56829
1.360293
1.788727
2.490213
2.102848
2.265917
2.88931
3.480069
3.505593
3.302205
3.444941
4.092462
3.618715
3.949581
3.637192
2.873632
2.58214
2.662142
2.618802
3.175583
3.607189
2.598902
2.899299
2.792114
3.215895
3.022346
4.514104
3.788404
2.882055
4.27223
3.687711
3.758197
3.536007
4.400843
3.617533
3.0039
2.717841
3.500775
3.572934
6.782255
4.929154
6.594393
5.844641
4.344828
5.241566
3.272469
3.791313
3.951505
2.557817
2.839175
4.258389
3.14894
3.514077
3.954613
4.28344
5.262349
6.141107
5.351792
5.530766
5.775058
5.101923
3.798139
4.264595
5.091248
4.907032
4.516792
3.721676
3.490513
4.20311
3.099874
3.91578
4.046511
4.155797
4.217727
2.303867
2.479827
1.886108
1.817512
1.861889
1.467167
1.797739
2.373354
2.200207
2.115542
2.925224
3.093452
2.301303
2.7671
2.435577
3.351053
6.914868
5.399363
5.49512
5.089241
6.072058
8.845437
6.290453
5.073395
4.782913
5.528747
3.026523
3.36732
3.52256
3.821435
4.922397
3.15648
2.529616
3.781892
2.968126
3.045964
2.820364
3.014255
3.386944
3.238742
2.151564
3.32821
3.194659
2.29032
2.519501
3.547723
3.259192
4.012938
3.584756
3.740111
5.054768
3.14748
2.751721
2.201628
2.841569
3.090778
2.40969
2.355369
3.790575
3.504603
2.655549
2.311977
3.18015
2.237711
2.423682
1.557531
1.904089
1.914872
2.587866
3.168187
3.481372
3.45708
3.278104
3.43914
3.46871
6.986831
6.960202
6.382328
4.699279
3.715528
2.744914
2.254982
2.581978
3.61998
4.424344
3.795723
5.400371
4.687732
3.477863
4.432819
4.354466
3.985106
3.966455
3.50335
3.466855
3.927609
3.079632
4.346689
3.967863
3.993677
2.96247
2.858933
2.706986
2.524333
2.584141
2.212697
2.505972
3.148432
2.807063
3.132341
2.462895
2.59388
2.303747
2.358854
2.840234
3.630105
3.994845
4.140111
3.183485
4.093561
5.481514
4.474014
3.455887
2.216111
2.714229
3.277043
2.880259
2.88929
2.294232
2.163956
1.621065
2.287047
2.522252
2.838968
3.079254
4.057976
3.455819
3.893269
2.869823
3.232661
2.75263
2.461933
2.679989
2.430693
1.642523
1.74827
1.91713
2.308342
2.000793
1.980706
2.578128
1.899135
1.901433
2.099425
2.717578
2.731398
2.132299
2.173364
2.48589
2.727733
3.5596
2.240235
3.665936
2.602215
2.307203
2.823843
2.97034
3.393117
3.512805
4.966233
5.662015
6.928386
5.294662
5.518297
3.929636
3.755706
3.076799
2.899113
3.630554
3.486296
2.564256
1.809408
2.995617
2.686769
2.740797
3.059171
2.728245
2.873728
3.567961
4.186042
4.114473
2.997251
3.232955
4.173331
2.677307
2.152667
2.028472
1.955597
1.610173
1.599121
1.186161
1.308501
1.722931
3.214698
3.000982
2.889764
3.09497
2.695329
3.226961
2.747762
3.00035
2.493985
3.03998
2.866687
3.608351
3.565265
2.814856
4.182777
2.640655
2.253032
1.988279
2.530991
2.539665
2.358113
1.960394
2.342327
2.476857
2.940109
2.896826
2.445252
2.074182
2.099573
2.676579
2.068543
2.307199
2.390169
2.200745
2.415814
2.212538
1.881913
1.374035
1.806407
1.607148
1.91291
1.85002
2.177942
2.722249
2.089407
2.513338
3.275514
3.028197
4.561373
7.070447
4.884903
5.806659
4.240572
4.389699
5.008036
3.887085
2.833878
2.207385
2.834021
3.505968
4.360824
4.830575
4.471296
3.174695
3.502055
2.606235
2.818901
3.144159
3.421137
4.352654
3.853581
2.330087
2.70059
3.88545
3.178917
3.343146
4.468498
5.75214
4.551907
3.183118
3.392439
3.958543
3.20052
2.389181
2.648562
2.860557
3.3699
4.095096
3.069135
3.144073
4.820866
3.773744
4.088817
3.676778
3.252136
3.646319
3.645491
3.537614
2.922602
3.016083
2.93386
4.147804
3.693587
3.924456
4.361911
3.355134
3.251347
3.246532
4.927196
4.418092
6.531671
6.845868
4.780979
4.194564
4.051873
3.510771
3.861829
3.300103
3.151136
2.046999
2.833138
3.389628
3.94422
3.478649
3.770922
4.434131
3.490701
2.579557
2.562884
1.964134
1.895499
1.918207
2.313411
3.488946
3.360149
3.264128
3.922901
3.789253
2.741151
1.987548
2.768888
2.112715
2.585075
3.175799
4.314943
4.273018
4.168008
3.911527
4.808088
5.344432
6.005271
4.939052
4.110901
4.910634
6.0829
6.003799
3.973222
4.275561
4.653977
4.758942
4.208328
3.904132
3.66253
3.355415
3.347124
2.173178
2.977191
2.880504
2.566593
3.516747
3.273086
4.081516
5.407103
5.730078
7.243123
6.701094
4.620514
4.019795
2.618037
3.202287
3.01175
2.957739
2.987891
3.520071
2.734751
3.967455
2.613251
3.19216
2.764977
3.417977
4.063115
4.292751
3.430522
3.747791
3.331844
3.666471
4.881227
4.273519
3.887594
4.223331
3.680624
3.955978
5.218903
4.764777
3.000062
2.938433
4.101092
4.390541
4.082678
3.231057
2.994697
2.599441
2.84605
2.763824
2.072927
2.671894
2.412676
4.248453
4.421829
4.023732
3.456612
4.460775
3.595039
2.948111
3.427672
3.226949
2.1545
2.082319
2.752337
3.926994
3.901742
3.565265
3.374275
3.923836
3.589231
3.612274
3.537356
2.709594
2.12582
2.361864
2.335828
2.143386
2.582424
4.115892
4.362713
3.252652
2.984424
2.302801
2.127286
2.888337
2.545515
3.006276
3.287198
2.325879
2.608914
2.433911
2.541159
2.114259
2.123227
2.409695
2.937222
2.700494
2.712977
2.792843
3.255529
3.752298
3.624874
2.777444
3.332243
3.086031
2.634717
2.628926
3.02868
3.99578
2.712249
2.405682
