0.004170539
0.00253035
0.002789999
0.002297448
0.002121882
0.002134924
0.002933705
0.003860151
0.00396661
0.003117411
0.002737008
0.003303024
0.004611359
0.004227743
0.002499821
0.002396771
0.0045371
0.004716681
0.004908335
0.005151793
0.002639376
0.003143664
0.00291359
0.003980938
0.003958206
0.003047893
0.003397214
0.00233825
0.002926401
0.002711914
0.001721717
0.001644241
0.001624435
0.002120138
0.002220362
0.002870483
0.002658101
0.002588606
0.004118563
0.003129789
0.002972126
0.003940252
0.003501182
0.002991677
0.002802853
0.003404811
0.003393533
0.002272985
0.002301106
0.003089723
0.002743334
0.002464757
0.003021527
0.002708075
0.003462522
0.003110703
0.003717896
0.003684855
0.004207357
0.003156334
0.002515727
0.003241656
0.00369723
0.00332818
0.002970002
0.003057067
0.004001907
0.003312708
0.003428519
0.004359978
0.004633172
0.004590023
0.005001096
0.003017423
0.003289384
0.002408056
0.00282978
0.003109792
0.005162993
0.003483186
0.003555378
0.003193521
0.003798988
0.004947294
0.006715114
0.007215233
0.005008334
0.003967065
0.004718054
0.003434798
0.002998222
0.003220221
0.002954852
0.001962049
0.002707518
0.002383002
0.002852154
0.003077849
0.003797956
0.00284772
0.003713355
0.003779124
0.004519208
0.003472232
0.003252367
0.003285597
0.002981797
0.003397213
0.003992745
0.004599416
0.003995334
0.003671191
0.002683013
0.002659565
0.003092402
0.004171105
0.004457841
0.005054713
0.004087942
0.00448827
0.003928529
0.004601643
0.004747052
0.004818958
0.004992676
0.005493699
0.005514006
0.007408506
0.007148518
0.005693423
0.006069263
0.005207165
0.00399187
0.004264206
0.004163232
0.005047294
0.005215318
0.003427677
0.002882807
0.00347142
0.003990718
0.004305999
0.003744113
0.003605836
0.004348331
0.003748718
0.003747541
0.001698949
0.001913677
0.001708153
0.001470491
0.001351309
0.00137247
0.001690513
0.001758928
0.001501048
0.002098918
0.002330897
0.001965071
0.001928162
0.00248561
0.003436422
0.003919869
0.003685382
0.003179445
0.003317694
0.002195216
0.002623971
0.002527288
0.002050704
0.001873224
0.002760897
0.002588641
0.002720439
0.00317201
0.002430082
0.002278276
0.003691867
0.003895905
0.002939084
0.003217888
0.004036105
0.003197222
0.002989497
0.00353108
0.003674197
0.004454586
0.003832813
0.004163292
0.004954054
0.004013221
0.003220546
0.004642737
0.003616403
0.002458901
0.002246591
0.003887772
0.003977756
0.003943635
0.004459549
0.003062857
0.002222936
0.00249074
0.003611681
0.002424476
0.003350536
0.005097984
0.003914861
0.004041912
0.005078654
0.00313727
0.004022342
0.005393315
0.003985625
0.003692147
0.003838278
0.003560727
0.003433881
0.003945141
0.004626997
0.00361505
0.003349405
0.002993895
0.00322304
0.001948588
0.002274745
0.003040808
0.003703319
0.004946792
0.004925042
0.005478122
0.005844119
0.002862594
0.00267691
0.002670192
0.001779924
0.002389814
0.001830232
0.003347953
0.003988204
0.003516983
0.002414939
0.002774832
0.002065506
0.002476454
0.003292785
0.00292596
0.001731582
0.002017265
0.001867805
0.00158182
0.001467167
0.001733346
0.001528821
0.001372766
0.001661165
0.001743735
0.001797874
0.002474524
0.002396974
0.003043101
0.002699841
0.003682694
0.003947289
0.00441373
0.004665614
0.003916199
0.004315305
0.004662498
0.004953061
0.003216962
0.003831784
0.00325355
0.003342564
0.003903962
0.003381073
0.002223555
0.002302948
0.001919162
0.002055527
0.002408641
0.002553077
0.002990393
0.003584774
0.004420185
0.003929075
0.004154513
0.003692805
0.004130136
0.004636072
0.003746423
0.003938627
0.004065958
0.002199647
0.001705497
0.001345394
0.001007163
0.001321137
0.001662637
0.002507536
0.002484504
0.003733219
0.003624689
0.003499566
0.004062371
0.002683908
0.002807425
0.003134593
0.004715187
0.005095868
0.003118969
0.002699726
0.003031306
0.003474803
0.003274836
0.00330609
0.003331392
0.00362392
0.003120643
0.003896467
0.005399461
0.005004003
0.004335926
0.003499293
0.002935111
0.002199493
0.001901672
0.002346466
0.002227209
0.002152786
0.002892217
0.003349038
0.003199887
0.002365248
0.002632769
0.002565626
0.003113604
0.003014074
0.002244398
0.002057858
0.002109189
0.002754345
0.003806502
0.003996744
0.003127378
0.004001033
0.004157549
0.003705245
0.003046812
0.002589147
0.003531333
0.004066286
0.003720703
0.002041079
0.002814121
0.002865559
0.004226678
0.003706431
0.002924807
0.003285794
0.003376487
0.003751123
0.003235727
0.002245324
0.002628573
0.003072464
0.00309074
0.002765856
0.002629772
0.002836755
0.002584927
0.003418976
0.004096778
0.002756003
0.002234836
0.002895722
0.003549702
0.003445462
0.00339075
0.003937993
0.005471796
0.004811039
0.005365228
0.004096116
0.005774802
0.005363119
0.003879766
0.002426474
0.00271472
0.003335698
0.004424952
0.004235268
0.004873866
0.004250678
0.004774541
0.003935428
0.002432427
0.003128293
0.002742334
0.002488387
0.002621412
0.003879612
0.005374551
0.003787473
0.00303157
0.003053221
0.003316144
0.003638309
0.004511222
0.003307054
0.003521771
0.002587465
0.003416172
0.003180335
0.003482061
0.004857643
0.003497188
0.002770571
0.002361519
0.002447675
0.00255878
0.003526884
0.005015113
0.003413073
0.003116248
0.004245186
0.003228293
0.002952436
0.003524984
0.002796216
0.003256362
0.002500892
0.002151167
0.001987363
0.002107184
0.002829449
0.002014048
0.002776458
0.002161148
0.002181991
0.002333382
0.002680601
0.004865958
0.003552483
0.003537311
0.003012277
0.002861219
0.003328577
0.00312789
0.002562208
0.003473176
0.003810395
0.003243943
0.003196999
0.003080032
0.002422132
0.00308873
0.002769507
0.003377604
0.003280471
0.002904025
0.002662227
0.002237481
0.002784683
0.002855097
0.002965641
0.003131784
0.002979029
0.003080859
0.004730223
0.004412809
0.004467427
0.005505034
0.004548384
0.004911282
0.002702167
0.003571856
0.004417232
0.003738595
0.003156523
0.003067664
0.002936507
0.002037321
0.002489462
0.002965772
0.004158155
0.004229166
0.003815947
0.003067666
0.003246289
0.00316066
0.004556765
0.005395873
0.005954285
0.002961343
0.002965577
0.002251652
0.002144416
0.002353358
0.002554301
0.002997767
0.005383971
0.004755605
0.003572091
0.00449855
0.004662271
0.005343684
0.004056343
0.004633547
0.003705862
0.004041067
0.004416865
0.004517825
0.00416395
0.003957627
0.003587572
0.003333572
0.004664059
0.003656351
0.002827536
0.003096088
0.004007914
0.003759377
0.003035069
0.002220022
0.003069852
0.004006566
0.002951083
0.003156297
0.003179794
0.003317234
0.002769048
0.004010031
0.004310668
0.005574798
0.003758652
0.002882766
0.002631015
0.002462214
0.001851647
0.001904202
0.001879963
0.002297257
0.00220623
0.00239284
0.002274073
0.002095801
0.001662475
0.002436425
0.002423446
0.00390637
0.002637592
0.0029505
0.002619068
0.002862195
0.003038038
0.003047837
0.003138409
0.002903408
0.001916148
0.001555465
0.001435765
0.001893756
0.002111178
0.002129959
0.0021868
0.002106975
0.002108027
0.002773671
0.002882228
0.002581758
0.003191587
0.003015788
0.002941999
0.002820207
0.002092615
0.001813875
0.001771892
0.001524077
0.001789036
0.001717406
0.001990052
0.002235829
0.001992248
0.003186882
0.003140505
0.002847006
0.003080317
0.003165671
0.003362017
0.002445593
0.002641593
0.002122535
0.002878617
0.003343466
0.003255426
0.00372373
0.002647895
0.003146706
0.003165143
0.003059721
0.003342878
0.003758475
0.00543966
0.006447676
0.005024764
0.002760099
0.003264909
0.003768997
0.004205862
0.003035305
0.00291771
0.002211412
0.002550029
0.002302075
0.002542706
0.002259243
0.001996394
0.002039416
0.002557627
0.002258082
0.001888055
0.001995408
0.002310891
0.003003491
0.004615428
0.004940089
0.003060052
0.003008923
0.002400841
0.002343156
0.002598672
0.00226346
0.001570216
0.001457292
0.001832057
0.001455896
0.001616614
0.001922419
0.002782103
0.003521354
0.004844941
0.004613845
0.004603256
0.003009365
0.002952614
0.002713256
0.002922735
0.001942283
0.002075459
0.003265039
0.003314988
0.003012037
0.002583344
0.002484857
0.002793896
0.002749239
0.003351817
0.003069715
0.00235776
0.002447891
0.002474863
0.00323368
0.002702362
0.00257675
0.003683525
0.003135851
0.003092925
0.002696279
0.002541607
0.002684999
0.002281672
0.002278394
0.002448985
0.002718607
0.002747779
0.002795367
0.003333446
0.003405506
0.003297314
0.002579796
0.002237375
0.003040073
0.002144666
0.001998524
0.003031571
0.002335672
0.00285059
0.002438469
0.002370124
0.002797082
0.003734824
0.004750288
0.005152276
0.00480664
0.003777755
0.004517663
0.005552133
0.003452566
0.003729779
0.00425902
0.005296949
0.005490371
0.004152626
0.003187083
0.003514797
0.005823928
0.003925002
0.003639567
0.003821377
0.003099014
0.003470394
0.004002825
0.003548812
0.003963773
0.004453738
0.002908647
0.00424413
0.002807269
0.002823867
0.002463534
0.002738877
0.00176501
0.0016416
0.001695551
0.001914278
0.002267158
0.002963432
0.004324271
0.004350509
0.005760174
0.004062025
0.003778359
0.002498211
0.003303915
0.00324897
0.002650508
0.004484842
0.003429624
0.004897662
0.005469976
0.004276451
0.003341648
0.002191941
0.001783115
0.001725217
0.002166724
0.002110326
0.003266594
0.003162626
0.002977141
0.003408006
0.002655263
0.002681982
0.003185868
0.002838001
0.002644786
0.00282384
0.00323234
0.003877188
0.003501263
0.002798806
0.001911721
0.001975687
0.001836004
0.001945006
0.002068144
0.002036935
0.001547186
0.001781645
0.001856249
0.001982392
0.002134963
0.00218522
0.002168225
0.003014129
0.003798676
0.003553797
0.003657326
0.003764404
0.003244252
0.002996284
0.002678553
0.002069063
0.002968329
0.003364913
0.004366997
0.005146953
0.003620016
0.002883217
0.003866968
0.004106005
0.004251683
0.00332336
0.003188593
0.003722916
0.004900408
0.004446359
0.006578973
0.005372444
0.004861737
0.004482012
0.004282128
0.003579291
0.002665152
0.003163552
0.003080884
0.003633876
0.003379937
0.003538445
0.002749963
0.003658071
0.002533635
0.002512359
0.002800193
0.002634085
0.002426593
0.00333232
0.003902695
0.003144122
0.003657022
0.003360083
0.003494349
0.003997817
0.004028989
0.004116115
0.00469697
0.005116498
0.004196822
0.003096709
0.003209108
0.002614674
0.002483869
0.002350854
0.002659398
0.002283448
0.00239101
0.002665136
0.002455247
0.001810417
0.002102419
0.002147756
0.001716403
0.001851323
0.001347393
0.001073568
0.001383442
0.002048505
0.002529028
0.002315741
0.002436957
0.003803309
0.003467193
0.002619727
0.00399935
0.002981682
0.002652812
0.003387567
0.004323605
0.003202755
0.003775794
0.00485549
0.004213169
0.006471272
0.006457337
0.005423494
0.005889435
0.006465294
0.005869061
0.005261229
0.004649315
0.004777307
0.004024598
0.003136598
0.003440881
0.002577139
0.002826116
0.002700877
0.002702844
0.002834404
0.003586056
0.004610493
0.00373768
0.002982202
0.00369643
0.002758765
0.005836481
0.004392981
0.003372406
0.003388724
0.003504313
0.004484933
0.002387203
0.002426879
0.002881653
0.003707018
0.00376413
0.003077263
0.00430017
0.003762214
0.004459267
0.003399019
0.002975721
0.002935407
0.003822962
0.00361937
0.00499289
0.004345449
0.002328722
0.00258084
0.003862824
0.002656442
0.002406718
0.002780835
0.001608869
0.002202109
0.002223886
0.002383796
0.002287292
0.003456878
0.003887195
0.003983066
0.00415597
0.003365229
0.002883686
0.004249705
0.003481416
0.003181591
0.002419031
0.002651641
0.003691848
0.00385237
0.006266636
0.005690675
0.00634496
0.006345977
0.006076078
0.004409896
0.005018497
0.004154409
0.005087425
0.005523679
0.005745837
0.006430012
0.006035159
0.006202684
0.005399363
0.005420346
0.003791208
0.003416082
0.003060788
0.003734943
0.005578317
0.006428949
0.008417792
0.005677625
0.005928302
0.006415306
0.005023837
0.003948184
0.003547863
0.003231535
0.003160022
0.00315583
0.002320788
0.002278247
0.002755045
0.002440144
0.002219372
0.002410438
0.003220726
0.00339795
0.002806639
0.003866086
0.004386556
0.00332392
0.002227236
0.002404469
0.002288421
0.002935857
0.002120513
0.003078992
0.002815856
0.002545008
0.003316901
0.002735364
0.003272639
0.004284071
0.004733699
0.003983682
0.005015849
0.004038543
0.004946698
0.005451663
0.00486386
0.005859537
0.002771982
0.003671747
0.003108526
0.003853371
0.003001491
0.00278499
0.002522265
0.001875878
0.002261559
0.002769752
0.003580989
0.002291603
0.002903749
0.002590055
0.002399765
0.003731493
0.003704664
0.003976359
0.004042211
0.004263361
0.003169994
0.003137564
0.004804434
0.004123022
0.003732546
0.003633658
0.003533316
0.004533814
0.005139087
0.002964034
0.003724465
0.003217634
0.002238076
0.00268715
0.001976461
0.002646948
0.002210983
0.003009487
0.002304658
0.003125853
0.003184129
0.005670541
0.005028867
0.003240686
0.003038144
0.003631181
0.003614735
0.002570957
0.003259593
0.002924679
0.002447584
0.002174191
0.002171542
0.001808968
0.002410786
0.001846087
0.003249633
0.003428218
0.003761869
0.005219299
0.00446732
0.003420103
0.002234298
0.002679068
0.002294559
0.001848912
0.001868887
0.002205826
0.00239042
0.002707731
0.00367338
0.003383885
0.003955021
0.003457145
0.003393151
0.003083926
0.001925654
0.002182748
0.002809238
0.002257038
0.002553744
0.00201022
0.002896832
0.003474162
0.004150533
0.003321769
0.003357604
0.002782202
0.002961925
0.003026572
0.004810598
0.004257822
0.003878233
0.003286443
0.003090792
0.002543598
0.00372806
0.003045292
0.002462992
0.003838798
0.003411212
0.004380646
0.005112284
0.004560618
0.005035035
0.004617796
0.005283699
0.005227294
0.00321201
0.003084269
0.002718156
0.002573388
0.00454567
0.004528429
0.004303656
0.002565417
0.002405189
0.003827444
0.005008871
0.005069027
0.004103027
0.003130822
0.002992399
0.002662981
0.002910189
0.002858886
0.002892589
0.002657766
0.00240792
0.002066539
0.002327369
0.003158292
0.002863241
0.002762847
0.002783718
0.002043235
0.002481431
0.002448805
0.003125972
0.002728375
0.003078433
0.003272247
0.003748345
0.005235802
0.005083971
0.006241008
0.005625635
0.004134482
0.004932571
0.006748636
0.005190997
0.006373598
0.006235127
0.005162876
0.00427465
0.004763722
0.003703564
0.004232355
0.004295799
0.004910843
0.002937903
0.00367017
0.004393043
0.004117182
0.003104482
0.00446598
0.003892608
0.003562749
0.003455775
0.00364696
0.002859205
0.002964774
0.002036435
0.002690435
0.002196049
0.002123715
0.004280704
0.004294578
0.004051958
0.003369933
0.00331392
0.004375975
0.003206128
0.003227395
0.003033505
0.002490501
0.002833763
0.00255502
0.002307056
0.002348784
0.001742735
0.001479274
0.001634381
0.002120517
0.00182719
0.001932937
0.003684454
0.003683238
0.005198338
0.004285867
0.002717836
0.002890802
0.004216626
0.003809718
0.003624247
0.003927075
0.004498083
0.002960815
0.001767453
0.002218667
0.002372688
0.004006315
0.004041529
0.003631789
0.004260293
0.005566801
0.004379142
0.003128164
0.003734113
0.003176025
0.002904266
0.002514336
0.002483319
0.002217163
0.003173615
0.002849142
0.002995241
0.002528675
0.00282073
0.003467101
0.003757216
0.003153965
0.004089714
0.002902663
0.002858209
0.003280836
0.003892596
0.00331431
0.002772298
0.003516617
0.0042096
0.002327381
0.003708315
0.002794741
0.003228112
0.003375098
0.003570179
0.002930414
0.002420055
0.003320972
0.001977091
0.002613206
0.005301802
0.00541509
0.003602181
0.003228016
0.002916153
0.003036201
0.003670461
0.002973495
0.003545682
0.003813031
0.00331724
0.002573841
0.003181141
0.002391488
0.002178212
0.002395687
0.002468982
0.002357001
0.003021162
0.003578885
0.00390607
0.003713648
0.006164539
0.004635112
0.004493191
0.004601965
0.004409502
0.005689135
0.0042716
0.005435847
0.003361765
0.003032701
0.002483647
0.003911358
0.003186572
0.00279402
0.003054105
0.003310998
0.002548689
0.003426993
0.003131859
0.003495627
0.002785621
0.002757452
0.004143152
0.002901889
0.0043817
0.005495556
0.006037685
0.004787962
0.004039625
0.003056756
0.00256095
0.002993156
0.003132703
0.00327609
0.004190663
0.004976236
0.003638367
0.005394003
0.003800793
0.003420159
0.003074142
0.004427327
0.003731066
0.003916393
0.003439133
0.004051551
0.003688434
0.00305842
0.003411047
0.003607862
0.00272142
0.002481886
0.002679622
0.004396883
0.002359893
0.002634189
0.002232729
0.003419451
0.003901128
0.006126647
0.004946132
0.004860215
0.004466961
0.003911236
0.0046787
0.004901359
0.003981257
0.004679491
0.003720371
0.003215789
0.003703477
0.004638576
0.004299922
0.003019636
0.002769757
0.001690661
0.001341596
0.002345491
0.001509883
0.001507493
0.001517338
0.001665098
0.001459254
0.001803041
0.00213504
0.002846679
0.00242958
0.002039059
0.001625924
0.001811907
0.002102601
0.002452915
0.002407826
0.002473183
0.002508185
0.002822912
0.003020957
0.003032168
0.003832724
0.005541917
0.003862398
0.004100967
0.003763017
0.004892205
0.003960645
0.004322202
0.003774666
0.004042609
0.003774309
0.003032881
0.003250977
0.001810206
0.001865481
0.001914073
0.002815888
0.002413728
0.003181099
0.002302876
0.002383522
0.003513679
0.003134118
0.001958665
0.002431998
0.002550032
0.002407366
0.003323096
0.002011897
0.002870793
0.003419355
0.003709385
0.003309631
0.003398081
0.003691622
0.003782118
0.003554446
0.004708518
0.005245077
0.00573928
0.00423673
0.004329104
0.002276269
0.002391957
0.002340389
0.00278033
0.003284025
0.002772911
0.003876414
0.004658835
0.00365174
0.002867441
0.003240162
0.003105431
0.002982761
0.003768666
0.003963812
0.005803631
0.005618133
0.005053562
0.003598746
0.005201112
0.004694158
0.003321088
0.003285861
0.002952246
0.003354387
0.003778493
0.004726183
0.003038009
0.003624905
0.002193494
0.002242759
0.003227703
0.00260572
0.001508605
0.001651408
0.003078864
0.00276249
0.003056085
0.003539928
0.00307207
0.002652671
0.002144354
0.00219538
0.002687966
0.002926319
0.001970542
0.002254835
0.002181009
0.002375563
0.00355312
0.003382653
0.003204213
0.002770908
0.001928306
0.002218417
0.001594812
0.001938094
0.002612743
0.004251268
0.006109198
0.004221467
0.003441692
0.002331758
0.002540196
0.00323267
0.002262125
0.002228675
0.002048374
0.002658258
0.003637621
0.002910666
0.003194098
0.002341628
0.002745289
0.00263373
0.002727728
0.001969892
0.002286702
0.002617903
0.00241306
0.002002367
0.002320296
0.002187984
0.001936901
0.002567668
0.002905704
0.002277754
0.002326819
0.002433665
0.00293674
0.002222693
0.003547206
0.003422413
0.002911551
0.003276526
0.003472182
0.004438539
0.002646897
0.00302968
0.003183503
0.004261612
0.003975126
0.004863928
0.003173713
0.004152338
0.003462566
0.002299651
0.003206049
0.002174628
0.004040151
0.002752119
0.002801349
0.002012303
0.001340045
0.002085536
0.002594432
0.002683384
0.002971348
0.002904042
0.002058648
0.002881805
0.00240926
0.003556015
0.003715948
0.004214098
0.002946761
0.003499007
0.003673411
0.003916812
0.00473943
0.003078522
0.003408356
0.005235365
0.005190562
0.005773018
0.006615531
0.005554318
0.004830964
0.004097372
0.004131542
0.006834926
0.005105841
0.004434877
0.004202235
0.004624119
0.005041306
0.003926047
0.00296212
0.002653377
0.003024563
0.002738797
0.002724617
0.002618941
0.00162542
0.002684339
0.002034233
0.001821107
0.002105753
0.001814133
0.002379414
0.003072635
0.002888855
0.002977732
0.003408248
0.003497175
0.002973569
0.003740088
0.004480196
0.003074181
0.001848051
0.002412195
0.001590102
0.001805359
0.001934319
0.002064981
0.00237732
0.002115557
0.002255526
0.002256612
0.00335699
0.004915289
0.00488194
0.003794267
0.003441946
0.003090259
0.003977143
0.003421286
0.00292291
0.00392501
0.003062902
0.002080745
0.001843261
0.002312559
0.002334654
0.002350808
0.002729462
0.003139058
0.002534859
0.002970601
0.002364023
0.00288748
0.002510936
0.002492944
0.002320095
0.002422299
0.002891197
0.0028311
0.002758934
0.003473216
0.004329908
0.003736198
0.003768129
0.002319725
0.002385339
0.003229759
0.003050451
0.002742016
0.003763197
0.003308325
0.002216688
0.002573108
0.003462439
0.00172808
0.001914044
0.002619569
0.002106336
0.001799456
0.002970578
0.003245712
0.00194887
0.001404186
0.00102645
0.001383827
0.001512864
0.002929301
0.004310155
0.005642904
0.00444225
0.003126339
0.002738329
0.001461706
0.002410321
0.002587656
0.002580689
0.002204393
0.001956226
0.002188902
0.002235945
0.002874257
0.003949926
0.003543019
0.003704844
0.003699342
0.005702875
0.007541972
0.004546957
0.006096949
0.004950782
0.004882774
0.004789102
0.004309262
0.005613401
0.005411781
0.005901624
0.006299963
0.004902387
0.004436926
0.003252439
0.003715937
0.003363581
0.003589121
0.003871022
0.003196133
0.003769605
0.002687544
0.003355553
0.003540833
0.004544915
0.00552993
0.006418931
0.006840772
0.005645907
0.004076643
0.003004215
0.002589984
0.004074959
0.004101207
0.003486681
0.003195603
0.002944264
0.003409373
0.00331324
0.002861089
0.002333817
0.001462205
0.001546535
0.001186856
0.001110596
0.001787076
0.001924043
0.002394426
0.002573177
0.00337882
0.002832557
0.00209304
0.002326721
0.002638455
0.002828458
0.003598091
0.004129883
0.004886725
0.005872211
0.004929403
0.004414691
0.004275892
0.002977356
0.003826218
0.002837028
0.002513458
0.003574095
0.003144783
0.003056894
0.003674057
0.003611955
0.003455598
0.003013306
0.003457117
0.003723143
0.004190932
0.004836479
0.003589644
0.00387716
0.004068203
0.004366682
0.004375331
0.003673304
0.00205287
0.002476989
0.001999449
0.002644172
0.004101671
0.003667436
0.004118232
0.004382237
0.004502059
0.003532561
0.003917595
0.003620916
0.003350266
0.003424968
0.004900141
0.006781395
0.005821743
0.005908935
0.007594367
0.005735834
0.006628743
0.005054958
0.00450215
0.003763614
0.002651234
0.002958441
0.003788167
0.00502154
0.005477004
0.003201165
0.002594395
0.002638465
0.003024327
0.002741869
0.002849848
0.002676593
0.002750279
0.003186056
0.002789845
0.004043159
0.00414153
0.004820708
0.002543297
0.002446801
0.002616205
0.0024007
0.002050591
0.002260453
0.003383925
0.002898691
0.003410644
0.003945982
0.003988929
0.004371724
0.00417025
0.004484712
0.003043183
0.003060681
0.002998325
0.003077448
0.003731633
0.003164905
0.003722877
0.00253587
0.003475899
0.002842791
0.002479489
0.002048176
0.002632754
0.002443919
0.002568003
0.002551814
0.0019735
0.00256904
0.002087339
0.001792119
0.001759295
0.002188181
0.002915052
0.002684675
0.002759975
0.002552062
0.002377111
0.002143404
0.002584524
0.002125373
0.002893301
0.003612372
0.003285671
0.002841658
0.002709328
0.002824096
0.004366724
0.002584959
0.002928431
0.002094308
0.002280927
0.00214254
0.002060458
0.00237929
0.002099464
0.00208337
0.003079483
0.002733645
0.002852241
0.003073301
0.002765867
0.001717557
0.00227181
0.001765519
0.002193012
0.002538534
0.002985183
0.002681795
0.002546489
0.003535122
0.003443407
0.002146546
0.002081047
0.002799783
0.003953986
0.002797211
0.003362934
0.004962793
0.002909541
0.003115584
0.003401178
0.003381643
0.001869389
0.002363103
0.003708598
0.002919117
0.002785369
0.002978976
0.003564267
0.003875887
0.003957388
0.003580074
0.005299265
0.005098116
0.004116808
0.003725047
0.002925362
0.002722969
0.002304561
0.002990407
0.002677412
0.002035633
0.002477239
0.002579875
0.003333952
0.003268544
0.00283284
0.004171283
0.005098703
0.005324936
0.006044873
0.006568696
0.006251389
0.00546265
0.005498501
0.004535863
0.005297996
0.004221236
0.006098548
0.004818086
0.003433814
0.00279429
0.003155725
0.005036425
0.003826414
0.005023554
0.004199804
0.0045662
0.004275901
0.003652852
0.003612671
0.00328954
0.004116843
0.004499398
0.005746714
0.005320371
0.004517941
0.00516369
0.005657554
0.004493869
0.003708781
0.005170051
0.004514061
0.004611521
0.004943929
0.004860988
0.004448496
0.004761139
0.004233815
0.00531146
0.004076786
0.006331849
0.00412371
0.003423288
0.004429633
0.003571297
0.00285887
0.003292223
0.003023315
0.00283722
0.003373535
0.003167064
0.002443414
0.001826221
0.002095532
0.001743348
0.002298581
0.003332323
0.003256947
0.002810667
0.003503617
0.00377334
0.004581306
0.003008588
0.003369614
0.003627739
0.004743868
0.004134082
0.00463253
0.004002528
0.003762203
0.004511998
0.003521012
0.002682739
0.001931933
0.001892461
0.002955541
0.003408375
0.003753871
0.003584284
0.005884256
0.004235958
0.004886368
0.004311133
0.003878445
0.005534784
0.006224028
0.005720784
0.005338512
0.003556028
0.003327345
0.003864747
0.003443984
0.004169182
0.006178914
0.00324362
0.003129991
0.003269725
0.003721458
0.003631598
0.003135056
0.004798571
0.003073296
0.004233415
0.00419348
0.00319074
0.002740977
0.002582996
0.002397793
0.003089106
0.00310647
0.002441275
0.002952886
0.003222671
0.003012462
0.003005225
0.003674397
0.002602196
0.002973639
0.002970541
0.003219906
0.003616681
0.004479572
0.00312029
0.003884218
0.003086035
0.003860133
0.003537981
0.00412858
0.004574003
0.00640412
0.005738002
0.00687643
0.006767904
0.004533594
0.003556215
0.003687143
0.004035577
0.003328156
0.002533798
0.002750753
0.003503987
0.002230527
0.002641359
0.002110431
0.002059859
0.002160063
0.001996047
0.002341225
0.002161227
0.002721057
0.002682111
0.002733846
0.001752276
0.00185786
0.001424477
0.00226757
0.002653811
0.002339675
0.00310927
0.00243358
0.002687188
0.003222498
0.003187927
0.003530344
0.002431987
0.003161771
0.001901763
0.001906201
0.002044727
0.002048864
0.001702253
0.00281012
0.002670826
0.002632099
0.002841727
0.003958699
0.003202996
0.002935228
0.002515628
0.002117652
0.00258554
0.002960194
0.005024271
0.003702866
0.005007173
0.004236481
0.004042906
0.003692154
0.002917946
0.004536158
0.00323142
0.003329395
0.002523078
0.002670733
0.002392523
0.002268021
0.002711988
0.003081186
0.00398252
0.003811119
0.004892831
0.004137755
0.005459082
0.006583223
0.005105929
0.002935343
0.003616721
0.004036219
0.003551745
0.004943015
0.004689671
0.004396778
0.006541623
0.005162263
0.004871425
0.004631021
0.005704498
0.009197954
0.006670797
0.005659946
0.00530459
0.004923541
0.005229389
0.0044478
0.004198916
0.0053422
0.005242531
0.004065088
0.002751829
0.002594538
0.002648452
0.004186485
0.006079668
0.005722634
0.004608859
0.005913979
0.005341123
0.006531759
0.004214138
0.00352876
0.005122683
0.004357925
0.005454993
0.006093025
0.004456457
0.004152426
0.003719348
0.005391595
0.004770842
0.004656709
0.003013652
0.00282009
0.004088177
0.005805556
0.004443998
0.0041576
0.00552766
0.004742805
0.003179196
0.002598582
0.003174085
0.00348662
0.004118201
0.002738317
0.002092687
0.003044677
0.001782416
0.002508263
0.001909015
0.003010239
0.002902227
0.00199624
0.002624707
0.002907195
0.00281357
0.003971668
0.003918914
0.002351886
0.002399697
0.00256976
0.002935446
0.002607608
0.002242341
0.002745623
0.002819515
0.003523515
0.003704562
0.005624265
0.003546327
0.003325281
0.003839287
0.005082554
0.006086477
0.005129336
0.005123342
0.005154361
0.003870371
0.004280527
0.004647018
0.004702605
0.00356224
0.003278049
0.003673924
0.00325241
0.002476603
0.00278931
0.002340238
0.003598068
0.003868889
0.002784635
0.003054103
0.00339645
0.003247334
0.00391889
0.00302956
0.004263526
0.004447948
0.004344534
0.004879294
0.005226615
0.003589351
0.00453333
0.003828179
0.004474804
0.002872622
0.003287078
0.003419373
0.003107564
0.002520879
0.002417462
0.002377609
0.003412623
0.004492582
0.00381894
0.003045729
0.00291306
0.00387321
0.00511956
0.003422523
0.004329466
0.002955464
0.003410089
0.004333161
0.006261684
0.00550998
0.004994856
0.003818717
0.003998572
0.004677091
0.003808207
0.002439275
0.003130497
0.003839793
0.002963812
0.00278468
0.002878407
0.002765215
0.002196911
0.002293214
0.001584136
0.002030916
0.002053303
0.00240224
0.002047481
0.002316456
0.001985517
0.002289152
0.00255507
0.002596597
0.002957077
0.002896117
0.002904486
0.003299491
0.003517792
0.005472239
0.004631492
0.00482232
0.004460358
0.003723819
0.003589803
0.003788352
0.003552051
0.002732004
0.003763273
0.004969882
0.003909298
0.003249691
0.001979971
0.002141202
0.002706797
0.003456159
0.002925192
0.002819119
0.003040275
0.002994959
0.003660005
0.004331345
0.004574368
0.007123299
0.005647913
0.006694684
0.008241117
0.005870825
0.005260645
0.003955875
0.002859615
0.003259245
0.00493942
0.003038895
0.002945532
0.00294693
0.003762316
0.002988859
0.002790828
0.002472485
0.003159921
0.003444019
0.003198743
0.002951348
0.003426177
0.003153056
0.004735826
0.005651582
0.004632343
0.005326801
0.00323035
0.002370967
0.001811662
0.00188107
0.002060705
0.002129662
0.002500812
0.003926996
0.003626071
0.003208158
0.00270971
0.00312964
0.003803785
0.003450504
0.003217864
0.002447639
0.002346911
0.001994873
0.002334172
0.002260776
0.002636099
0.003778733
0.003182281
0.002430685
0.002816809
0.005936424
0.00555098
0.004192654
0.003370638
0.003248528
0.003386049
0.002898204
0.002942974
0.0018501
0.002388687
0.002570048
0.003123232
0.003996904
0.003455383
0.004467034
0.002993556
0.003344662
0.004067455
0.003799524
0.003559219
0.003479465
0.004086384
0.003809096
0.002981603
0.003562094
0.0031998
0.004506793
0.00477229
0.003963381
0.005498196
0.003884834
0.004372515
0.002926963
0.001905071
0.002731017
0.003163919
0.001955885
0.001890629
0.002245084
0.002750328
0.00179938
0.002326728
0.002897502
0.003141328
0.0028203
0.00400045
0.003910691
