20.7171
24.58017
61.0076
111.1245
115.4629
173.1245
159.3211
199.6826
219.6426
180.0928
162.0973
186.37
178.0876
196.7109
187.6514
183.0355
195.6441
216.7987
196.5413
223.8153
215.6256
181.5322
200.2181
196.1828
185.1513
217.1388
185.2409
235.6641
216.4366
239.508
205.655
184.5852
208.0253
204.7899
166.6966
196.6651
188.7321
198.1203
224.2311
237.3235
199.2725
224.4029
205.6973
169.1485
196.5083
211.8194
212.0153
191.7172
205.7696
214.2482
193.5094
197.7055
198.4214
203.4349
212.584
234.0065
193.1942
245.1572
222.9947
206.5502
250.7746
234.8283
254.5881
193.616
193.6679
215.1346
197.3255
176.6526
168.1767
184.8277
187.5881
204.1896
172.2476
172.8712
198.0671
195.8168
193.976
180.9691
209.6168
195.3366
198.2622
245.6653
245.9456
197.7854
227.8308
216.8953
162.2388
187.0941
228.6076
178.2707
169.3231
191.0442
175.517
249.295
191.4449
185.9352
223.545
185.9917
230.2346
185.8351
192.5777
191.1746
179.805
191.1663
218.4298
210.721
187.2667
186.1899
165.6283
184.5707
185.3771
215.8793
208.0407
272.5911
210.2913
189.2855
215.149
205.6129
166.6676
221.8344
192.5471
194.9091
206.3676
209.5912
217.9532
205.058
219.8745
176.3182
207.7056
225.8461
166.5765
212.8442
214.8734
165.1525
216.5709
193.2563
220.9662
213.2567
197.4665
171.4822
158.4563
239.7837
178.7777
260.7317
194.7287
166.8519
159.8778
219.4633
213.9612
188.8929
189.711
231.4316
201.063
155.6347
194.6281
232.5096
205.903
236.6259
203.4238
193.3377
188.8973
175.7606
196.481
189.9011
155.1795
196.4023
192.8862
233.3353
173.9987
184.7107
225.6615
216.1381
231.335
242.3931
227.0065
213.2997
205.7785
274.6144
218.9123
184.5514
222.9964
229.4436
224.3885
193.1091
215.3141
242.1845
223.0741
254.8653
232.8522
272.6579
209.4723
243.8423
181.1325
199.2052
188.1527
227.8404
239.8263
200.2304
186.3254
219.2007
203.4958
220.401
215.7731
219.5838
198.3551
214.2767
200.5503
193.003
194.6297
207.7605
181.8882
203.7084
206.2991
235.0506
216.912
210.8143
182.1477
208.0325
214.8668
186.2363
194.3399
224.3039
221.7023
211.2878
199.774
211.1415
226.3532
204.5762
202.5437
197.681
204.9236
157.8744
179.8259
210.6169
258.477
217.5549
246.8972
211.9888
189.079
203.3205
206.9264
210.4117
200.5268
199.8675
186.9297
198.8909
251.9552
184.1534
216.2254
192.6689
247.5727
213.5398
217.4214
188.9225
204.3431
244.7056
195.9233
200.9774
238.0435
178.8026
276.0106
208.8551
213.5209
192.5493
181.7638
198.2768
175.7706
204.8433
200.6495
190.1529
181.0697
173.3469
204.9903
203.7797
203.7485
201.3955
198.1881
228.6983
226.6342
222.2999
262.5659
254.2202
229.6954
231.8319
201.7314
261.9689
244.3032
231.2116
218.1987
205.6801
259.4407
217.3627
177.1643
185.9937
236.0422
203.6246
214.0298
194.259
186.7702
167.4313
175.4311
215.5544
177.5361
257.9392
213.1392
216.558
234.1612
183.3268
205.8945
254.9813
218.8208
198.0246
200.6198
194.3541
203.876
173.7428
209.5764
226.998
159.8452
210.907
216.3452
184.4161
199.2094
233.6858
232.3793
222.7836
237.8061
183.2724
193.7047
212.6395
197.7015
219.7153
190.7114
218.3029
206.0049
181.9596
222.8193
233.5598
172.0293
190.1408
205.0831
247.2407
231.5245
216.419
246.0576
232.7742
224.3699
263.3245
204.6313
221.8853
185.8274
202.2183
220.0831
189.9083
179.475
184.6687
201.3377
181.5596
194.8585
212.5733
223.4045
182.6878
194.7908
210.4606
193.2037
168.128
221.9712
179.0735
235.7193
164.5084
217.3773
191.6452
187.6692
237.9316
242.6683
203.2041
222.119
179.2927
226.8736
188.9515
220.0997
181.2141
218.5463
238.3295
224.0046
242.3875
252.1944
182.575
215.4576
241.656
196.8899
238.1411
207.6348
194.7104
182.3575
185.4955
178.8281
177.2395
189.9347
229.2551
218.0301
223.0712
198.9508
207.1989
220.5677
205.9423
220.966
240.2722
207.4784
240.7359
169.5577
193.2336
208.6828
190.8152
171.1715
173.8771
198.2778
185.3794
188.6595
214.8223
212.6679
196.5162
145.9025
171.3018
188.1325
176.1592
176.4287
187.9427
196.6321
192.7358
202.4666
175.9048
186.6621
246.496
237.5026
233.1684
192.1682
195.9797
198.1846
177.7563
174.7767
171.2726
193.3782
239.3894
189.9418
198.8765
221.9469
225.0478
240.0443
223.9179
200.7304
182.9057
238.0565
199.9112
172.1903
195.8114
222.8772
213.0851
210.6105
178.2203
201.3105
224.3573
201.3957
215.2119
225.5252
215.8699
252.646
211.8499
225.8696
180.4068
186.0785
205.7395
214.5491
184.0008
195.5551
206.1949
197.0446
214.9409
240.7765
203.6182
201.5163
207.7473
209.686
193.4142
194.6964
162.7713
204.7306
179.795
240.1184
202.6093
218.1609
214.8468
256.5054
229.2637
179.896
231.3574
224.2836
181.4534
221.8814
161.0333
201.5125
190.8515
193.7755
188.0677
194.2259
206.2617
182.3122
193.8468
214.975
278.4549
207.5057
194.9764
213.3739
165.8137
189.9422
191.2705
201.1082
265.7136
214.1889
215.8735
196.9488
239.5481
183.0459
215.7599
232.5833
182.1911
214.0074
217.3358
183.4924
244.7609
228.0415
239.227
202.8564
231.8107
184.675
200.198
202.5389
187.5669
203.6203
170.066
199.351
220.552
217.4661
218.6726
209.3561
198.7386
181.846
193.4408
209.8953
178.9379
225.8744
217.4057
179.6318
204.6705
225.2498
187.3999
223.0217
227.65
209.971
266.4394
219.2255
244.6804
209.6813
187.2632
195.775
191.1938
189.4205
194.0747
218.1762
209.8515
200.2108
192.8563
190.8614
165.6551
208.7674
228.0881
220.1524
195.7192
150.292
248.0703
261.1347
218.0016
228.7664
162.2023
176.4551
204.2138
224.8874
184.4703
178.4556
175.2698
161.9653
189.3632
184.6079
190.5576
153.7533
197.1336
192.9879
180.6507
216.134
213.9769
198.3084
202.6546
217.4449
207.9811
268.7372
264.2943
194.2659
222.7479
214.8486
214.6294
180.8772
171.4439
243.2267
185.9296
191.7629
163.7128
236.7373
199.9911
261.122
252.0231
198.8792
221.5111
232.9472
232.8054
203.2873
232.7537
223.3229
231.4363
226.6521
208.915
212.1859
239.3433
209.795
220.0769
179.9837
219.3969
227.075
159.8658
142.4863
169.6648
175.0656
203.3487
195.368
205.8358
238.6346
222.2423
204.7925
204.0157
229.7816
188.4156
171.6751
209.9484
180.2422
255.3429
206.2983
183.3021
206.5282
226.7504
191.5361
200.7228
179.7907
165.6475
168.8042
204.0827
206.6161
226.0473
210.7352
215.135
230.3628
252.6456
208.3484
188.0869
207.4353
231.1924
228.5591
198.3592
185.7626
199.8039
207.457
164.8144
189.2742
179.5645
243.3783
226.5087
258.0138
191.1139
195.6617
193.8306
180.7272
204.2893
220.4034
198.4382
178.8328
171.2432
210.9965
219.2642
207.4152
188.7366
170.4907
195.5441
173.385
240.3589
214.1625
221.5524
215.9303
195.8948
287.2004
207.9926
181.3163
199.1922
232.9336
201.2674
238.8078
203.0412
217.232
226.4329
204.5964
235.4438
202.2406
213.84
226.1124
190.5644
163.9617
223.0593
221.1761
235.8882
196.12
212.0772
222.6298
235.0979
215.3587
198.5314
220.4997
201.9412
171.1622
168.9191
216.3223
207.9128
191.5906
167.3788
174.2065
170.3858
211.1817
228.5083
222.8306
211.1431
214.5592
216.5922
186.6336
240.62
168.897
201.6254
191.1252
229.2409
228.0907
207.3486
233.6694
216.0368
244.5163
224.0632
251.4394
247.5894
221.4405
236.4208
205.7794
278.6866
191.1672
233.6737
214.043
213.8388
255.5376
191.558
175.2248
171.5253
190.318
228.383
219.1513
222.6887
186.908
208.8669
197.9434
185.8132
246.7385
218.2841
225.0776
207.6844
219.9338
180.5515
248.5881
215.3037
224.1688
243.1094
239.0413
217.1702
220.1637
200.8397
214.0481
216.4242
186.5108
209.4345
199.4035
211.05
200.1581
178.9577
174.9953
225.0504
209.0642
204.4266
179.4395
173.0187
174.7363
265.0054
210.405
212.0462
182.3349
207.4637
190.9201
216.4379
199.989
235.8687
186.1931
206.7299
208.5235
205.8818
203.0528
186.0141
205.5147
184.7209
185.6453
183.9282
172.8111
149.6675
183.962
179.6204
158.4449
197.5508
224.7699
209.9337
202.3055
179.4727
180.0656
216.5753
227.8018
301.2084
239.3391
200.7733
188.7568
179.7022
209.5551
219.2276
222.5181
193.3722
238.6452
185.679
220.9936
172.3201
226.2991
185.7844
214.5047
215.383
182.5996
194.1487
191.551
195.7875
201.5658
245.6024
213.3814
174.6175
174.2331
214.5143
201.9016
210.3263
215.0049
197.3731
193.3937
221.4569
203.0106
180.5355
198.7854
222.2254
196.9944
186.9129
219.4098
191.3748
219.3106
193.7295
222.8747
223.5819
260.3467
207.5694
229.3529
214.7721
239.0766
202.265
180.9616
262.8317
206.4492
209.0171
181.6283
191.737
199.2903
243.2875
204.4146
219.9311
227.0204
226.1142
230.6753
197.7143
232.27
192.5603
193.5184
194.2183
214.0173
204.7212
195.4853
228.4145
186.2417
213.3419
293.7118
164.4632
227.4726
222.7045
207.4856
208.9767
192.2421
207.8039
236.8023
236.0116
206.6717
212.9999
221.8244
190.4702
214.1658
204.7603
172.6126
201.7598
173.6465
184.6542
178.148
173.8012
190.5506
228.7292
157.5074
228.6293
267.8478
228.439
175.4816
175.9394
206.6724
184.4062
188.9681
213.2603
210.5528
181.5345
168.6079
194.5894
226.6985
192.2731
179.5326
153.9351
195.88
181.6988
209.3359
239.0255
232.1669
206.4741
185.9108
219.7356
196.6533
196.2336
236.7694
231.2467
237.3361
194.2464
220.1229
225.4911
235.0083
191.2762
200.3328
172.4432
202.3617
179.2168
232.6812
199.6934
181.3349
178.5353
188.1506
195.2916
255.4857
204.8322
196.0661
211.6714
185.7088
227.8788
180.1104
157.799
172.5122
247.8593
216.4277
217.1193
213.6821
184.5412
230.3558
199.9383
176.7783
159.8575
190.0042
168.9236
233.0157
239.5201
209.4645
220.1766
232.5566
260.6664
238.3043
216.8365
201.7334
192.1811
207.9492
232.9327
206.9749
155.2518
213.6961
229.5087
230.6666
224.1591
222.1916
218.1171
219.2108
187.0965
171.8184
188.5006
213.5286
204.7221
205.2375
211.7328
191.5161
213.8271
186.0389
238.1248
209.3516
182.4916
243.6074
226.0411
193.3068
185.8449
166.7692
203.9503
234.8457
177.005
202.0941
241.6624
225.8579
222.2338
200.5957
205.4949
204.6336
240.3652
190.9029
159.3086
171.2345
197.3737
200.4867
178.7165
195.0154
204.9551
217.439
181.4335
198.2498
186.1317
174.2655
183.8101
216.7921
193.9995
162.7329
157.4199
205.7323
190.5798
180.9869
203.4544
232.9305
245.2397
215.0786
184.9542
195.2369
171.8841
217.7219
234.8787
165.6213
221.7425
197.5714
207.9217
243.4086
188.6064
192.5891
201.0338
216.7679
235.6462
197.1039
184.5093
244.8019
199.92
191.8432
201.9449
171.8956
196.3069
163.6555
194.978
173.1198
207.8706
191.7787
197.6534
222.6194
194.4184
226.5882
197.502
212.089
154.7591
160.6444
189.5049
174.6411
203.8234
169.1658
186.4972
175.5248
176.5129
176.6282
174.7044
188.0412
192.3467
202.2033
164.4477
151.9925
196.0746
177.4082
248.4038
182.0665
240.8373
243.5708
183.6312
203.7959
167.2934
204.5257
167.3715
214.5802
185.6148
198.3954
172.241
214.957
169.4036
204.9783
224.5792
178.6395
188.1673
182.9986
184.0704
215.9183
163.6457
202.7651
209.7859
206.0297
200.1063
230.7433
199.8839
176.099
158.6904
218.7148
170.1035
193.1708
228.7436
211.6262
187.9087
230.4344
218.5964
207.4875
187.8488
223.8961
176.7491
196.4015
200.605
208.4351
219.1297
220.5687
231.242
220.0271
218.3797
231.084
218.4025
196.3922
169.9835
209.8264
209.8649
205.2423
145.4226
163.4617
193.4053
216.1933
188.146
231.1954
202.7823
205.1982
201.8454
226.0208
220.6926
241.9265
224.95
214.6799
221.8772
212.6818
203.2716
179.2565
207.5977
208.4583
167.4212
220.3267
182.4899
186.9723
191.6423
226.3945
236.5758
202.0317
213.6437
228.573
189.8905
192.6873
213.8007
228.5587
194.8293
218.3947
200.8066
221.1804
220.0034
232.9731
229.377
216.9717
203.8992
241.5842
198.3423
193.6553
173.3504
210.9879
202.7543
226.5422
194.387
203.1669
212.8556
195.6788
180.1682
192.6696
227.3242
193.8
173.7821
219.6934
205.8074
236.7413
184.5033
184.3025
165.4257
164.4025
185.0489
186.7968
195.9855
168.9278
197.3261
218.616
182.2339
188.8004
239.0035
192.1806
231.255
252.1549
217.4617
223.7081
219.2025
171.987
196.5723
235.186
187.7682
167.8918
197.9902
168.8689
165.1035
255.7527
230.5021
188.7315
258.1133
199.5762
163.1267
166.6059
196.2752
235.2131
192.0046
180.1235
166.555
180.4819
202.7815
162.9328
208.3213
241.8061
180.5921
263.4531
234.2759
262.7588
195.3224
233.3049
188.6098
175.0392
200.5271
206.4202
187.9091
243.4244
206.624
198.6469
243.6611
242.2959
213.7827
191.4586
181.6569
230.0619
187.4879
201.7763
190.5022
169.5948
197.6253
227.8349
191.0218
194.8374
218.4071
235.0887
255.8468
171.5553
179.1848
212.3867
225.3994
206.4495
197.2846
211.2518
196.3699
178.0701
222.1482
256.1381
187.9681
218.9314
235.9121
220.3258
192.744
187.1991
181.2647
211.0827
247.3587
179.8662
196.5071
196.1312
228.246
191.1592
224.7889
199.8948
219.5642
179.5542
181.0239
204.0252
185.1122
164.9298
184.1837
216.7669
185.1855
206.1404
235.9033
221.7041
255.3314
194.2385
248.0823
145.3901
175.6041
156.7224
194.4678
192.6426
185.0505
254.5011
169.3984
204.3083
250.6878
240.8464
218.0352
214.5987
219.1177
189.0303
197.5416
205.0764
225.8131
237.841
230.242
173.902
245.6131
215.8812
210.9136
173.6039
178.8515
236.2875
210.3311
243.2198
231.2857
211.9494
206.4878
193.5391
218.8242
177.5702
194.3082
195.5601
207.1727
235.0898
229.7808
203.3514
204.6539
225.3039
212.716
213.7279
213.3089
226.2851
170.6452
160.0557
179.0663
201.5955
199.657
162.5772
180.4024
206.9941
190.3997
173.3947
180.6312
210.6606
235.2769
220.8753
246.8205
211.6921
192.2692
200.5535
257.3985
245.7564
182.1616
207.4989
222.387
226.2645
190.9293
184.5645
249.7679
187.7973
252.9533
200.7407
176.7929
212.7309
199.8376
187.9869
216.9786
222.8083
234.1151
207.9183
223.2252
175.8209
169.5936
166.0823
198.1987
203.3945
173.9416
201.7151
183.462
214.9284
196.4327
249.6147
225.8949
254.4719
240.9164
210.852
183.9552
244.2475
220.3776
203.3611
190.3622
177.8525
196.3986
192.0203
218.5317
175.0341
164.9704
220.2388
198.5043
186.6845
166.3076
194.307
168.8497
231.9683
237.6099
192.076
236.2576
235.349
192.159
247.3017
219.1793
245.7689
189.0801
209.3125
227.6706
201.3243
182.3941
164.3811
186.2985
197.3574
198.947
198.7195
216.134
187.6523
219.9097
197.5634
185.4511
199.6063
239.4952
216.9762
232.7974
208.5486
226.0546
222.8779
182.4504
181.7206
196.807
201.9593
179.2758
209.0497
238.3799
187.8055
221.0744
246.4944
239.9377
207.9608
188.0648
210.6915
215.528
193.7571
231.2282
219.1643
188.6521
195.0082
221.4591
210.438
211.8827
228.6964
209.5403
283.241
192.8405
205.1822
196.0263
252.3469
180.0699
229.577
203.8264
203.1416
236.141
212.902
210.5062
184.0292
218.7319
202.0627
164.1152
201.1788
216.7148
210.601
230.7024
164.0913
203.3111
206.5101
208.2967
196.1758
184.6281
199.869
184.7864
174.1514
189.808
182.1011
192.902
151.201
167.3345
247.6103
222.9505
183.3025
212.1904
242.2716
238.3168
231.6746
218.6076
219.3614
223.8411
231.8905
206.047
188.3312
176.8979
194.81
243.3682
225.248
216.8947
195.2448
199.5426
191.0887
260.5699
192.8627
223.9263
157.3633
164.2656
167.3207
198.9648
191.9072
226.7672
238.7728
224.0583
231.5989
227.2117
236.2389
251.1303
237.0289
203.2637
213.7756
231.8559
189.715
216.7172
191.1051
208.0454
196.4406
224.7538
196.7248
206.8718
240.6113
234.5843
202.9634
237.8646
241.1937
197.975
195.4631
217.8646
182.7145
227.6303
185.1909
174.4101
185.5767
267.9298
201.7418
171.3009
205.252
188.217
204.142
193.9512
190.2594
136.3744
165.0709
178.3922
163.018
166.2702
189.7377
193.1075
222.5891
212.9759
211.5683
201.3052
217.8154
187.4825
162.7915
189.7146
171.7348
181.5524
205.2511
170.9539
168.1682
142.1357
187.6421
180.464
161.3976
204.4068
180.0693
201.5339
224.4721
201.4228
188.2571
226.6116
202.3532
213.8921
172.2206
180.2099
201.2705
238.6765
215.7205
176.2485
213.034
209.7843
212.7532
218.367
204.7661
191.5108
186.0272
215.8948
228.5677
219.537
208.0539
222.0951
214.7486
235.5185
202.8854
206.0765
214.2312
203.3843
214.8773
227.2157
193.3845
184.4245
190.1031
210.6689
211.691
211.0813
184.7041
238.8014
190.7613
211.8095
158.3237
190.1146
197.9804
206.7804
180.569
160.8514
224.5911
229.269
183.3706
194.1224
206.7852
178.8514
213.4332
203.6112
174.4487
251.7396
248.9825
213.2324
221.2268
192.2838
206.3272
192.387
206.8605
222.3801
234.0462
228.8287
218.0382
235.5019
207.4772
187.0425
213.1321
210.4333
218.1327
217.2474
203.0283
208.9287
245.5863
202.0334
253.9789
185.3336
218.6432
218.9679
225.9933
217.7759
206.578
219.1571
186.8576
221.7549
166.369
212.4328
178.8387
176.6281
181.4724
194.1224
220.4875
240.6889
247.5627
239.2946
212.9289
238.6141
200.8091
221.6422
190.7878
218.831
192.5393
171.6206
183.7383
194.8567
179.2119
197.2259
196.8437
232.7793
242.5066
206.8378
186.8215
133.4063
188.3725
213.4648
256.3887
188.4771
186.4974
239.8389
208.1818
252.5594
184.2312
212.9471
242.7502
253.6507
237.2999
209.0796
227.4165
256.7752
215.4969
181.8074
244.1806
203.0376
265.7881
209.5993
189.3833
165.9626
159.5226
165.0008
144.8386
176.8495
184.6309
181.0433
212.8349
193.6249
218.6689
194.39
182.346
175.9707
208.2152
196.9632
206.9584
218.5
212.3374
185.6049
156.8645
204.4373
153.0273
232.0781
177.0094
184.3067
197.8962
183.5938
196.5684
168.7816
199.3851
205.9958
214.6599
260.0912
211.1932
213.1634
184.7244
203.0173
182.7567
205.0917
197.8262
187.8217
210.6031
230.9438
243.8229
209.4717
221.7681
215.5346
199.9876
210.3943
216.3579
200.4261
206.7707
260.4409
237.412
210.5813
182.0618
167.0207
186.4305
216.3956
220.102
192.3265
161.5415
210.8335
218.5994
177.4234
211.9411
232.236
209.0179
218.4428
204.9762
186.3443
164.0747
165.1487
209.9201
214.6139
174.4323
201.9186
225.7007
162.8834
183.8935
205.6427
218.3504
268.5575
187.3777
182.5661
184.7002
202.5718
214.002
266.5301
209.1431
195.4531
199.9873
201.4644
239.2676
188.0591
157.8322
178.9608
176.1435
144.7321
182.8652
173.127
197.4879
203.1937
246.8351
217.0281
171.3546
211.4978
212.4841
197.0632
208.1736
231.4663
202.5158
202.582
182.8587
175.4754
186.1385
180.4735
216.1485
247.0694
204.9595
178.202
207.1811
181.6428
188.9065
222.9215
199.9521
185.7315
192.9283
181.2772
217.0255
176.8499
192.9179
237.7015
219.4029
167.9955
204.8152
194.5771
197.015
201.7143
219.5646
215.9202
161.3756
221.486
192.2115
197.4436
189.0118
202.5184
200.272
220.3626
239.3483
204.0341
207.6397
194.6528
210.4168
198.2188
182.0852
217.2189
205.998
188.5345
242.3516
242.844
214.2485
261.2371
195.4959
230.5358
211.2852
264.0025
194.3154
206.094
172.1056
199.9066
178.1818
215.0082
233.0379
210.4292
211.4767
203.5982
192.0725
217.7682
212.9554
192.7248
202.8352
201.2393
191.9852
186.1739
177.8449
202.3012
223.922
173.9353
204.617
216.8664
240.422
203.2111
206.9097
220.0511
222.0178
215.7964
206.1482
180.822
216.2663
168.906
202.214
222.3682
198.0599
188.9017
213.1162
195.6908
167.9062
198.7594
185.4111
167.963
175.4394
197.937
179.2303
182.921
207.1253
215.7033
224.7812
231.0305
256.575
200.5211
193.753
242.6256
199.0862
194.6927
195.4853
245.8808
213.7795
201.4211
210.1506
216.8434
178.3201
242.5277
206.0316
211.6118
215.651
219.2256
204.305
211.7055
205.8182
176.0695
205.8592
202.9947
186.6147
227.6161
197.8401
223.2637
197.6815
196.6476
174.1683
180.8092
228.5827
217.3739
205.2266
209.4185
203.7423
159.8116
195.4515
224.8298
207.4362
202.8033
172.9921
199.1617
239.1333
203.0016
223.4881
208.4022
240.8597
171.2537
203.5273
212.722
174.6546
186.9823
182.2437
206.5227
228.4736
198.51
215.5214
223.7762
197.4154
187.7624
202.2056
185.6842
199.4087
180.7341
226.1478
210.6135
235.7724
208.8274
226.5415
238.0862
187.7586
208.5994
190.3868
204.6053
225.1626
195.6909
211.7716
184.2385
195.3389
199.6401
185.4204
200.1959
189.193
205.4348
207.948
224.155
180.0178
190.2307
145.53
234.2935
184.2322
168.6783
211.0478
195.217
189.2057
165.2456
203.3871
185.0061
214.3476
235.0495
208.2563
206.0865
197.3774
191.5943
199.0238
217.7951
231.7684
209.8676
188.874
210.8625
216.5286
195.0789
190.9853
193.154
212.4934
201.7048
228.6864
224.2763
238.1029
209.2544
200.1035
185.6017
214.2407
219.2124
209.6051
173.2067
154.231
164.5174
168.7418
196.895
167.3177
164.8392
211.7538
217.9343
193.3852
216.8456
211.7361
216.769
219.6048
214.7939
211.7977
209.6736
179.3268
231.6523
227.6632
222.1924
190.0691
159.9234
188.9145
191.1426
180.8967
179.143
188.716
219.81
217.2124
194.0073
238.2192
246.7443
248.7552
206.6335
221.7512
193.9793
219.7848
214.9734
208.2259
210.8621
211.6636
176.1441
215.3827
229.0535
207.3582
209.5704
225.026
216.1008
195.1814
181.4911
213.8006
211.5017
219.6132
169.8456
194.5228
188.4918
162.5319
207.058
221.6471
186.6673
178.9147
172.1172
190.7514
209.3086
248.0597
210.1248
251.4521
199.3436
169.6973
236.8455
228.9871
210.9319
206.1481
175.7298
219.0556
206.1221
153.7764
165.8546
167.6007
186.163
228.3478
208.738
210.4523
222.8159
209.997
218.0686
162.1611
231.9006
203.3952
157.3351
197.4699
224.3145
223.0257
221.972
207.0204
188.1035
214.2404
222.8457
177.5561
220.6851
193.1582
232.8637
224.373
183.5938
273.1964
243.2665
205.4616
199.0767
211.1336
193.0948
204.5699
199.0452
238.0267
254.9735
232.7671
209.2386
198.5647
189.9878
236.8099
227.5273
221.2068
231.9662
218.5803
187.915
171.1899
212.2422
172.35
224.1779
218.3386
209.742
218.2792
166.41
205.4335
226.3021
218.5955
225.6944
209.7734
197.8811
177.1552
174.0989
193.5592
173.501
192.6633
235.7676
254.9794
232.7949
193.8389
224.8745
183.5143
221.1238
213.2617
178.9319
216.3025
264.5309
205.215
197.5639
145.0207
123.5267
204.0676
223.0067
218.1012
199.6631
189.4482
199.6082
227.3771
253.3184
196.7443
195.4197
240.9611
208.3856
208.144
220.4492
201.2763
180.6361
186.2959
214.0547
254.9563
256.4618
213.0325
237.4423
215.1103
236.5593
207.9688
227.1641
216.0458
185.4372
226.4277
245.906
214.1559
242.0861
230.939
224.0108
233.993
171.0256
222.8988
210.4398
162.9175
193.6953
194.5883
197.6277
201.9478
205.285
219.4472
197.0322
203.7952
200.4148
228.7366
191.0074
224.7092
165.7589
218.6926
198.3057
236.598
224.9417
195.0262
152.342
197.9403
175.7635
192.2057
207.3171
176.3324
194.6431
190.0537
242.903
217.9336
234.0793
236.9741
193.244
191.7927
173.0235
158.0297
205.133
213.5182
226.8908
208.6925
228.4558
