factor(envID)8 factor(envID)18
14.6534 -13.07278
16.80614 -11.59303
14.89613 -13.00155
15.7227 -12.95592
14.17477 -13.49254
14.76469 -13.37043
12.80104 -14.57228
13.49758 -13.84789
13.73864 -15.58498
11.07771 -17.72732
10.75213 -17.05595
9.676798 -17.74139
9.574192 -19.75821
10.4124 -18.10427
10.06371 -18.05975
11.03901 -17.94891
10.86525 -17.67135
12.65986 -15.81756
12.21411 -15.50621
12.86736 -15.05144
12.61974 -15.40731
13.00575 -16.71696
12.34597 -16.41863
13.28994 -14.35634
13.17872 -14.78085
13.54954 -15.07758
13.30584 -14.12396
14.65068 -14.30285
13.57751 -15.44479
14.63633 -13.03814
15.87182 -12.85358
13.59744 -14.54145
14.11951 -15.2755
13.1732 -14.31994
12.6947 -16.11105
11.63702 -15.61542
12.35656 -16.18963
11.49205 -17.19059
11.73336 -15.96379
11.8141 -17.17439
13.80779 -15.17182
10.81362 -16.99992
10.50468 -17.28001
10.93197 -18.59123
11.03703 -16.39246
12.88679 -16.53231
13.30823 -14.52004
15.67184 -12.37297
16.08033 -12.82576
15.55244 -12.86108
16.82221 -11.81667
15.69102 -10.85666
16.23116 -12.10803
16.67394 -12.57221
17.99954 -10.77219
18.70342 -9.520184
19.38519 -8.973274
19.99952 -8.355349
19.6669 -9.399715
18.72168 -9.523232
18.78566 -9.743034
19.00521 -8.163718
20.52477 -7.344244
20.20193 -6.754074
22.13199 -5.168577
23.00827 -6.137329
22.71189 -5.789908
21.75441 -6.201895
22.03642 -6.449822
23.10408 -4.959172
23.70742 -5.626622
22.98087 -4.838714
24.28922 -3.84907
24.40936 -3.468335
21.62082 -6.194107
21.29253 -6.809455
20.77785 -7.421299
21.32989 -7.883934
22.17773 -6.579369
20.78974 -7.788785
21.67564 -7.530895
22.41186 -6.196111
22.72185 -6.170255
21.79426 -5.477198
24.01965 -4.983684
23.74163 -4.840521
22.35703 -5.835638
21.54198 -6.788924
20.84413 -6.867102
22.12151 -5.650268
21.63822 -6.273096
19.09265 -9.12596
18.03528 -9.966944
19.09364 -9.514672
18.32418 -10.25545
19.3201 -9.807534
20.66843 -6.991032
20.14119 -7.650126
20.21049 -8.459021
19.68206 -8.116739
21.18084 -7.160331
21.45601 -7.747103
22.63371 -7.020909
22.32648 -6.774538
20.60382 -7.634709
21.81184 -7.311986
21.52216 -7.949346
22.29003 -6.67687
20.62208 -6.615237
22.85359 -6.174603
20.51159 -6.591086
19.03687 -9.28315
16.96809 -10.90434
16.63145 -11.34891
17.19448 -11.47582
18.5619 -10.58102
18.65238 -9.855731
17.38356 -10.57264
18.34227 -9.884388
17.11359 -10.05971
18.47139 -9.575148
17.73835 -9.966251
19.2869 -8.841234
17.92985 -9.784435
17.61138 -10.18966
15.33024 -12.36084
17.45178 -10.80448
17.40809 -10.24689
16.97959 -12.58796
15.65971 -12.78771
16.37081 -12.02961
15.13985 -13.1499
16.16614 -11.82998
17.5459 -10.11154
19.78089 -9.744102
19.04716 -9.432805
18.57166 -9.47242
19.13895 -8.52128
20.68332 -7.899983
19.52889 -8.053856
18.72129 -8.516935
17.46206 -11.65546
16.94244 -11.00219
15.17915 -12.21362
15.47681 -13.49475
15.467 -12.44711
14.37706 -13.19873
12.93183 -15.54264
13.33482 -15.2895
13.26318 -15.10505
13.48156 -15.20733
14.25434 -14.11913
13.79492 -14.66987
14.90894 -12.84593
15.33856 -11.70162
15.22099 -13.16788
15.57586 -12.72643
14.84552 -13.87478
14.49447 -13.02862
14.50974 -14.54937
14.88134 -13.38678
13.58018 -13.5247
15.84956 -13.53581
14.05858 -15.12434
13.49751 -14.27371
11.71637 -16.06026
11.25128 -17.24704
10.74451 -18.29454
9.604855 -17.22164
11.50579 -18.60711
9.127971 -19.04101
9.748305 -19.08384
8.131119 -18.98105
8.8478 -19.26372
8.382391 -20.64101
10.16089 -18.13666
10.61058 -18.57957
11.12736 -18.05767
10.61919 -18.24129
10.52578 -18.27188
9.427357 -18.29142
8.980434 -19.1274
8.429146 -19.16507
8.479092 -19.76057
9.397652 -19.46581
8.27106 -19.93443
7.679628 -20.56522
8.380086 -20.26828
9.337284 -19.86765
9.824497 -17.96589
9.686709 -17.95423
9.629994 -19.30212
10.79317 -17.47124
10.3519 -19.24049
9.98202 -18.78215
9.097271 -19.29146
9.746017 -18.83562
10.00657 -18.72744
8.41953 -19.06738
8.962912 -19.08501
6.882512 -21.07237
7.745283 -21.33637
8.231032 -20.08175
6.118412 -23.18572
3.679963 -24.15822
3.098741 -25.40051
3.488218 -25.34595
4.890958 -24.72151
5.121588 -23.90535
3.954093 -24.43101
3.807567 -23.8648
5.030924 -23.7456
4.790147 -24.08001
4.17091 -23.96701
4.667391 -23.34753
2.978052 -25.85009
3.124642 -24.66938
3.193187 -24.45429
4.274323 -24.1134
3.051771 -25.42427
4.090663 -23.47794
4.6591 -23.94833
3.308372 -24.56595
2.432403 -25.56653
3.619015 -25.32101
1.401054 -27.16836
1.898073 -26.67902
1.226682 -27.57063
1.383656 -26.12031
1.861041 -26.64469
1.85666 -26.57905
1.234672 -28.41929
1.69146 -25.98575
3.655007 -24.76522
3.721765 -23.99086
4.456613 -24.06628
3.8192 -23.79792
4.521496 -23.93196
4.635112 -23.58235
5.03087 -22.10665
6.678849 -21.84643
7.520078 -20.74436
7.338695 -20.90599
5.9916 -23.2766
4.944593 -23.35817
3.912361 -23.92452
4.590422 -23.02448
5.323691 -23.30513
5.084967 -23.84205
6.713481 -21.84556
6.577555 -22.55018
6.567436 -22.19033
6.45229 -22.15448
7.406212 -20.52366
8.199342 -20.21887
11.13131 -18.16793
9.997952 -17.80936
10.58937 -17.52097
9.735504 -18.77044
10.00174 -18.28824
10.66176 -17.48667
10.01057 -18.31556
11.12495 -17.35603
10.6478 -18.12231
9.9424 -18.33754
9.706589 -19.221
8.80473 -19.7056
10.93584 -18.39896
11.0803 -17.68274
10.22096 -17.40769
11.03092 -17.85504
12.13365 -16.53571
12.87392 -15.8593
11.32833 -16.93775
11.10442 -17.43051
12.94605 -15.13656
11.31072 -17.31558
11.95908 -16.92519
10.90106 -16.91363
11.33205 -16.79263
12.79032 -16.40086
11.49127 -16.40319
11.38167 -18.5455
11.66106 -16.62296
10.47338 -16.85725
12.09604 -17.17128
11.60629 -16.2668
12.76396 -14.97471
14.55622 -14.51829
14.61382 -13.33456
13.00355 -15.82467
13.28961 -15.26724
12.35441 -15.9992
11.39007 -17.45052
9.662318 -18.18287
11.10119 -18.47104
9.947662 -18.36801
9.320329 -19.18987
8.359437 -20.25032
6.344668 -21.07002
4.892792 -23.67151
6.007733 -22.69656
7.446182 -20.49418
8.10961 -20.96386
7.295809 -21.78512
8.718349 -19.5166
10.18164 -20.04658
10.98706 -17.7321
11.76796 -18.12564
10.63981 -18.34463
8.759765 -19.08316
9.245574 -19.61944
8.534478 -18.89012
9.985196 -19.07511
8.401122 -20.77457
7.041338 -21.97538
5.495141 -22.99731
5.683597 -22.55402
5.839482 -22.80733
5.310121 -23.13935
6.31177 -22.56476
5.254493 -23.00779
3.01182 -24.61924
1.509587 -26.02454
2.968436 -25.02852
2.817896 -25.86425
3.013522 -25.53394
1.671457 -26.21305
1.791416 -26.84125
3.212166 -25.0325
2.571671 -25.73744
2.22893 -26.27328
2.07999 -26.21556
1.114304 -26.47973
1.965723 -25.46527
1.376772 -27.26801
0.6159308 -27.14218
1.698811 -27.65528
1.800538 -27.31521
1.936327 -26.17221
1.129637 -27.55491
1.660568 -27.45366
-0.06400345 -28.65326
0.8518943 -28.15632
2.014487 -26.86525
2.297011 -26.47936
3.950619 -25.40033
3.597208 -24.617
4.353437 -24.43297
4.265909 -24.34802
2.677249 -24.79002
3.142795 -24.95215
5.120389 -23.45945
4.50063 -24.57954
4.450282 -23.81054
4.765278 -23.59734
4.045703 -25.45787
1.804174 -26.89428
0.5793571 -27.7326
-0.593091 -28.2382
0.4423868 -27.07585
1.148259 -27.93916
0.8769226 -27.68639
1.4318 -27.22691
2.139389 -26.9439
1.902414 -27.14609
2.977094 -26.30133
2.426373 -25.95112
2.35172 -25.97113
2.599201 -25.09425
3.825952 -24.90044
3.262428 -25.42203
4.04687 -24.50356
4.018069 -24.28673
5.187273 -23.11383
6.054903 -23.26869
4.777247 -23.60505
5.277778 -23.19347
5.51598 -22.74407
6.870509 -21.11503
6.53991 -21.77455
5.956555 -22.60949
6.961411 -21.66734
6.805258 -22.28182
7.522533 -20.78942
6.626588 -21.76949
5.863055 -22.54732
7.030854 -21.45224
5.503403 -22.48577
4.753665 -23.43501
4.727019 -23.57858
3.337282 -25.28588
6.641578 -23.00563
7.746801 -21.10166
8.856028 -18.94421
9.508427 -18.35201
8.059675 -20.71292
8.9408 -20.0243
7.817731 -21.14003
9.005383 -19.4998
5.075515 -22.89629
5.671916 -23.06019
5.996771 -22.06091
4.34823 -22.51697
4.427062 -23.49864
4.06727 -23.28037
4.935159 -23.30027
4.542862 -23.12654
2.777202 -25.59111
4.407232 -24.44738
4.682867 -23.90439
6.004684 -22.32767
5.069576 -23.33489
6.181195 -22.62864
5.254029 -22.36912
5.081245 -22.26455
5.157391 -21.95471
6.311659 -22.26101
7.264239 -20.77574
7.204501 -22.01988
7.290291 -20.52921
6.695429 -20.15297
6.583874 -20.7275
7.734077 -20.63074
7.523885 -20.53302
8.124884 -19.97021
8.42882 -19.66688
9.657221 -18.92672
10.45323 -17.75438
10.35061 -18.08729
10.94602 -17.76743
11.76401 -16.97257
13.62604 -14.09644
14.78384 -13.17994
15.50209 -13.24148
12.94577 -14.52834
13.76151 -13.89393
13.19615 -15.62363
14.12298 -14.91922
14.64565 -14.96005
14.36404 -13.57142
14.3621 -15.13805
14.3626 -13.87781
15.32094 -12.84666
14.0108 -14.02099
14.42343 -13.9593
14.59672 -13.45338
15.21413 -13.53678
16.19747 -12.47027
14.47774 -13.59348
15.50755 -12.90323
15.55928 -13.52738
13.72317 -15.05247
15.52032 -12.62636
15.79728 -11.95179
13.3789 -13.69498
13.9199 -14.06819
14.01227 -13.73311
13.52641 -14.51822
14.15928 -14.12428
14.66827 -14.30187
14.15226 -14.52617
14.54759 -14.00529
14.71993 -13.82198
15.46781 -12.86443
14.39968 -13.75723
14.10485 -14.51296
14.73245 -15.12687
14.57112 -14.42836
13.00931 -14.53954
13.68021 -14.09286
14.5435 -13.70732
14.63269 -13.06516
12.89663 -15.66124
14.162 -15.86517
13.58678 -16.52799
12.43585 -16.58542
11.04225 -17.44933
10.18985 -18.71721
9.671583 -19.9951
7.146728 -20.90499
7.371 -20.84329
8.372062 -20.66527
8.746598 -19.85248
8.046184 -19.3247
8.597441 -20.39022
9.249191 -18.46885
9.62958 -17.47156
10.515 -18.65128
10.1142 -18.48879
11.78819 -16.10986
11.98014 -15.99221
11.82689 -15.98396
11.39595 -16.99813
10.75437 -17.40587
10.19856 -17.89998
11.01484 -17.65315
10.08819 -18.25818
8.964649 -19.10405
8.420922 -20.19556
11.28139 -17.56871
12.76969 -16.01841
11.97598 -16.21953
10.93945 -17.5123
11.68597 -15.62813
12.49228 -16.86236
10.10407 -16.90849
9.78455 -18.18286
10.63032 -17.46579
10.63646 -17.66389
11.46981 -16.62325
12.53177 -15.56737
12.85782 -15.74142
11.974 -16.08004
12.18787 -14.93745
13.60555 -14.83047
12.51121 -15.6989
12.5755 -15.78494
11.92111 -16.72174
11.30015 -16.1511
12.10556 -15.75926
11.45746 -17.62628
9.372505 -18.38366
9.049175 -18.98712
10.40283 -17.9591
9.156923 -18.62674
11.69508 -18.14581
11.89109 -18.41201
11.63628 -16.46977
10.20668 -18.17206
7.371207 -21.13123
8.183189 -19.96874
8.324678 -20.35971
7.711723 -19.56144
7.231091 -20.10269
7.035143 -20.30137
6.524933 -22.68599
3.338967 -24.29915
3.840361 -25.74922
3.834165 -24.61019
2.886833 -25.91068
4.818615 -23.87257
2.768426 -24.70894
4.169539 -24.17761
2.798767 -25.14634
1.250774 -26.77451
-0.3685182 -28.42108
-0.3993618 -29.86116
-2.542493 -30.65862
-3.763558 -32.31396
-4.578827 -32.21051
-4.860589 -33.35811
-3.916379 -32.45195
-5.566536 -33.06709
-5.909688 -34.44904
-5.560327 -33.44543
-4.818822 -32.55089
-4.59937 -33.3494
-5.919756 -33.22381
-4.925356 -34.03551
-5.005136 -33.56782
-5.424521 -34.76132
-5.387104 -33.73884
-4.533528 -33.32246
-4.578224 -33.43338
-6.384535 -34.31422
-7.857236 -34.64538
-6.779148 -35.81245
-8.107594 -36.80786
-8.067961 -36.54303
-7.492406 -35.5211
-7.458538 -36.41788
-8.922507 -37.08154
-9.777472 -37.82777
-9.639478 -37.90655
-10.6043 -38.66575
-10.75404 -38.34831
-10.49893 -38.4628
-9.12993 -38.2524
-10.03585 -38.14287
-11.47076 -39.25381
-11.09725 -39.94413
-10.99679 -38.36851
-11.56919 -39.64119
-12.09062 -40.52069
-10.89744 -39.06617
-10.77661 -37.91657
-10.78796 -38.42302
-10.43985 -39.4366
-10.7476 -39.26984
-11.45364 -38.48803
-10.02715 -38.55302
-10.79978 -39.04453
-10.94928 -38.75031
-10.10038 -39.33629
-11.73868 -39.8473
-10.12581 -38.06797
-9.599923 -36.74454
-10.91688 -39.10415
-10.74312 -39.90887
-10.65259 -39.72685
-12.47545 -40.06257
-11.35296 -40.93613
-11.54416 -39.69183
-10.57184 -38.27089
-11.27079 -39.60915
-10.77382 -39.27688
-10.31565 -39.06821
-9.557672 -37.64926
-8.559253 -37.45208
-9.211678 -37.30005
-8.696921 -37.57128
-10.40091 -38.28178
-9.883561 -37.82729
-10.17011 -38.70597
-10.56918 -38.70037
-10.92119 -38.44853
-11.92129 -40.30069
-11.4717 -39.43285
-11.39341 -38.76269
-11.21516 -39.43258
-11.42026 -39.2655
-10.5106 -37.4982
-11.17924 -38.60059
-11.77789 -40.97313
-13.37013 -41.27648
-13.11394 -42.00625
-14.22567 -42.57789
-13.39079 -42.41073
-14.0468 -43.4194
-14.11955 -42.87664
-13.61133 -42.11432
-12.07253 -40.34282
-10.96213 -38.66296
-10.76459 -38.62575
-9.848826 -38.88388
-10.76775 -39.13297
-11.50235 -39.43842
-10.81147 -39.74293
-10.54164 -38.22567
-9.302915 -37.42379
-9.123496 -37.97231
-7.78046 -35.85513
-8.379602 -36.78102
-8.077501 -36.17474
-7.494822 -36.08888
-7.856821 -37.08887
-7.401855 -35.46333
-7.562594 -36.38695
-8.028044 -36.18817
-7.512043 -34.84999
-7.214078 -35.24746
-6.959756 -34.19821
-5.574972 -34.45754
-6.543662 -35.29919
-7.696958 -36.39057
-8.515865 -37.3807
-8.910947 -37.08877
-10.43937 -39.0728
-10.05084 -38.82545
-10.79273 -39.17598
-10.92265 -39.92941
-11.62072 -38.88756
-10.83091 -38.43222
-11.00903 -38.87391
-10.5734 -39.6474
-11.28786 -39.11454
-10.50241 -38.44321
-11.60962 -38.52375
-10.08305 -38.71114
-9.042828 -37.21193
-8.562812 -36.74479
-9.585473 -38.00735
-8.597607 -37.46125
-8.999294 -38.21225
-9.03208 -38.18219
-9.09802 -38.01996
-11.10125 -39.74356
-10.96718 -38.53458
-11.58083 -39.68579
-11.22674 -39.10185
-12.66778 -40.47199
-12.17926 -39.89869
-13.06735 -41.17009
-13.82585 -42.22175
-12.53287 -41.3155
-13.64498 -42.95523
-13.16021 -40.89587
-11.79852 -39.78385
-11.77892 -39.69315
-10.24723 -39.48197
-10.48766 -38.85281
-10.05875 -38.47176
-10.09427 -39.08144
-12.11383 -39.51221
-11.94266 -39.6969
-13.08897 -40.86233
-12.97778 -41.65925
-11.76676 -40.72144
-13.46498 -42.44453
-12.26139 -40.39514
-11.23201 -39.53591
-9.630817 -39.10371
-9.214065 -37.15452
-8.915231 -36.82016
-9.343744 -37.23847
-8.901931 -37.09503
-8.0979 -36.27133
-6.927941 -35.69133
-6.821652 -34.45585
-5.164426 -33.01046
-5.685705 -33.70285
-4.232416 -32.19813
-3.157473 -32.52973
-4.781896 -33.36531
-5.28942 -33.20171
-2.491815 -30.90874
-1.940219 -30.59672
-2.756257 -31.18259
-1.632464 -30.71238
-0.933172 -30.06278
-2.179718 -30.35478
-0.645178 -29.25471
-0.4529602 -29.45147
-1.310686 -29.85915
-0.7872187 -28.71352
-1.181024 -29.74155
-0.7346638 -28.90973
-0.7774288 -28.75512
-2.544578 -29.07693
-0.6979023 -28.26807
-0.118221 -29.17009
-0.7454215 -29.31081
-0.2907608 -29.36532
0.08313311 -27.75571
2.925229 -26.37168
2.308466 -25.87084
1.067424 -26.22134
1.065071 -26.18882
1.840806 -26.08546
3.777421 -25.20634
4.183169 -24.32614
1.675427 -25.45297
0.5911921 -27.98368
0.03280975 -28.02841
-1.299843 -29.8361
-1.907663 -30.30355
-2.085918 -30.38756
-1.255975 -30.32431
-0.5267934 -28.51195
1.057491 -28.05415
-0.2431988 -28.60374
-1.495126 -29.43398
-0.7826551 -29.27656
-0.9455194 -28.81874
0.3174126 -27.77065
0.5474239 -27.53122
1.264421 -27.67046
1.168099 -26.26645
2.846396 -25.93015
3.158773 -25.73233
2.852577 -24.84303
2.747406 -26.46152
1.532003 -27.14175
1.018241 -27.86694
0.6382515 -27.90452
-0.3893092 -27.0597
2.270298 -26.70275
2.552443 -26.06085
2.598783 -25.70269
2.741736 -25.73893
1.280914 -26.56712
2.556581 -26.42616
3.98157 -24.75256
4.442616 -24.04795
2.440901 -25.15679
3.427997 -24.06219
4.787795 -24.01077
3.890839 -24.44317
2.948162 -24.70585
4.466221 -24.22716
4.291236 -24.3604
4.123402 -25.25303
4.622077 -23.26008
2.691524 -24.94668
3.046458 -24.6936
2.585291 -26.1298
2.857653 -25.71191
2.620454 -25.45939
2.323206 -24.69162
3.678408 -24.27366
4.36893 -24.53808
4.205603 -24.83664
2.785245 -24.86727
2.304332 -26.14216
2.06276 -25.8549
3.076131 -25.59307
3.190076 -24.18109
4.572755 -23.52266
3.789355 -25.30548
3.789216 -24.30041
2.176372 -25.35343
3.558244 -25.04016
3.905527 -24.92955
2.264374 -25.66974
2.88201 -25.91507
3.472998 -24.17134
4.804673 -22.56052
6.258589 -21.20473
4.983429 -22.74231
4.697956 -23.36825
4.937443 -23.20325
5.344008 -23.18652
6.306223 -22.68143
5.89948 -22.90502
5.933232 -21.71951
4.790251 -22.03131
4.589539 -23.44047
4.530529 -24.2016
5.77461 -23.39078
4.703909 -23.6248
5.882295 -22.51868
6.156227 -22.565
2.333497 -24.65242
3.695431 -24.32706
3.351802 -24.76764
2.843421 -25.91346
2.181526 -26.21974
1.947643 -25.89803
1.900221 -26.50951
0.5047206 -28.33069
0.7367 -27.62602
-0.2209286 -28.72869
-0.09417006 -28.44912
-1.61784 -28.94981
0.936917 -29.35632
-0.4284615 -28.49898
0.1063256 -29.79909
-0.6893291 -29.93531
-0.8549233 -28.33439
-0.4419437 -29.03694
-1.372774 -30.12615
-2.696075 -30.14809
-0.6616486 -30.4521
-1.346775 -30.57704
-1.113668 -29.07733
-0.5051757 -28.15638
0.2674227 -28.83053
-1.215938 -28.76485
-1.164096 -29.28693
-2.554023 -29.96784
-0.5147869 -29.28811
-1.651247 -29.27664
-1.538364 -30.00699
-2.618949 -30.05855
-2.423448 -32.15969
-3.153547 -30.76741
-1.048211 -31.74182
-3.228017 -31.66684
-3.489468 -31.34067
-4.274751 -32.4016
-4.520851 -31.74775
-3.620747 -31.74677
-4.941989 -33.00406
-4.806978 -32.68617
-5.246839 -33.01028
-4.756485 -33.80237
-6.020474 -34.6193
-6.132897 -35.46972
-8.072146 -36.84883
-8.750761 -36.39911
-9.041348 -36.5451
-9.504786 -37.94733
-8.710801 -36.49841
-8.659613 -37.55145
-6.9672 -35.79185
-8.04251 -35.65065
-7.82779 -35.41481
-8.048649 -36.72301
-8.721134 -38.78768
-9.545898 -38.41484
-9.847459 -38.4
-7.268917 -36.88579
-6.758071 -35.30354
-7.436246 -36.04633
-9.653704 -37.68121
-9.239002 -37.66787
-9.854794 -38.64544
-9.547843 -37.21931
-9.436643 -37.83968
-8.792102 -38.05413
-11.11896 -38.86049
-11.39501 -39.52294
-11.23316 -39.13267
-11.19624 -38.70433
-10.22672 -38.58773
-10.76443 -38.412
-10.77083 -38.61968
-11.65617 -40.14759
-10.67053 -38.46254
-12.80527 -41.65291
-13.06847 -40.89519
-14.29678 -42.7212
-14.38648 -43.56869
-16.53503 -44.55021
-15.5503 -43.91532
-15.20604 -43.05968
-14.74546 -43.31554
-15.94539 -43.36149
-14.30214 -43.00347
-15.00016 -43.50359
-16.77865 -46.08664
-17.27104 -45.02582
-17.36948 -46.23873
-17.03244 -45.41816
-18.17575 -46.52882
-18.86843 -47.2437
-17.02516 -46.36618
-17.76504 -46.18724
-17.63659 -46.35256
-15.80358 -43.88666
-16.54515 -44.60522
-17.80737 -46.05786
-16.828 -44.01227
-17.10809 -45.45796
-17.56186 -44.64025
-15.74085 -43.82001
-15.22053 -43.34424
-12.71775 -41.29404
-13.04936 -41.13954
-13.25365 -41.60568
-13.12379 -41.19072
-11.50659 -39.7652
-14.80422 -42.11025
-15.15103 -44.37894
-15.90185 -44.36359
-16.55049 -44.5498
-16.82728 -45.60109
-17.90275 -45.64552
-17.59462 -45.43646
-16.44502 -44.90811
-17.23404 -44.79097
-16.77712 -44.43533
-15.41993 -43.9881
-16.23676 -44.11502
-17.846 -45.50077
-18.21665 -47.11359
-18.90656 -46.493
-19.02512 -47.45996
-20.76702 -48.06671
-20.54809 -49.06295
-22.53913 -50.81938
-24.1787 -52.96909
-23.27222 -52.44707
-24.44032 -53.33424
-24.02639 -52.76653
-25.68475 -53.74888
-25.61839 -54.46079
-25.11239 -54.59807
-26.50042 -54.68106
-27.68202 -55.16273
-26.74131 -54.95855
-26.97116 -56.20363
-26.8291 -56.23139
-26.36084 -54.43793
-25.37825 -53.5067
-26.08931 -54.3616
-26.58057 -55.13595
-26.86162 -54.29281
-26.75475 -55.74228
-25.32458 -54.75734
-24.05314 -51.66225
-24.97164 -53.63229
-27.00334 -54.74773
-26.58152 -55.26869
-26.47811 -54.54787
-25.15374 -53.55478
-23.99306 -52.66
-23.76253 -51.88606
-23.17703 -51.84264
-22.59697 -51.47183
-23.86494 -52.95701
-24.41561 -52.77616
-25.05255 -54.36743
-25.79513 -53.63917
-26.3675 -54.47204
-25.98673 -55.13628
-25.36504 -53.26066
-26.07779 -53.89683
-26.77441 -54.82284
-24.99279 -53.82869
-25.92449 -54.5275
-29.02944 -56.08936
-28.36882 -56.74378
-28.88519 -57.16615
-28.86546 -57.04322
-29.54752 -58.9135
-29.92473 -59.12688
-29.15739 -57.75546
-29.40676 -57.69178
-29.17433 -57.84327
-29.03156 -57.16149
-28.2132 -57.11958
-29.93676 -57.48037
-30.82283 -58.4706
-31.42841 -59.07383
-31.05052 -60.41955
-32.04436 -59.78615
-29.54589 -57.52276
-28.36005 -56.33617
-27.55608 -56.03843
-26.52545 -55.42253
-27.05068 -55.38063
-28.70286 -56.53291
-29.06306 -57.81381
-29.7204 -57.56884
-30.14027 -57.00524
-30.50051 -58.03998
-29.52879 -57.58053
-30.37334 -58.88376
-30.03509 -57.87822
-29.41574 -57.99323
-29.29086 -57.27506
-28.83432 -57.56341
-27.826 -55.61009
-27.57603 -56.08383
-27.67002 -54.94274
-25.76968 -53.82921
-25.05078 -53.37348
-24.68984 -54.19098
-24.29902 -52.63796
-24.28789 -53.46979
-25.76069 -53.75445
-26.47721 -54.86248
-26.57379 -54.45884
-28.35379 -56.10504
-27.70599 -56.59727
-28.29852 -56.53103
-29.9643 -57.81277
-29.28057 -57.98459
-28.80163 -57.05279
-28.69926 -56.17682
-26.48679 -55.34687
-27.00889 -54.5467
-27.22895 -56.24003
-28.88291 -57.28413
-27.44734 -56.32064
-28.02506 -56.83353
-29.64659 -58.11059
-30.27796 -58.27929
-28.83499 -57.70543
-27.09065 -55.05918
-27.4111 -55.20959
-27.36804 -55.44623
-25.36235 -52.80314
-25.36513 -53.72905
-25.65078 -54.47785
-26.15184 -54.36487
-27.03916 -54.96922
-28.00956 -56.02589
-26.46731 -54.73039
-24.52113 -53.32725
-23.47106 -52.39346
-23.05564 -51.64691
-23.90622 -52.08848
-23.73953 -51.72748
-24.49901 -52.88777
-25.79722 -54.48415
-24.88815 -53.7755
-25.13031 -54.09911
-25.24248 -53.13675
-26.32762 -54.31228
-25.42969 -54.24142
-27.4717 -54.59137
-25.67797 -55.36447
-26.04328 -54.91205
-27.03388 -55.54614
-27.58711 -55.54471
-28.91299 -56.92294
-28.76044 -56.35799
-27.41398 -55.8666
-27.78581 -56.16309
-27.05802 -55.29779
-28.21488 -55.98429
-28.33226 -56.55944
-27.0855 -55.56138
-27.43177 -54.87083
-24.84796 -53.67233
-25.54706 -53.26638
-26.85638 -54.09804
-27.3713 -55.31139
-27.7409 -55.46389
-26.7011 -54.41937
-26.69001 -54.55925
-23.93505 -53.75853
-24.89924 -53.28343
-25.92588 -53.73301
-25.87765 -53.70546
-24.29517 -53.60324
-24.26042 -53.25013
-25.27966 -53.08035
-24.5854 -52.72825
-24.65836 -52.91862
-25.50404 -52.99555
-24.41267 -52.1376
-25.70262 -54.67859
-24.79916 -52.54381
-23.63321 -52.52565
-24.36935 -52.79098
-26.85119 -54.4487
-27.09428 -56.0761
-28.00412 -55.41959
-27.15061 -55.04614
-27.19054 -56.21446
-27.9255 -55.81439
-26.92803 -55.05388
-27.62445 -56.40471
-27.25852 -55.21908
-25.09849 -54.29222
-24.75191 -52.40156
-24.45621 -52.86359
-22.88315 -50.45854
-24.67223 -52.66357
-25.11251 -53.81797
-25.385 -53.44361
-27.23604 -55.29301
-26.55158 -55.80251
-27.22448 -56.57385
-27.19019 -55.92438
-27.97638 -55.27007
-28.94327 -56.69784
-29.30788 -57.67362
-29.02229 -57.48717
-28.94694 -57.12116
-29.21247 -57.55362
-30.00406 -58.42092
-30.37174 -59.0441
-29.65555 -58.88751
-31.96634 -60.63859
-32.36199 -60.94053
-32.35178 -60.30246
-33.02813 -61.49744
-35.14579 -63.28295
-32.33156 -60.59564
-33.05654 -61.15377
-32.00045 -61.57562
-31.81197 -60.30219
-32.01077 -60.36817
-30.61568 -57.98348
-30.98778 -58.84898
-30.9261 -59.11388
-30.36744 -60.09441
-29.98729 -58.81349
-30.44393 -59.13372
-29.47391 -58.13542
-30.09327 -58.24383
-28.76654 -55.88444
-27.56712 -55.61145
-28.50932 -55.90397
-26.26387 -55.08421
-24.61747 -53.20928
-25.58997 -54.49417
-26.85421 -54.15408
-28.36242 -56.42841
-28.48874 -58.02582
-29.7789 -57.18077
-28.36403 -57.15623
-29.09853 -56.71154
-26.43883 -55.6871
-26.82644 -55.1967
-26.78354 -55.93726
-26.3695 -54.88034
-26.56283 -54.67826
-25.2159 -52.8706
-24.28952 -53.61462
-25.58898 -53.01037
-26.88313 -53.81493
-27.16587 -55.28005
-24.93556 -53.54962
-26.7636 -54.28092
-26.38443 -54.99843
-26.60201 -55.40319
-25.91083 -54.38898
-26.39625 -54.66807
-26.85492 -55.22314
-26.98162 -55.35862
-26.43914 -54.58429
-25.74003 -55.28129
-26.41814 -55.72943
-25.18497 -53.8352
-24.85733 -54.87307
-26.78186 -55.2065
-26.81009 -54.16371
-26.6995 -54.54606
-27.35845 -55.36901
-27.59359 -56.95434
-28.14219 -57.11397
-27.67639 -56.17451
-28.39609 -56.14118
-29.17627 -56.58318
-29.62459 -58.65697
-30.86496 -59.34881
-29.9378 -59.14299
-31.44663 -59.66475
-30.32558 -59.08666
-31.30324 -59.6619
-31.90439 -61.25332
-34.24985 -62.89696
-32.60605 -61.44544
-30.89229 -59.94173
-32.34071 -60.01217
-32.88764 -61.62364
-33.16628 -61.28075
-32.24665 -60.50733
-31.17034 -61.24343
-33.40319 -61.78443
-33.18841 -62.11266
-33.96947 -62.0677
-31.99724 -61.12203
-32.05144 -61.36497
-32.29025 -60.93561
-32.02681 -60.6849
-32.04058 -59.96421
-33.08941 -61.1437
-32.50164 -62.04689
-33.62239 -61.32282
-33.89048 -62.96034
-36.09569 -63.77914
-35.58896 -64.10731
-37.12475 -65.89266
-37.97182 -66.90937
-36.93718 -65.81493
-38.67231 -66.62276
-37.70787 -65.70599
-36.99843 -66.16114
-37.88343 -65.64428
-39.67692 -67.77796
-39.62108 -67.80851
-40.116 -68.55383
-41.66136 -68.92024
-39.8279 -68.61704
-38.80359 -67.30277
-39.29045 -67.7992
-39.64074 -68.41017
-39.63176 -67.91405
-41.33064 -70.04063
-41.08977 -69.4711
-40.52648 -69.28886
-40.08848 -68.45065
-40.77848 -68.35565
-39.77042 -68.06493
-40.25539 -69.17725
-37.86013 -67.55474
-38.52068 -66.52029
-37.59134 -66.2705
-35.85758 -63.66555
-35.73826 -64.21053
-35.36366 -64.33279
-35.91723 -63.57103
-35.20608 -63.93621
-33.08569 -61.05971
-33.7411 -61.9745
-35.00025 -62.47772
-34.96688 -62.48394
-33.89939 -62.37103
-33.21255 -62.55191
-32.69125 -62.05999
-34.39808 -62.64035
-35.24044 -63.35066
-35.05543 -63.43297
-33.64049 -62.19139
-34.15578 -61.62561
-33.79748 -62.80009
-35.30159 -63.41548
-37.09951 -65.28934
-37.37677 -65.51637
-38.00698 -66.85143
-38.02293 -66.46491
-37.30215 -65.46419
-36.95902 -65.47966
-36.61124 -64.65119
-36.84777 -66.06208
-36.75325 -66.35728
-37.87822 -66.44498
-40.9859 -69.10657
-40.54632 -69.5323
-42.934 -70.86917
-44.99136 -73.59328
-45.91 -74.06557
-45.28652 -73.93901
-44.05742 -71.68329
-44.52319 -72.81592
-45.12734 -73.05804
-45.65492 -74.98171
-45.43451 -74.51596
-47.42732 -74.58395
-47.5876 -76.43837
-49.11477 -76.76733
-48.4752 -77.45754
-49.49818 -77.91576
-50.09574 -78.50668
-49.31742 -78.09152
-50.64322 -78.24812
-50.4597 -78.80029
-50.70385 -78.94294
-50.59584 -78.27479
-49.01477 -77.57657
-47.33532 -75.30894
-47.22402 -74.59584
-46.48923 -75.04261
-47.55799 -76.12855
-46.76067 -76.08321
-46.61984 -75.44018
-48.45075 -76.70343
-48.49412 -77.10888
-48.86756 -76.88735
-49.09891 -77.28108
-49.48843 -78.54977
-49.88646 -78.27674
-49.45223 -78.1179
-48.60394 -77.20294
-48.60222 -76.39423
-50.61017 -78.52627
-52.60359 -80.79337
-52.45291 -81.36364
-55.09131 -82.15245
-54.08261 -82.87588
-53.62679 -82.0717
-54.25157 -83.11819
-54.7253 -83.10091
-53.83421 -82.75883
-54.30479 -83.47374
-54.47649 -82.53208
-55.78533 -84.25044
-55.70733 -84.87954
-55.33714 -83.35955
-54.97574 -82.63859
-55.53524 -84.03957
-56.10474 -82.69202
-56.07199 -84.60368
-56.63788 -85.61947
-58.29926 -86.96792
-56.03993 -85.28745
-57.60178 -86.12597
-57.06192 -85.26547
-58.0364 -87.32937
-57.60094 -86.40787
-57.83278 -86.66011
-58.48453 -87.11186
-57.98709 -86.47518
-58.00045 -86.31478
-57.18557 -85.56647
-56.38157 -84.87104
-54.94898 -82.90084
-55.04276 -83.03261
-54.3066 -83.14948
-53.95759 -82.31338
-54.16084 -82.10504
-54.66578 -83.08291
-53.50886 -81.85311
-53.73055 -80.58071
-50.87994 -80.14302
-51.9156 -81.20873
-52.81627 -81.67332
-52.13336 -79.93704
-51.22889 -79.7591
-52.08202 -80.11193
-52.83042 -81.24993
-53.75735 -81.07892
-52.59439 -81.36382
-51.79102 -80.01452
-52.33573 -79.28691
-52.92874 -80.45672
-51.55596 -80.32507
-52.7762 -80.25468
-51.14153 -78.6342
-50.03541 -78.79332
-51.15229 -79.24182
-49.65736 -78.07779
-49.85122 -77.90828
-50.93844 -79.17967
-51.94282 -80.99771
-52.21648 -79.64294
-51.73608 -80.57644
-51.39594 -79.87485
-51.39817 -79.47208
-51.78393 -79.67553
-50.38228 -79.2286
-48.44638 -76.89427
-47.70917 -76.71832
-46.285 -74.5366
-47.88816 -75.16122
-47.69986 -76.33075
-47.08058 -76.1064
-48.72311 -76.75513
-48.12054 -76.07245
-46.32557 -74.21616
-45.47513 -73.38284
-44.95577 -73.20956
-43.34751 -71.94606
-45.21914 -73.58879
-45.66496 -73.54075
-45.28387 -73.23766
-46.25038 -75.93264
-47.30183 -74.78412
-47.53647 -76.476
-47.31035 -75.22413
-46.21227 -74.93861
-45.92535 -74.57364
-46.68214 -75.50945
-48.28104 -76.00951
-48.442 -76.34443
-47.07909 -76.37339
-47.84735 -76.19809
-48.47507 -76.92057
-48.3582 -77.52451
-48.23495 -77.00575
-47.94481 -75.66962
-48.3659 -76.00631
-45.19678 -74.43587
-46.05586 -75.31928
-48.18798 -76.10432
-46.16481 -74.52312
-45.93269 -74.25268
-44.36857 -72.62488
-42.66764 -70.93929
-43.16081 -71.60404
-42.77168 -70.19914
-40.81426 -70.11836
-41.35742 -68.73313
-39.94472 -67.80915
-38.64667 -67.22864
-39.60487 -67.95592
-38.20131 -66.97312
-39.24455 -67.40516
-37.83242 -67.69395
-39.98693 -69.67269
-40.96156 -69.50972
-39.78174 -67.34885
-39.21599 -67.06475
-39.56211 -67.7354
-39.48368 -67.64611
-40.13173 -68.32527
-38.4842 -66.69342
-37.12081 -65.77569
-35.52281 -64.00194
-34.64564 -62.48841
-36.46048 -63.99874
-34.94794 -63.52128
-35.07828 -62.68906
-34.24493 -62.35845
-32.58784 -61.38203
-33.02859 -61.77022
-32.25903 -61.29479
-31.1707 -59.42591
-28.49103 -55.78453
-27.33678 -54.72539
-28.43333 -56.56151
-28.93538 -55.72857
-28.08465 -55.76994
-28.77222 -57.84625
-29.19021 -57.4993
-28.08432 -56.44367
-26.34971 -54.53723
-26.72967 -54.74735
-27.76619 -55.81959
-28.65608 -57.29302
-27.31011 -55.99447
-27.11051 -54.87865
-26.80149 -55.66636
-26.42542 -55.22292
-25.45384 -54.65136
-25.62679 -54.34871
-26.01214 -54.74677
-27.33738 -56.0291
-26.70984 -55.45976
-28.65992 -56.63992
-28.46548 -57.36478
-27.6259 -56.65978
-28.94038 -56.28233
-30.21107 -57.98266
-30.57716 -59.31023
-31.76769 -59.52486
-32.91657 -60.90127
-33.14677 -61.68496
-33.4451 -61.03391
-35.92426 -63.92639
-35.99241 -62.62802
-36.08232 -64.07509
-36.56157 -64.76597
-34.24944 -62.49679
-35.71237 -64.55074
-36.61988 -64.96852
-38.33768 -67.075
-38.62633 -67.48638
-38.99207 -64.87596
-38.05359 -66.18796
-37.7527 -66.13825
-37.05094 -65.30854
-36.90316 -65.36784
-38.29667 -67.46104
-39.57632 -69.07785
-37.84596 -67.3149
-37.27907 -65.01213
-37.45683 -65.96882
-37.72369 -66.14648
-37.71034 -66.14976
-37.90165 -65.67556
-37.05714 -65.5487
-37.22457 -65.23973
-37.99479 -67.24928
-36.68511 -64.67926
-35.78863 -65.30938
-36.85357 -65.60395
-36.95506 -66.23307
-37.54107 -66.34267
-38.32905 -68.23305
-40.25592 -67.72892
-38.39016 -67.57596
-38.64259 -67.2098
-38.87771 -67.08656
-38.67541 -67.38193
-38.33768 -65.20242
-36.72593 -64.79649
-35.91289 -64.43471
-36.11739 -65.05036
-37.44321 -66.11856
-37.42877 -66.24596
-37.01699 -65.21669
-34.41241 -63.61524
-34.82466 -63.64762
-35.01089 -63.7395
-37.3844 -64.71701
-37.09802 -65.13524
-36.72057 -65.616
-37.25173 -65.21676
-37.30311 -65.12902
-36.85195 -64.72919
-36.98156 -65.21436
-37.36307 -65.28557
-38.06572 -66.20097
-39.56079 -68.09729
-38.67193 -66.82393
-38.81518 -67.50193
-38.31418 -67.74205
-38.78018 -67.3965
-38.94686 -66.16811
-38.01182 -66.39731
-37.84785 -67.49214
-37.60215 -66.75283
-38.9554 -66.76336
-38.21477 -66.53779
-36.3921 -65.20184
-37.17098 -64.8754
-38.2211 -65.5718
-37.3802 -64.48645
-36.29959 -65.36861
-34.32897 -62.91859
-32.97823 -62.74187
-31.34825 -59.10618
-31.05464 -59.12295
-32.85788 -61.35579
-33.07179 -61.01226
-33.00116 -61.65006
-32.58771 -60.8349
-34.19594 -60.95055
-32.77411 -60.80662
-33.01803 -60.4736
-32.07606 -60.48615
-31.24195 -59.90889
-32.90583 -61.08989
-33.11344 -62.04271
-32.42675 -60.86684
-29.77057 -58.8905
-29.39878 -57.74279
-29.47041 -57.90449
-29.75616 -57.38864
-28.9641 -56.89649
-28.18014 -56.43699
-28.28372 -56.24808
-27.41219 -55.59866
-27.65064 -56.64334
-27.66369 -55.9409
-26.15715 -53.97538
-25.02395 -53.41745
-25.2975 -53.64795
-24.36057 -53.22314
-24.50497 -53.24117
-23.65537 -52.40508
-24.26334 -51.47822
-23.07022 -50.1245
-22.8963 -50.66739
-22.19596 -50.01732
-22.29672 -50.96066
-23.16393 -52.07471
-24.29468 -52.49893
-24.90782 -53.30415
-23.8796 -53.11469
-24.11248 -53.53429
-25.69155 -53.96817
-24.75658 -53.4115
-24.83191 -54.13122
-24.10157 -53.81105
-25.99519 -53.15434
-24.81152 -52.48234
-24.36005 -52.85371
-25.02932 -53.1667
-27.06127 -54.56694
-28.07331 -55.28167
-28.26163 -56.19828
-26.31432 -54.88678
-26.13366 -54.25832
-26.7193 -55.01809
-27.80296 -55.63274
-27.31891 -55.0917
-26.51807 -55.72196
-27.36921 -55.99089
-26.98658 -54.87525
-28.10057 -56.9385
-29.1545 -57.36104
-28.79213 -56.4346
-28.01938 -55.84026
-28.25918 -57.1856
-29.58204 -57.55388
-28.90598 -58.02006
-31.09401 -59.08758
-31.86757 -59.75151
-34.52754 -62.02
-34.81752 -62.25109
-33.64052 -62.95219
-34.98452 -63.76808
-33.89944 -62.12705
-34.48816 -63.01634
-35.45082 -63.31959
-33.57321 -62.64933
-33.03132 -61.63222
-33.95849 -61.85964
-36.10849 -64.20326
-35.87385 -64.48102
-34.86156 -63.2909
-34.30251 -62.0093
-33.39492 -61.6921
-34.37015 -62.39506
-33.19045 -61.41782
-34.52937 -62.23794
-34.37085 -62.34496
-33.35289 -61.91497
-33.32699 -61.34909
-30.78466 -59.721
-32.51806 -60.8081
-32.82913 -60.35553
-32.49156 -61.41416
-33.11956 -60.84755
-32.49015 -60.25869
-31.13579 -59.45458
-31.58591 -58.91734
-31.36658 -59.56459
-31.2009 -58.88935
-30.36205 -58.53368
-30.58423 -59.13087
-29.10172 -57.22862
-29.08589 -57.73019
-29.11045 -56.33021
-29.81167 -57.37956
-28.675 -57.63448
-28.8475 -56.75918
-29.09934 -57.84812
-28.89245 -56.34058
-27.31899 -55.74922
-28.57632 -57.04937
-28.49895 -57.88231
-28.7247 -57.26563
-28.24426 -56.75301
-30.30222 -59.17114
-31.67995 -59.60462
-30.62456 -58.7174
-30.09541 -58.25424
-30.37835 -58.16677
-30.74018 -59.37305
-29.39905 -57.53875
-30.62243 -59.12945
-29.84308 -57.37264
-29.31071 -57.00107
-28.21729 -56.08484
-29.86515 -57.0882
-29.04766 -56.59547
-27.33113 -55.65851
-25.55534 -54.29302
-25.03955 -54.03039
-25.2989 -53.37676
-24.7962 -54.60636
-25.11383 -53.86972
-25.56413 -53.42526
-24.10248 -53.36447
-24.12855 -53.0595
-24.49245 -52.59485
-23.34516 -51.80374
-23.67676 -53.0796
-23.04537 -52.47911
-22.0122 -51.32188
-23.20402 -52.38378
-23.52419 -51.2645
-23.58926 -51.2156
-22.01985 -50.7225
-20.58827 -48.86672
-19.14581 -46.5643
-19.22871 -48.47209
-18.31989 -46.84266
-16.86035 -44.92246
-17.05161 -45.37071
-17.37879 -45.28881
-16.83851 -45.91601
-17.10792 -45.89041
-17.92528 -45.37665
-19.19325 -47.2628
-21.00821 -49.41104
-21.53461 -49.81248
-20.46979 -48.88442
-20.5143 -48.42658
-21.0287 -48.78895
-20.34732 -48.12518
-19.82134 -48.48547
-21.12306 -48.11367
-20.05079 -49.30335
-20.27405 -48.85433
-19.45202 -48.03607
-19.59907 -47.37748
-19.3919 -48.12185
-18.38002 -48.16927
-20.32511 -49.0197
-20.25343 -48.30018
-18.80343 -46.96725
-19.28983 -47.54013
-19.0349 -46.98243
-19.55108 -46.77548
-20.0015 -47.58203
-19.53861 -48.7668
-21.02643 -49.09063
-19.60563 -47.69611
-18.78078 -46.55923
-18.58559 -46.72008
-16.89929 -46.42994
-16.86303 -45.46246
-16.71047 -44.91402
-15.97855 -44.85089
-15.21726 -43.23632
-14.15954 -42.88841
-13.65309 -42.59935
-14.51713 -42.67663
-13.26887 -41.61214
-11.02573 -39.31193
-11.34051 -40.31236
-10.5914 -38.82667
-8.504263 -36.15506
-7.090388 -36.30524
-4.810559 -34.16117
-7.348739 -34.40793
-5.98219 -35.26712
-7.915811 -36.25339
-7.822638 -36.89466
-9.383096 -37.1089
-8.934408 -36.99245
-8.144947 -36.10469
-7.200714 -36.26733
-7.87375 -36.56903
-9.119386 -36.56995
-6.825102 -35.24369
-8.744954 -35.88333
-7.999741 -36.45495
-8.238972 -36.22385
-9.558811 -36.6176
-8.660508 -36.61668
-7.758653 -37.55804
-8.665998 -36.92047
-7.405104 -35.1185
-7.411125 -36.12084
-7.221542 -36.72028
-8.429661 -36.52643
-7.75951 -35.82016
-7.594074 -36.45064
-9.379251 -38.07076
-8.703174 -38.95053
-11.02298 -39.04263
-9.429818 -38.2906
-8.334466 -37.38058
-8.618641 -37.14167
-10.37921 -38.71966
-10.2642 -37.80016
-9.947137 -37.777
-10.81462 -39.6968
-10.92827 -39.3707
-11.36789 -38.78312
-11.23937 -39.2511
-10.00445 -38.68906
-8.200855 -36.72255
-8.985269 -36.30464
-9.68624 -38.19891
-10.03659 -37.83621
-11.17685 -39.06295
-9.525849 -38.519
-9.681328 -38.27568
-11.67109 -39.45476
-11.45836 -39.30803
-10.41924 -38.92069
-10.1489 -37.74281
-10.00405 -38.38701
-9.531651 -38.11627
-10.44714 -38.79325
-9.90203 -37.39038
-8.763171 -36.84175
-7.802571 -36.55415
-7.73767 -35.54082
-6.302532 -34.9031
-5.874346 -34.6549
-3.497906 -32.61721
-4.313049 -33.40681
-2.504844 -31.98638
-3.468239 -31.638
-3.804914 -31.5743
-3.826993 -33.24093
-5.291502 -33.0711
-5.391731 -34.2849
-4.697327 -33.10714
-5.081969 -33.95607
-4.878885 -34.20157
-7.217385 -35.36656
-6.79167 -35.75852
-8.445792 -36.97997
-9.467019 -37.61267
-9.222849 -38.00487
-8.809162 -37.24611
-8.794583 -37.79696
-9.903801 -38.57338
-8.406625 -37.2067
-7.000401 -35.32155
-7.455838 -36.50315
-10.25824 -38.26319
-10.33596 -38.0388
-9.768634 -37.78292
-9.523543 -37.12903
-10.45513 -38.12766
-10.20804 -38.57573
-9.987601 -38.65945
-10.93823 -38.83832
-8.404505 -36.94732
-8.719499 -36.55743
-8.800575 -37.24167
-8.927174 -38.0132
-10.23656 -38.21754
-9.811449 -38.64405
-10.18803 -37.27057
-10.70368 -38.51062
-10.03693 -39.27595
-8.862013 -36.29599
-9.400913 -37.75195
-8.970518 -37.91356
-7.062367 -35.15616
-8.316598 -36.77633
-6.299053 -35.4383
-6.506173 -35.34692
-6.536976 -33.75065
-8.204378 -36.39073
-9.287534 -36.39665
-8.098463 -36.77894
-8.037098 -36.27912
-8.062463 -36.62305
-9.128851 -37.62252
-8.624122 -36.76024
-8.934514 -36.99334
-8.396908 -37.82712
-8.639191 -36.62647
-9.119914 -37.92997
-8.599468 -37.29147
-8.319224 -37.07573
-8.692686 -36.01992
-10.73383 -38.96439
-10.33236 -38.23837
-10.78137 -38.91301
-11.75795 -39.32435
-11.35494 -40.56026
-10.9927 -40.07314
-11.91811 -40.62911
-10.91656 -39.53877
-12.09705 -40.33636
-13.12468 -41.67429
-13.44993 -41.50154
-10.57923 -40.7002
-10.45688 -39.67921
-12.37824 -40.92049
-12.23979 -40.45581
-12.30615 -40.60088
-12.41994 -41.31396
-12.48352 -40.85544
-11.344 -40.15797
-10.85372 -40.21593
-12.30222 -40.89198
-12.01879 -39.63854
-12.22268 -39.83371
-12.21984 -40.99738
-11.62385 -40.38934
-13.78031 -41.76202
-13.9382 -42.58469
-12.77757 -41.94296
-12.5467 -40.13746
-12.47685 -40.37292
-11.81699 -40.72256
-12.87239 -41.48437
-13.5532 -41.84266
-14.909 -42.51891
-14.16108 -43.18712
-15.89269 -43.99056
-14.44841 -43.19278
-13.57822 -42.67967
-14.59756 -43.02181
-14.11081 -42.73959
-16.02988 -43.89113
-16.63879 -44.65054
-16.07746 -44.01942
-16.14737 -44.22565
-14.94049 -45.03635
-14.79031 -43.16061
-15.92605 -42.81709
-14.11647 -43.27209
-13.71732 -42.46568
-13.68387 -42.42302
-14.07893 -42.73145
-13.90154 -42.48195
-14.24309 -43.09546
-16.26615 -43.4925
-15.0203 -43.11784
-16.19145 -44.26208
-18.60903 -47.11989
-18.325 -47.45266
-17.504 -44.69213
-17.29278 -45.65356
-16.75679 -44.77223
-15.99444 -45.02707
-15.36221 -43.64263
-15.21235 -43.51721
-15.21367 -43.70667
-15.75126 -44.17737
-17.23949 -44.61611
-16.47953 -44.99573
-17.22201 -45.72345
-17.52969 -46.09246
-18.21663 -47.42463
-18.23612 -47.13249
-18.6958 -47.75535
-17.99294 -47.20544
-20.03277 -49.31174
-21.77657 -51.46917
-22.59637 -51.12299
-22.16317 -50.42108
-21.48033 -50.13908
-24.38327 -52.50519
-24.9538 -52.54379
-24.45719 -52.9408
-24.23461 -51.61052
-25.15486 -53.54011
-25.27525 -53.187
-25.80761 -53.76119
-25.46348 -53.68071
-25.33791 -53.85076
-24.59695 -53.06643
-24.45061 -54.57405
-25.35296 -53.55917
-25.92896 -55.10636
-26.78601 -56.27792
-28.10012 -55.96148
-27.90185 -55.76079
-27.85409 -56.33379
-28.77402 -55.52218
-27.05721 -54.34818
-28.03153 -55.43609
-27.25069 -55.27245
-26.83129 -54.68818
-25.37555 -54.86431
-26.07199 -54.22279
-26.70773 -54.42144
-27.85447 -56.92502
-28.87309 -56.93435
-27.62226 -56.92165
-28.5623 -56.56345
-30.76917 -58.78947
-30.14842 -59.41437
-30.60199 -58.9643
-31.81891 -59.29488
-32.51234 -60.10217
-32.72832 -60.58039
-32.00702 -60.37043
-31.74754 -58.95808
-30.76406 -58.71743
-32.5515 -59.76646
-31.18361 -58.0618
-29.25647 -57.7881
-30.57422 -58.54557
-30.43285 -58.67045
-32.42384 -61.00866
-33.48103 -61.6206
-33.8818 -61.85838
-34.98669 -62.2516
-35.03777 -62.48324
-36.00647 -64.20339
-37.19989 -64.96607
-36.53923 -64.99845
-34.6114 -63.08891
-34.27687 -62.90169
-34.23038 -62.50035
-34.70139 -62.29691
-32.97809 -62.02295
-33.61909 -61.41231
-34.08587 -62.93361
-34.60571 -62.58519
-33.71974 -63.18508
-33.9002 -62.13662
-31.98709 -60.0427
-31.1997 -59.7913
-32.39448 -61.18111
-31.69811 -60.4444
-32.31515 -61.12954
-32.84299 -61.35673
-34.27909 -62.77211
-34.1507 -62.84598
-33.61142 -62.11419
-32.13381 -60.18455
-31.90241 -60.19289
-31.84975 -59.92594
-32.49667 -59.91523
-30.72116 -59.81786
-29.12411 -57.71827
-28.49035 -56.69674
-27.13805 -55.71085
-29.75449 -57.7751
-32.16933 -60.27496
-32.01631 -61.37617
-32.98987 -60.15995
-31.79761 -60.46682
-32.27358 -61.71045
-33.87818 -61.73453
-32.17575 -61.72141
-31.74199 -60.92339
-33.60815 -61.39717
-32.9812 -62.05508
-33.95598 -61.81157
-33.93142 -62.44421
-33.35447 -61.63652
-32.89192 -61.35324
-31.15054 -60.12412
-30.09641 -58.87225
-30.54011 -58.66042
-30.95352 -59.08199
-30.78959 -59.0359
-30.23489 -57.98864
-29.96626 -59.00614
-29.99554 -58.64977
-30.66025 -58.70356
-31.07135 -59.39302
-30.59428 -58.41235
-28.57279 -56.97489
-27.95349 -56.7645
-29.86611 -57.7535
-29.51942 -56.9076
-28.87507 -57.54463
-28.69425 -56.13099
-28.34487 -56.6563
-27.80987 -56.09631
-27.28509 -54.10232
-26.26214 -54.83301
-26.64448 -55.04941
-25.89051 -54.09446
-26.84713 -55.31195
-27.09761 -55.81096
-31.25536 -58.9457
-30.44284 -58.32077
-30.43595 -58.30932
-30.58622 -58.53613
-30.2518 -59.16939
-31.38671 -60.06548
-31.16153 -59.93311
-31.03494 -60.67053
-29.54053 -59.35812
-30.94497 -59.8647
-32.49659 -60.50254
-31.92114 -60.36539
-32.6808 -60.54961
-32.75152 -59.98637
-33.21243 -60.92473
-34.5667 -63.0028
-34.70282 -62.79495
-31.84798 -61.41166
-32.43045 -60.15405
-33.14281 -60.51951
-32.4197 -61.3835
-34.22317 -62.39173
-33.94623 -63.29403
-34.74195 -63.30926
-36.11876 -64.40107
-36.81271 -65.10644
-37.22742 -65.32477
-38.30417 -66.86059
-38.56336 -66.70841
-37.17139 -64.90988
-36.12404 -65.31021
-35.29436 -63.1603
-34.50345 -63.39913
-33.48872 -61.51436
-33.4441 -61.77759
-33.44594 -61.13394
-32.75837 -61.75629
-33.4015 -62.04008
-32.36169 -60.06122
-31.52939 -59.8763
-30.4167 -59.10218
-29.79421 -57.85727
-28.6892 -58.70899
-28.61054 -56.8731
-29.26161 -57.50412
-29.15539 -57.91974
-29.21536 -56.79869
-27.56774 -56.41554
-28.70968 -57.15305
-28.45323 -57.08554
-29.01531 -56.08278
-29.21676 -56.66087
-30.71825 -60.07676
-32.41238 -60.90935
-34.21097 -63.71347
-34.98314 -64.07372
-36.0089 -62.65935
-32.83609 -61.18539
-32.68865 -61.31809
-32.16092 -59.20864
-29.36191 -57.69586
-29.15502 -57.52701
-27.89424 -57.60271
-28.02545 -56.29453
-29.08279 -55.82659
-27.58215 -56.98958
-27.18061 -55.60952
-26.54933 -55.28442
-26.93428 -54.0852
-25.53029 -55.08066
-24.77137 -53.5227
-25.60763 -53.2356
-24.31463 -51.97159
-25.33741 -54.03598
-25.7281 -54.0099
-24.83783 -54.02638
-24.7283 -52.23649
-23.78058 -52.12353
-23.50549 -51.6032
-24.84634 -51.78963
-23.98476 -52.15458
-23.60449 -52.57944
-24.34805 -51.43402
-23.82496 -52.49645
-23.68108 -51.00973
-22.75197 -50.93789
-23.61615 -51.49895
-22.54709 -51.26407
-23.48726 -51.68745
-23.7861 -51.48488
-24.82781 -54.18603
-26.02894 -54.29212
-28.85787 -56.27302
-29.45074 -58.17902
-27.72977 -57.26378
-27.95876 -56.68182
-27.73833 -56.36925
-27.6891 -55.59141
-26.83443 -55.44982
-28.79523 -54.99349
-27.87844 -56.52541
-28.16513 -56.68758
-28.11409 -56.23065
-28.26972 -56.8057
-28.54229 -56.56388
-26.36198 -54.77123
-26.92029 -55.71376
-25.99252 -54.26774
-27.58423 -54.85655
-29.44333 -58.5696
-29.89307 -58.63861
-28.03961 -56.5645
-27.39241 -56.43334
-27.54445 -56.92786
-29.05633 -58.35636
-29.73054 -57.85702
-29.98386 -58.89964
-30.69496 -59.21073
-31.4879 -60.14143
-33.08394 -60.4988
-33.19575 -61.27547
-35.84581 -62.72238
-35.2281 -63.63137
-35.68945 -64.091
-34.23759 -62.72504
-32.8506 -61.80211
-33.36111 -62.34274
-33.91244 -63.03398
-34.18697 -62.85943
-34.39065 -62.08292
-34.08157 -61.72118
-33.23751 -60.79199
-33.67627 -61.78622
-34.34182 -62.92361
-35.69888 -63.12131
-33.54915 -62.06099
-33.99221 -61.90496
-34.59147 -62.65231
-34.52309 -62.93175
-33.6536 -62.15983
-33.50595 -60.79825
-31.50952 -60.79065
-31.289 -60.45097
-31.90539 -60.54887
-31.25308 -60.4092
-30.6416 -58.95813
-28.79832 -58.29663
-30.85951 -57.82137
-29.7069 -57.49198
-29.30707 -57.46544
-29.77353 -58.16143
-30.12368 -58.65438
-28.87331 -57.21347
-29.33031 -57.29497
-29.11097 -56.18521
-28.28761 -56.33258
-27.89695 -56.61811
-28.95307 -57.02845
-26.98308 -55.1997
-24.98704 -55.00975
-27.28341 -54.57971
-25.33617 -54.5028
-27.00206 -55.20365
-26.69187 -55.56892
-26.6155 -55.07083
-26.2075 -54.94585
-24.96852 -53.26699
-24.15583 -52.83678
-23.93161 -52.65747
-23.02808 -51.81896
-23.98329 -51.37673
-25.35178 -53.36912
-23.69634 -52.0274
-23.9474 -52.63844
-25.0848 -52.97544
-25.11453 -53.53693
-25.76482 -54.93316
-25.9404 -54.32043
-25.95269 -54.54128
-27.52807 -54.23363
-26.90422 -55.98589
-28.71757 -56.84849
-27.23219 -55.36311
-27.67509 -56.60756
-27.97882 -57.04513
-28.84013 -56.97561
-29.70356 -58.80083
-30.05717 -58.74285
-28.96812 -57.03602
-28.43748 -57.16043
-28.37352 -57.52815
-28.80245 -56.06717
-28.56892 -57.0335
-28.61385 -57.97365
-28.32517 -57.11734
-28.84213 -57.72018
-29.1658 -57.69988
-30.65718 -58.63082
-30.06059 -58.36136
-31.79901 -60.11608
-31.58661 -60.10192
-30.33813 -59.79238
-30.01043 -58.76274
-29.34364 -58.24021
-30.31164 -58.36497
-29.88085 -59.36467
-31.25027 -58.9584
-32.56806 -60.64409
-31.3852 -59.31622
-32.06771 -59.36852
-31.32875 -60.25773
-32.12178 -60.90278
-31.18025 -59.96121
-30.73936 -59.18673
-32.25358 -60.73096
-31.0712 -59.27995
-30.95078 -58.17519
-30.70938 -58.75537
-30.0884 -58.19385
-29.45124 -58.22756
-30.57612 -59.47146
-31.14667 -59.69153
-32.73692 -61.46266
-31.02321 -59.93893
-30.60247 -59.35054
-31.54354 -60.92934
-31.99376 -60.62867
-33.70391 -61.71573
-35.61368 -63.44028
-35.22488 -63.46638
-34.5496 -63.36808
-34.79229 -62.9067
-35.81784 -64.70467
-36.5092 -64.75753
-36.64029 -65.51499
-38.16637 -65.83712
-37.32724 -65.98793
-36.63853 -65.36185
-37.49953 -64.71507
-38.61308 -67.22594
-38.35993 -65.84415
-35.40577 -64.88486
-35.66177 -65.125
-35.3743 -64.02331
-37.91366 -66.69431
-36.51141 -65.10284
-37.41676 -65.19096
-39.45492 -67.08857
-39.50907 -67.27891
-39.64382 -69.53555
-40.56818 -68.89866
-39.32439 -67.90758
-40.02108 -67.93518
-39.8445 -67.98403
-41.28373 -69.25437
-41.00273 -69.23903
-42.12655 -70.06769
-41.49269 -70.25397
-41.07539 -69.86123
-43.17397 -71.61134
-43.21046 -72.3268
-44.05239 -72.27951
-44.53156 -72.47501
-44.86615 -73.00387
-46.91237 -74.15846
-44.99973 -74.15904
-45.39945 -72.4443
-44.51117 -73.50725
-44.93865 -73.2937
-44.95286 -72.94746
-45.27102 -73.14378
-43.84359 -71.76717
-42.90961 -71.59936
-43.0671 -71.66755
-44.96551 -73.93408
-42.80666 -70.63519
-42.58869 -70.92946
-40.81591 -69.85106
-40.32864 -69.74595
-42.10561 -69.54595
-41.15091 -68.81528
-40.28473 -69.15493
-40.62593 -69.37433
-42.39801 -71.58593
-43.07995 -72.08492
-43.10514 -70.92936
-43.27217 -72.38786
-45.05799 -73.54656
-42.8341 -70.158
-43.15866 -72.35311
-43.11897 -72.26923
-43.0474 -70.7524
-42.70094 -71.33515
-43.29877 -72.32223
-43.59773 -72.21393
-43.521 -71.79145
-43.91129 -71.74502
-42.79326 -71.12411
-41.8019 -69.1225
-41.79298 -70.0887
-41.17096 -69.66874
-39.20814 -68.72412
-38.8949 -66.20072
-39.5067 -68.10273
-39.9087 -67.40791
-39.78211 -67.56232
-40.05339 -68.12103
-39.35089 -67.66426
-39.09565 -67.12262
-37.03932 -64.82408
-35.76824 -63.81181
-35.15201 -64.333
-36.89632 -64.6884
-36.54281 -64.0858
-35.87447 -64.52757
-36.76884 -64.28244
-35.46638 -63.65646
-34.49821 -63.52246
-34.22502 -62.79183
-34.82253 -62.61127
-37.07012 -63.77623
-36.23006 -65.15259
-36.81392 -64.10084
-37.68114 -66.31376
-37.18093 -65.29372
-36.09399 -65.50556
-36.19457 -64.9972
-36.91199 -65.8949
