28.26346
28.06154
25.89839
22.67299
23.28651
22.72738
22.14959
20.41682
20.50011
19.93157
21.6236
21.32435
20.817
20.40829
21.33777
20.55007
20.49498
20.51061
20.86191
20.37661
18.74643
18.15487
18.49779
18.167
17.72696
17.98804
18.92685
18.92757
18.97867
16.35236
17.47855
16.27042
14.74183
14.24581
14.36001
13.27716
13.54002
14.56142
14.64823
15.96422
17.36489
18.00985
17.26991
16.74442
16.29217
17.48055
16.73008
16.8927
16.48803
14.77068
12.13528
13.41266
14.22388
13.62809
12.64785
11.6933
11.63065
11.36267
12.53103
13.44677
14.62668
14.28149
13.26584
12.66143
14.33787
13.98342
13.99972
13.80068
15.17196
16.79791
16.89362
16.34728
16.95489
16.90716
17.17334
17.48776
17.31607
18.45104
19.70552
20.25354
20.32693
19.79973
20.16697
19.93252
19.52185
19.19372
18.14814
18.52367
19.13442
18.88118
19.43624
19.19646
19.21793
19.72179
20.47953
20.11496
18.56434
18.16072
17.82447
16.75873
16.16223
16.88894
15.7212
15.17751
14.63176
13.28983
13.71525
13.55367
12.85947
12.24729
12.66668
13.60459
12.43438
12.39321
13.38355
14.17888
14.44607
14.4875
14.25335
15.27764
14.92997
15.8129
14.44721
15.45111
16.18525
14.95872
14.78477
13.19213
12.43297
12.98129
13.31334
12.13687
13.82584
12.95185
13.89833
14.89887
14.53385
14.52228
14.30366
15.45813
15.04361
14.31213
14.10539
14.85099
14.51181
14.72127
12.88001
12.1769
13.15119
11.85218
12.0935
12.60911
13.44633
12.34539
13.42089
14.49526
13.23218
13.96698
14.45588
15.25349
16.0269
16.06586
17.22468
17.677
18.34746
19.05653
20.21272
19.10073
17.74602
18.77496
19.22247
19.35612
18.14978
18.4094
18.92835
18.51961
20.02802
19.09431
21.10921
21.78847
21.62887
21.05375
22.67673
22.16613
22.8737
23.60614
23.23502
23.80494
23.18099
23.47636
24.28819
22.40536
22.84906
22.72185
23.83563
23.82918
22.54883
22.24627
23.08458
23.64261
24.40596
24.18679
25.78071
26.44024
26.13053
26.45238
25.46188
27.29767
25.96821
27.68564
28.92054
28.39375
26.93159
26.52563
27.06712
27.7893
26.73406
28.06016
27.27672
28.06824
27.99369
28.12441
28.98833
28.52766
28.47269
27.18961
25.5784
24.9264
25.23066
25.98242
26.45261
27.96206
28.18848
26.47244
26.4013
27.68176
27.99261
27.83213
29.52711
29.35873
29.26254
28.3864
28.30637
29.06117
30.41922
29.35581
29.8769
30.28094
30.8989
29.44402
29.4516
30.29026
29.85824
27.50277
28.47506
29.65078
28.6676
27.85697
28.18127
28.66516
27.69942
26.81951
26.87574
25.73774
27.77465
27.9517
27.78247
30.33585
29.87939
28.47773
28.63479
28.21997
29.22575
27.92127
28.11973
28.88876
30.39039
32.41985
31.62313
33.02694
33.43281
33.02042
33.48563
33.92733
32.33034
34.41881
36.43856
36.75793
36.42225
36.35512
35.97228
35.55161
34.94753
35.51397
34.55961
34.85453
34.78605
36.24089
36.91281
37.07858
37.32204
37.29496
36.78438
35.4854
32.71264
34.22876
35.39619
34.4893
36.2203
36.71005
35.91113
36.51681
37.25033
36.74291
35.52669
33.96173
33.04138
34.12371
32.9859
34.68054
35.32497
33.93531
35.10388
35.48787
36.22907
35.78996
35.09924
36.36461
35.43124
33.90789
32.64107
32.32407
31.81229
29.75462
30.91183
30.57219
29.25787
29.03729
29.96938
29.89969
29.18322
27.63589
27.64047
27.25599
27.87398
28.10578
28.16715
28.47307
28.70362
28.17537
28.58648
28.7779
30.0778
32.49121
32.66412
35.14368
33.43738
32.97749
32.46898
32.10043
31.5881
31.82862
31.07576
31.91691
30.9142
29.99984
29.23985
29.32183
28.88689
28.08763
28.67442
28.40522
27.42508
28.03714
30.22191
30.22219
30.77494
31.71971
32.49321
31.92754
31.35598
31.27393
30.86863
31.33702
31.34777
29.75725
30.66564
30.93031
30.54637
30.38694
31.00947
30.44009
30.22445
29.67257
30.02093
30.20681
29.97566
30.53306
29.40215
28.57875
27.61951
26.61781
28.19512
29.49569
31.95964
31.78315
31.84267
31.24032
31.18352
31.24653
31.86803
31.49861
32.45157
32.61057
33.02247
32.19765
32.8383
32.75368
32.14616
31.46343
30.30392
28.75536
28.43038
27.42377
28.05994
28.76968
27.3978
27.59448
26.63492
26.80335
25.8472
25.42605
24.94587
24.55818
24.23774
24.39956
25.3127
25.39924
24.7171
26.28866
27.91318
28.19017
26.78391
27.02878
26.66115
26.26233
25.10747
25.30611
25.13812
25.22085
25.3823
26.87674
26.10721
24.78797
23.96142
25.06574
23.81633
24.40979
22.37723
23.39199
23.62702
23.50736
24.99019
23.23981
23.91691
24.00912
23.37517
22.55663
23.05269
21.10148
21.46233
20.14343
20.70794
20.74716
22.51243
21.62936
22.97119
23.17922
24.18014
22.47734
23.65707
23.01038
22.55686
21.50729
21.82182
23.20227
23.00944
21.09734
19.54693
20.28399
19.38748
18.78651
19.42861
18.88557
18.96811
18.21682
18.57488
18.3742
18.52912
19.19081
18.28538
18.421
20.37006
20.26255
19.07112
18.81201
18.86214
18.80461
18.31045
17.98222
17.57748
18.25309
18.3858
17.21923
16.58328
15.14266
14.11858
13.36898
13.19759
12.47229
12.34776
12.74448
12.1906
12.4027
12.94381
13.51083
12.7154
14.65656
14.34122
13.90463
13.45826
12.14328
12.40261
11.97945
11.11408
10.77521
11.8043
10.57112
12.86159
13.71953
12.51214
12.33174
10.87979
10.7716
10.13905
9.835137
11.06654
10.66319
9.905053
10.42823
9.639709
7.701541
9.151988
10.22674
10.25557
11.02074
11.62173
11.37687
11.21696
11.86402
12.17837
11.5397
11.20934
12.21436
13.88133
14.34161
14.63998
14.89768
17.57837
17.09031
17.76539
18.27441
18.21394
16.81867
17.12117
17.26995
17.98223
17.95115
17.61496
17.65836
17.7715
16.40456
16.47847
15.79877
14.06777
12.7245
12.49869
13.15566
13.31003
13.30056
13.12195
13.98122
14.59778
15.41495
15.8248
16.25282
17.14483
15.00469
13.47043
13.42931
11.79912
13.29048
14.60881
14.92318
14.06208
15.30016
13.93234
15.99384
15.50368
15.39784
14.95377
14.45404
13.91482
13.61679
12.50562
12.0156
11.31092
11.72913
12.29756
13.36407
14.64683
15.02115
14.38617
15.39357
15.84034
15.16054
14.77063
16.21676
17.90546
18.1942
17.8544
16.84184
16.58913
16.49317
16.895
16.71982
16.67094
17.02934
16.41214
16.57246
16.63981
15.87085
17.4323
18.18473
18.81566
19.59457
20.62632
21.14625
20.92359
20.85793
19.40781
19.81323
20.22931
18.57049
18.87552
19.2442
19.86266
18.59755
17.88103
18.26017
18.45677
18.09252
18.05971
17.08954
17.45855
19.82526
20.4216
21.4411
20.84474
21.56261
22.30898
22.46294
21.57122
20.5559
20.10012
21.29412
20.19519
20.40898
19.81459
20.66617
20.07606
19.4139
18.73242
19.98307
21.44564
18.80371
18.62108
18.74844
18.94959
19.35715
18.7929
20.11632
19.28949
19.11927
18.95072
17.67807
16.80027
16.43394
18.71006
19.61418
18.10749
18.00054
18.74473
19.4037
19.35927
19.63287
19.98614
19.77083
19.02274
18.62636
18.56232
18.22233
17.35006
17.19157
16.06767
14.33235
13.93921
13.64823
14.13757
12.03389
11.20105
10.15645
9.122889
8.764644
8.806551
7.738038
8.104818
8.826399
9.766972
9.417723
9.011722
8.301385
7.109538
8.201754
7.419773
7.278495
8.080628
6.800167
7.221944
6.709969
7.039782
6.728973
7.05959
7.2786
7.096687
6.595681
6.27636
7.567175
8.181663
7.254116
7.056907
7.085783
7.77966
7.747262
5.820874
6.011197
5.061649
2.020517
0.8512501
0.7565182
0.5342869
-0.8154812
0.7300277
2.004691
2.409627
1.73175
2.976069
5.03746
4.526222
5.393479
5.965657
6.895568
7.209144
7.44841
8.043606
9.159244
10.38795
10.99236
9.912393
11.23695
11.24075
11.34253
10.77646
9.86661
9.172977
8.992006
8.93517
10.57619
13.34646
12.45453
12.14645
13.05523
13.74525
14.36895
14.10815
13.75859
13.66655
14.49027
14.2675
16.44082
17.01854
17.52088
16.00807
15.49877
16.00834
16.56321
18.54983
19.25537
19.62124
20.3117
21.4929
21.85306
22.92128
21.51311
21.66249
22.31042
22.68381
23.0107
23.40963
23.95729
24.12597
24.36119
25.627
26.22546
27.47056
26.92573
26.61708
26.82112
28.08406
29.78483
30.88236
30.26474
31.52944
31.32312
31.75017
31.40276
30.59188
29.56111
29.61615
30.3728
28.7282
28.86381
27.88523
29.17102
28.98498
28.94742
27.87022
26.68329
27.48518
26.97453
26.9035
26.66016
26.96144
26.60618
26.14382
26.47473
26.994
25.43171
26.55253
25.84514
26.82307
25.62642
24.94114
25.56075
25.00363
25.40031
25.38245
25.62983
25.50837
26.57494
27.24217
27.54882
27.83802
28.0018
27.33183
27.81001
27.5983
26.22321
27.13275
25.12149
25.09578
24.18454
25.31149
25.40407
25.42587
26.17679
26.67511
25.6025
26.09446
25.86009
25.48555
25.14112
25.5
24.58947
25.01606
25.59088
26.6555
26.94467
27.20075
27.25752
27.10233
27.40169
26.6675
26.93317
26.7174
26.38406
28.11801
26.69712
28.35115
26.84178
27.22343
26.89709
25.32487
26.16189
26.21843
26.08786
26.1346
25.94825
26.44762
26.30274
25.41414
25.5451
25.75834
25.98912
25.68931
26.73902
25.16032
26.72062
27.24149
26.49394
26.64974
27.19511
27.3485
27.44203
27.25736
27.72996
26.75385
25.87183
25.26652
24.60967
25.2142
24.75769
24.88392
25.00407
26.39621
26.09536
28.21018
27.17991
27.67639
27.83012
27.09988
28.27043
27.7302
26.46798
26.61449
25.57604
26.22846
27.16366
25.63097
25.89469
25.44526
26.5072
27.06216
27.20845
26.25944
26.67917
25.02679
24.93874
25.72292
26.46821
27.0994
27.71719
27.26168
28.91313
29.58378
28.78563
28.7237
27.80222
27.0937
26.80938
26.44247
26.43295
26.39935
26.93302
26.35304
26.91707
27.60466
28.26208
27.71259
27.63372
28.20838
29.16951
30.00172
31.61812
30.84651
32.18628
33.74003
32.75894
32.29046
32.23304
31.56294
31.36993
31.06546
31.61165
32.93218
31.69865
31.42126
30.21746
29.49629
30.47587
31.08165
31.15268
31.732
31.8398
32.50242
31.66272
32.34052
33.36828
33.24017
34.47819
35.03084
35.31265
35.19871
35.5254
34.934
36.67357
38.0612
38.24319
38.57663
38.41744
39.09097
40.16265
39.84853
39.62797
40.74562
40.29841
39.99517
39.00851
40.0125
41.64373
41.51586
40.59203
40.59608
42.80225
43.80754
42.9023
44.19293
44.10773
43.88319
43.8626
44.017
44.54553
43.24066
41.99006
42.89902
41.70071
42.19541
42.3976
41.89314
43.28266
42.68802
42.28858
43.01319
42.35064
43.54576
43.40216
42.74835
42.35766
41.13379
40.09439
41.69832
41.02152
41.13314
40.90614
41.55612
42.47176
41.91741
43.56861
44.21391
46.27229
46.70702
46.83705
46.92646
46.29656
45.99571
46.35995
47.33575
48.08145
48.46503
46.68007
46.48643
47.25991
46.79122
46.76527
47.6879
48.93237
48.23792
47.5525
49.74412
50.89729
51.38894
49.56805
49.54395
50.51018
49.82851
50.52679
49.25116
49.07384
49.23621
50.39791
49.80562
49.03751
50.06926
50.68641
50.86043
51.60839
50.10157
51.21457
50.54883
50.50592
50.30207
49.44617
48.4415
48.47277
49.47087
50.68943
48.64851
48.22844
47.03122
46.35294
46.38078
47.19156
46.312
46.80003
47.49499
46.64761
45.56748
45.92392
45.50508
46.4015
46.68612
45.42038
44.02675
43.7344
43.51929
43.53301
43.16321
44.02054
43.74861
42.6706
43.08094
44.22834
43.10836
44.10909
44.45118
45.05734
45.08582
45.52257
45.39906
45.07125
46.92388
46.86577
46.63356
46.98731
47.05693
46.6698
46.15106
46.4137
46.31794
47.42751
47.21448
46.30634
46.03798
47.20982
46.31756
45.98302
45.07209
44.60807
44.21838
43.84618
44.35052
43.92699
42.65496
41.44957
42.11668
42.69558
42.03152
41.27491
41.40343
40.76589
41.56541
40.91114
40.6907
40.46087
40.33417
39.94452
39.37067
38.53621
36.65101
37.04765
38.0305
37.97761
38.45443
38.34972
39.00977
39.51807
40.23991
41.0502
40.02029
39.48572
40.49094
39.85254
40.8128
39.99029
41.68647
41.21604
41.78705
40.33609
40.35453
40.44161
39.71443
40.33052
40.80488
39.79318
39.29263
38.8555
37.18568
38.65414
38.32324
36.80386
36.45632
36.37374
35.83167
36.27774
37.18581
38.89314
38.33783
39.09995
40.47691
41.27098
42.10621
43.49468
42.54151
43.15232
43.93585
43.33222
42.87706
43.48451
44.92172
44.75139
46.28486
46.97586
45.2493
44.82599
44.40396
43.15904
42.53075
43.33777
44.29457
45.12033
45.25167
46.41929
47.86439
49.01381
49.0766
49.33484
47.91681
48.16345
47.46821
48.44982
48.16566
48.06182
47.32196
46.21028
45.6353
45.25327
43.62141
43.13543
43.13365
41.52742
42.05475
42.61128
41.45586
41.56241
41.60073
41.4338
40.70647
39.66676
39.94638
39.22076
38.23222
37.61202
38.19167
38.13541
38.02355
37.62993
37.81166
38.56533
39.46314
41.19129
39.84977
40.37456
41.44559
40.06526
41.48499
41.16371
40.86411
39.84502
38.93485
38.9804
38.45255
39.72048
40.24393
40.98794
41.78996
41.74778
41.3545
41.12179
41.50303
40.80047
40.43568
40.69806
39.48595
40.24996
40.61651
39.88474
39.3863
41.69014
39.84887
38.89966
39.32516
39.72341
37.85031
37.53674
36.40661
36.915
37.0724
36.33099
36.8704
36.11467
36.91688
36.40502
36.29889
36.68409
36.56489
36.5784
35.41305
36.00575
34.82811
34.84318
34.89736
34.77027
34.43713
33.64723
33.97456
34.74128
34.42199
35.10868
34.69387
35.6956
35.6056
34.96967
35.0515
35.0023
35.40703
35.28519
35.00116
35.54933
35.6901
35.72608
34.5298
35.8712
36.83628
37.05924
36.57872
35.17892
34.92983
34.67989
34.60631
35.09832
34.89243
35.21707
35.66842
36.33546
35.64753
35.11879
35.23855
34.75528
34.49111
35.23214
36.89349
35.88046
34.60904
34.11386
33.78369
33.25207
33.51647
33.38759
32.60469
32.9595
32.74069
33.15905
33.08635
32.05626
31.93984
31.05016
31.76594
31.95129
32.19739
32.05914
31.35382
30.03031
30.67805
30.10315
31.22024
32.23039
32.94472
33.95255
33.00958
33.78897
34.5563
34.17814
36.54951
36.06996
35.53038
33.5034
32.15173
32.1534
32.59864
32.28141
32.52269
32.14674
32.88146
32.63186
33.61922
33.75585
32.31055
31.64677
29.83447
28.94778
28.39941
28.5135
28.59619
28.49769
27.8215
27.84883
26.81534
25.65523
25.06662
23.41331
23.63354
23.11902
22.74214
23.45442
22.1434
22.29142
22.54093
20.89028
22.40486
22.71103
21.32922
20.20075
20.71209
21.45713
22.02829
24.72452
26.07709
25.51515
25.22716
24.66552
24.64648
25.85852
25.93362
26.55722
27.25249
27.74244
28.18633
29.33553
30.4777
29.12333
30.46655
30.68347
31.20553
30.37487
31.57941
32.76071
31.485
30.93075
29.71378
30.10358
30.91828
31.1578
31.14827
31.34614
31.52743
32.59331
32.49343
33.85574
33.21898
32.96726
33.41281
32.82769
31.46127
31.5808
33.29322
34.13926
33.62186
33.05172
34.75079
34.39015
34.59684
34.96028
34.06789
34.38814
33.95421
34.06645
33.06417
32.76398
33.70624
33.94736
33.88802
34.74097
34.85183
33.29799
33.01015
33.1937
34.19078
34.39438
35.12282
34.90168
34.39658
34.69888
34.99383
33.69036
34.68305
35.58442
34.40402
34.63867
35.4383
35.21055
35.59046
33.77192
33.68656
33.41831
32.62331
33.02122
32.23109
31.52944
30.22185
27.74244
27.55359
27.76078
26.67649
27.5108
26.73085
26.0674
25.51879
25.08974
25.88806
26.20955
26.37444
26.82917
26.58124
26.6574
26.89207
27.22655
27.84814
27.46216
27.92315
27.43638
28.26016
29.70499
30.83945
30.4946
30.80903
30.34868
29.96339
29.38015
31.27394
30.92643
31.2581
29.59666
30.23969
30.57339
30.35868
30.79647
31.98171
31.77787
31.53118
30.75123
32.02082
33.61259
32.63933
32.47653
32.27548
32.31945
30.63851
30.23053
30.09478
30.54222
30.87801
30.54814
30.35239
30.3189
29.09854
29.83006
28.88327
28.15476
30.24938
30.37741
30.48269
29.89039
29.74665
30.7632
30.78657
30.46769
30.52982
30.43015
30.90226
30.9347
30.23319
30.59676
31.53148
31.4522
31.33165
33.11723
32.41108
32.67595
33.02966
33.627
32.8238
32.81872
32.72041
32.77956
31.5195
30.57713
28.23299
28.15135
27.3283
27.77326
27.23652
26.74545
25.89589
26.38244
27.1415
27.17861
26.63573
26.76298
27.31227
28.36583
28.7889
28.74418
27.83342
27.37603
27.29132
26.42526
25.37906
24.64063
23.42094
23.1382
22.98613
22.56986
21.56253
21.42409
21.92191
21.68752
21.03017
20.76697
19.54416
18.759
17.5451
16.74623
17.29753
16.68962
15.93946
16.70066
17.67822
17.51186
17.15043
17.72047
17.72157
17.00348
18.38631
19.30133
18.1836
18.44086
18.71057
17.39649
18.30353
18.48949
18.45779
17.97257
18.10647
18.90231
19.45961
19.72328
19.57026
18.35285
16.73406
14.2449
15.64898
14.27621
15.28777
15.6491
15.40343
17.35855
16.9914
18.74903
19.56836
18.17859
15.86304
16.50248
16.31482
15.32521
15.79906
15.69622
18.22491
17.41174
18.34979
18.59938
18.53576
17.66141
18.04189
18.80049
18.33189
17.82548
16.6079
17.78655
17.16826
18.69757
17.64488
17.19163
17.75065
18.4846
17.94787
17.49383
19.58725
19.98091
19.2843
19.10833
20.89835
19.41016
20.25029
20.26703
19.98866
21.15543
20.26204
19.2342
18.60416
18.16909
17.87099
16.98181
16.21235
16.07304
16.35918
17.26399
17.18413
18.76829
17.61846
16.37326
14.81587
16.17331
16.19052
17.07757
16.21145
15.26657
16.17046
16.76553
15.69217
15.33199
15.22811
16.02435
16.35536
16.0106
15.70109
15.25992
14.97706
14.76401
14.38084
13.65378
13.21313
12.57636
13.46766
14.8229
14.4326
13.22761
15.29463
15.20514
15.26087
16.64716
17.44445
17.864
17.11968
18.92227
20.74514
20.58174
21.51896
21.54178
21.18059
20.11695
20.30514
20.41173
21.83975
20.58006
20.68467
20.77185
19.35476
18.4238
19.18091
18.67399
18.53432
18.98438
19.74201
19.70454
19.10172
19.17609
18.87337
18.26056
18.18765
17.83115
16.13649
16.05355
15.53915
14.46204
15.19652
14.7475
15.52932
14.59805
13.89115
13.90242
14.90841
15.77498
17.9455
17.50781
18.52508
20.25225
19.68967
20.3043
18.54373
19.05708
17.70048
16.26649
16.63399
15.6061
16.15509
14.77936
13.88282
14.79502
14.56809
14.11255
14.32353
14.5136
14.55168
13.3918
13.08259
11.42614
9.843771
10.23624
11.53011
11.05393
10.95287
10.27341
9.54797
11.05624
11.25927
11.11026
10.95294
10.98765
11.69798
12.25093
12.5173
13.09747
11.67331
11.7371
12.22909
13.08565
14.19842
14.77812
15.40311
15.0204
14.47993
14.6109
15.70273
15.34999
15.10743
13.79988
14.03633
14.1748
13.73085
14.51444
14.61403
14.43653
14.73317
15.19548
14.52293
14.87264
14.0313
15.22343
15.60244
14.39698
16.04401
16.13841
17.22455
18.14872
17.1479
17.5545
18.31466
16.48847
17.42568
17.09334
16.6157
16.07101
16.704
16.318
15.513
16.47452
16.33738
17.19418
18.23047
17.27197
17.90697
17.75022
18.03564
17.58248
17.81656
16.48227
15.48515
14.78062
13.66775
12.56449
13.52459
13.68361
14.0979
14.12849
14.36002
15.92514
14.94368
16.03664
15.87819
15.56286
13.90639
13.95586
13.49531
13.33531
12.96837
12.16266
12.87426
12.3113
11.57151
11.35984
12.77574
13.45615
13.3659
12.66437
13.50951
13.55238
13.71529
12.6272
12.46133
12.43569
14.0693
12.99192
12.2752
11.97385
11.11334
10.16874
10.73144
10.94124
11.45835
11.29947
10.7268
10.48817
11.4958
11.47786
11.37769
10.55639
8.817231
10.23455
8.889115
7.867353
7.836525
8.124668
7.255982
7.789912
7.471932
7.901506
7.734507
7.422332
7.49364
8.428345
8.851626
9.903385
9.195481
7.158129
7.721733
6.901836
7.416514
7.819808
7.667753
8.556325
9.339163
8.880966
8.711882
7.650128
6.607607
6.512071
5.594487
4.412919
4.524624
4.268573
4.077537
5.6955
7.943736
8.757902
8.014317
8.378497
8.26879
7.645536
8.26987
8.546416
8.256983
8.29432
8.606155
10.17306
10.4985
11.92729
11.31238
12.1273
13.26146
12.69641
13.51553
12.76008
13.33596
13.79559
14.70167
13.08451
12.60815
14.34049
14.19483
14.53589
13.33293
13.48066
12.89045
13.84835
12.03878
12.15403
13.34482
14.30186
14.95742
16.01599
16.83507
17.10682
17.09564
16.78553
16.80883
16.97663
17.39416
16.21357
16.03705
15.8991
17.66743
18.21926
18.72991
19.89583
21.38112
19.43051
21.96484
20.73312
19.91825
19.11566
18.39203
17.94409
16.77789
17.00174
15.99203
15.53301
16.39486
16.13597
15.00449
14.48229
13.43828
12.45549
12.69508
11.66284
12.04313
11.46749
10.6311
11.72789
11.79604
12.79252
13.37006
12.96369
13.66039
13.69461
14.31279
14.54984
14.81118
14.60719
13.51988
13.97364
13.60822
13.65607
12.85855
14.11821
14.49043
15.78711
15.43779
15.27172
14.41576
14.76088
15.46168
14.92894
14.58464
15.58271
15.432
16.2829
15.44829
15.8082
14.83651
15.08049
15.84955
16.57507
16.78501
15.52629
15.50992
14.89455
15.52211
15.66207
14.82683
13.75334
11.68201
13.41777
13.14338
12.06154
12.45363
12.29244
12.1089
14.42195
14.51801
14.98275
15.50961
14.95745
15.98171
16.39611
16.5211
16.50884
16.35818
14.01082
14.62826
14.2788
13.72193
12.99748
13.71809
13.77807
13.50404
14.59955
16.96029
16.67443
16.12468
16.96201
15.82093
16.98254
18.43324
17.84326
19.14304
18.74805
17.44673
16.52926
18.0545
17.04729
16.42115
15.55867
18.05755
17.31992
16.94903
18.50624
17.67135
18.24003
19.9381
20.13573
20.72182
19.58428
17.75405
18.50773
18.17748
20.2411
20.21804
20.33886
20.6959
21.00553
20.10398
19.61113
19.50298
19.9321
19.55294
19.7913
18.78313
17.23945
16.40186
16.3169
18.29867
19.8597
19.4578
19.70728
21.06628
20.07706
20.38933
20.68787
19.50361
19.49441
19.38331
17.25771
17.17324
17.23121
19.14405
19.23132
19.6095
19.51226
19.681
20.51362
23.62688
23.6355
23.21941
23.62228
25.27906
24.02115
23.67623
23.09841
21.68213
20.70954
20.69208
20.9481
21.81066
22.63758
21.90626
22.12371
21.804
22.19398
23.12519
23.70636
22.57619
23.59682
24.48488
23.94875
24.16025
22.77063
23.82078
24.54062
23.29016
24.19687
23.2609
22.33298
23.38254
24.59146
23.51365
24.28276
24.32967
22.5821
22.54046
22.45958
24.18546
23.51402
24.9449
26.30765
26.26332
24.88394
24.58427
23.81536
23.15154
24.00686
22.75659
23.11502
23.17117
23.34372
23.21369
21.33323
20.52967
22.03679
22.62445
24.16313
24.26834
23.06085
22.4844
22.36804
21.9812
22.42796
22.11895
21.39811
23.23778
23.26794
22.30329
20.53124
20.14013
20.65279
20.62938
20.1008
20.73681
20.9333
21.34301
20.37037
20.60252
20.41921
20.60236
20.55867
20.22709
20.73944
20.77107
23.35232
23.36536
23.73925
23.60641
22.73539
21.61875
22.97048
25.10517
24.88855
26.37069
27.43852
29.28674
28.41264
29.10431
28.97174
29.30542
30.21656
29.35844
29.52389
28.91841
29.32858
28.70705
28.72725
28.55392
29.4259
29.27813
28.94415
29.22986
28.53863
29.27541
29.52752
30.05329
30.87224
31.34916
30.91309
30.05107
29.91103
30.15419
30.41448
29.74297
30.61621
30.09697
29.26445
29.26485
30.8211
32.24217
31.58735
32.90353
32.55741
33.58887
35.63876
35.21593
34.02224
34.43476
36.16124
34.84829
34.51712
34.56158
34.5447
34.13238
35.43219
35.04283
35.41536
33.98108
33.59466
32.8998
33.50497
32.53867
33.08791
33.44805
34.22707
34.19402
33.70586
33.88867
31.61428
31.15494
32.75321
32.42971
31.62639
32.64551
32.07376
32.50634
32.79362
34.63502
34.79245
32.41996
31.99661
33.47426
33.56084
34.68338
35.03441
34.22869
34.04678
