7.677141
9.1892
12.7948
16.18865
19.66751
19.7818
21.90628
24.1663
27.18794
31.40098
27.52656
30.03804
26.55428
31.91218
29.91798
20.76363
31.50643
24.23121
23.77139
22.10011
25.00638
28.86351
25.38171
29.52671
30.67189
18.96043
25.30953
21.30299
18.5551
19.94296
24.38582
16.22244
15.40646
14.70427
28.39702
30.6951
27.90908
27.49623
26.70966
25.55911
28.40027
30.32374
39.79989
38.64321
26.74538
23.74945
28.90352
21.46303
22.5279
24.42251
22.05084
22.35997
23.12623
37.65926
31.11932
25.33992
30.93148
38.3821
30.56621
26.67339
19.92885
30.29777
25.59594
24.39911
25.78564
25.17027
27.54056
35.79061
31.62428
29.58275
31.69405
27.81973
37.711
30.06053
30.92249
25.86077
22.9778
30.81992
26.24803
22.98277
20.59033
21.17196
39.91278
27.44131
25.74082
33.60508
28.10631
24.88221
23.4862
22.83393
26.39971
25.7207
24.87823
29.42647
33.74417
36.88741
28.50574
25.38976
27.97639
28.79571
26.31141
26.16239
24.62248
16.34397
17.81965
17.54809
24.05223
28.77031
33.14635
29.70862
22.17062
21.93891
20.26824
27.10725
27.85582
30.48822
26.73851
20.16713
23.1899
30.31982
19.23856
18.09892
16.74052
21.82136
21.82216
22.73469
19.9077
19.18948
21.62526
23.66478
31.19798
25.65912
24.88979
27.1312
29.67531
26.01607
33.60746
26.74431
22.78592
25.43648
24.1578
39.43233
33.11979
26.25002
20.76018
17.46352
19.78129
20.51207
21.83794
22.48161
28.18979
28.81545
30.67526
32.76779
20.30598
24.21447
26.89525
30.66432
34.54897
23.97985
24.96743
29.62012
29.22631
22.40086
21.42908
25.04678
27.11834
18.05046
18.55817
18.41434
24.07042
30.18437
24.03679
31.04061
25.78409
20.90166
26.05211
30.91187
23.32296
19.41934
24.42537
27.00772
24.07155
19.59145
27.51865
34.51002
28.28579
34.98713
25.88821
29.45419
27.03482
25.71461
31.9031
39.75126
35.55788
28.34213
23.37455
30.86127
29.55183
23.2441
22.95009
22.86186
18.08678
26.63732
30.8354
33.67707
26.77286
21.18263
24.71656
27.50449
33.83188
30.11401
32.62845
34.40644
26.5725
32.69627
24.78092
28.11878
30.75196
34.19684
23.90247
22.55662
24.13997
29.32975
29.13277
32.33262
34.92968
28.62467
22.43278
20.43588
20.51987
19.74615
22.91558
32.74057
31.9539
34.13982
29.33629
30.94349
23.24199
16.35371
21.54244
30.56216
31.42346
29.40519
27.87191
25.32099
25.41646
17.61401
17.92356
24.9169
23.90971
24.25901
26.76918
22.33443
24.25702
30.33989
23.34698
20.92916
26.73213
28.84004
20.39549
23.09166
34.80383
20.36194
25.22137
23.47744
29.09083
20.89086
18.93022
22.95408
21.77927
15.67435
21.74063
17.96844
26.9222
27.24696
22.82347
27.17715
22.63541
41.99592
35.65641
30.61018
28.05373
26.70032
23.414
32.49381
28.32633
25.75465
27.63949
26.17427
20.34787
17.83564
18.7191
20.56689
27.91421
31.57539
29.36262
32.53706
31.70764
29.46337
32.59092
29.2505
23.65992
19.1255
25.8172
21.12518
32.96953
24.68513
27.27921
30.82484
31.32239
20.34651
31.68562
29.80138
31.24877
24.5735
25.96803
34.64571
28.82518
28.89238
29.81524
27.93997
23.89368
18.63793
22.21399
18.96189
24.03625
29.03335
26.98203
24.94089
24.65844
24.53744
38.4558
29.79775
19.07858
20.60579
22.38886
21.15984
23.72824
25.1903
21.07065
22.67797
20.73877
22.89972
30.26774
29.73974
26.47525
26.74529
34.25134
34.62103
28.95022
24.5005
25.96359
20.08733
25.07964
24.71791
25.96939
28.20129
23.2742
30.08328
24.09804
27.25502
30.13657
29.27667
28.95945
37.70673
22.75242
25.90999
29.00665
27.63934
29.80155
32.08842
31.88588
21.3598
22.357
27.52406
22.72143
20.75506
24.35926
22.46958
20.9506
16.77824
14.72476
24.01255
23.37188
25.88439
37.82709
24.69443
33.34735
34.90793
33.64511
29.56085
30.4823
23.30054
28.78916
30.65467
30.64555
36.61416
29.68131
26.48645
24.3008
31.50609
23.70634
19.11993
22.779
27.07711
29.22961
23.679
24.29634
24.37518
21.94309
12.659
13.59742
17.6078
15.47369
14.86395
17.56776
23.51802
23.63912
27.95461
28.43674
17.66308
20.56938
24.33099
26.04176
26.83139
40.64533
37.09821
44.9335
25.23819
22.1948
24.29429
22.2677
19.35642
19.97963
18.45915
22.0322
29.62537
29.40734
30.2632
30.55031
26.50844
24.10353
28.21679
38.34134
28.38784
25.66801
22.89828
18.83608
22.60537
31.49191
26.53753
27.92607
20.08955
35.40696
31.89774
22.52835
24.81041
27.28265
32.42074
26.61646
27.90211
32.2358
20.98807
21.07549
20.82339
22.97327
26.49168
33.73074
39.01756
26.95678
31.11315
26.21138
26.74287
30.67437
25.15005
27.19268
25.24557
24.62165
25.9379
21.82493
18.25005
17.43338
22.34416
23.31424
24.82576
24.46691
28.31892
36.01578
27.17104
29.49863
24.92052
20.87838
23.87329
16.39033
18.17613
24.48436
20.14048
24.34503
22.90103
27.66198
22.44261
30.42178
29.21049
24.94128
32.59852
34.33131
30.40436
29.88403
25.64938
30.89716
25.04017
35.09421
28.73996
32.02139
32.97562
31.68163
35.48141
20.96387
20.61185
32.77075
33.45465
27.20035
28.85219
32.99151
29.8679
27.62485
34.26833
29.32346
42.56798
24.14985
24.77635
23.2859
20.66085
28.59605
25.00195
27.3095
21.02696
29.94898
24.08524
26.22999
24.34305
24.86283
26.38378
22.36222
16.01458
18.77922
13.40496
22.35669
25.71811
29.66605
29.74977
23.04715
26.6461
28.03211
27.44066
36.56567
33.58949
26.50301
25.67388
27.4258
23.05772
26.99815
34.84652
25.04192
22.88679
20.64311
17.75343
23.91436
25.38723
24.17216
20.0407
31.19583
25.58452
31.91138
30.8854
36.69449
36.44602
33.80991
30.5373
31.65077
23.78482
27.5001
36.42382
26.58274
31.93098
30.50055
26.74785
27.5632
27.77465
35.19772
24.47585
20.74887
21.17175
29.22177
24.05791
28.02313
27.37385
25.32649
19.77857
29.32767
29.66324
34.84328
30.51256
31.33625
37.80411
37.14559
37.53817
23.35052
24.49507
33.31843
38.67046
30.53032
20.73341
24.07778
27.51398
37.15571
41.65143
34.29406
24.42417
22.91011
20.5201
33.60201
19.73633
18.28409
25.72031
23.11189
24.39128
28.69391
22.92112
29.74704
29.23857
41.11458
33.26932
35.90656
28.92793
27.56312
32.24043
26.67248
35.3915
31.593
29.56659
29.91093
33.65413
28.31814
41.31396
34.71411
30.05147
33.06515
36.88004
27.73821
23.85666
26.92201
19.02697
34.72008
29.00594
19.19882
27.77109
24.0676
26.87477
34.16325
27.72367
34.90041
33.00739
28.21396
29.72831
27.4531
36.09785
39.44972
33.42113
29.31707
30.66969
27.23897
31.90498
21.77887
26.71699
29.56536
27.79633
24.08457
22.26248
23.57492
24.90289
23.44255
20.65881
21.44408
22.30478
21.56296
19.77906
25.4845
27.81722
23.46995
18.11989
22.52498
27.31586
21.11576
18.12308
16.38516
25.4816
24.11088
23.07864
26.11499
21.91395
21.35193
16.96847
22.41263
22.65576
22.89533
22.01753
21.83987
27.12422
25.5555
27.95276
26.61455
27.78672
29.36719
23.09122
20.44474
22.4999
21.45468
17.17062
19.37338
28.20309
27.92074
28.9686
22.03563
29.70804
34.60461
41.77679
34.30469
37.12568
36.87327
39.48456
35.37028
36.42081
31.98067
30.0219
28.89527
28.67068
25.97514
23.76499
32.002
22.61048
19.9902
14.16194
17.04489
25.01908
23.79358
29.66344
23.01617
23.55063
25.89071
29.21462
30.48266
24.46969
28.0249
22.55221
26.60343
26.29057
26.5442
30.54921
38.52361
32.53975
28.05586
20.28038
24.78418
27.87944
28.89332
31.93909
18.18212
26.81901
24.43483
24.40828
26.88806
28.24703
29.81015
36.66976
29.24925
20.61823
19.16639
20.74352
22.60206
22.10718
27.02112
24.02038
27.66877
27.44282
20.52756
22.33703
28.55271
23.35309
25.02376
35.97457
22.85208
33.40754
41.52255
33.32941
24.56962
30.9775
29.40931
26.50217
32.93529
30.26839
27.95002
31.29879
32.96348
34.7399
38.58432
31.57336
26.32718
26.94937
28.21845
19.2059
26.67361
34.44378
33.85358
31.80672
18.03842
27.65523
23.03234
20.40088
28.98004
28.50232
21.68911
23.07675
22.16654
33.10775
22.43757
24.10572
26.98506
27.14768
20.91598
24.10598
21.65036
27.99667
31.30066
24.82437
20.71839
25.11545
28.03117
28.83871
24.10123
25.66576
28.26383
31.40229
33.03847
24.19506
25.74315
24.1481
31.86284
29.01725
31.76989
31.86029
22.56034
25.25299
22.35778
22.48394
42.61155
33.11714
26.53524
30.70935
25.73657
27.8417
25.73973
33.53483
29.94902
30.53742
31.59991
26.79581
27.45972
29.32994
31.01424
24.5509
20.85799
37.14923
28.01455
27.86618
24.67421
21.28221
25.67912
25.27651
28.95225
26.55212
26.62837
24.10431
30.34027
33.98244
32.42479
33.35194
25.05484
30.32161
25.4957
26.84904
24.0082
30.70072
37.32375
28.43448
27.97507
27.31877
32.18215
28.3579
29.03116
33.98034
29.88419
37.6983
43.32994
50.90264
26.29197
22.68809
22.99119
25.00473
21.22258
28.62578
32.94027
27.61748
21.42333
24.53107
29.96242
26.39213
28.51097
24.53344
32.11879
28.93409
26.7358
20.18837
20.14755
20.19219
27.15739
36.50205
31.70222
23.70869
23.27321
30.04943
35.9642
27.01846
32.63694
35.88994
33.79109
33.30848
38.54943
29.84122
30.49277
26.34343
24.67945
31.06582
24.83367
29.33157
41.55029
39.28586
32.83005
31.24857
26.90506
24.49462
33.29012
37.47228
39.05062
39.08695
24.32211
19.26255
14.09229
22.11576
21.79695
22.86966
22.6846
24.20195
25.17017
18.41587
31.377
29.83344
29.12378
35.82883
28.04497
37.55687
38.00672
47.63699
22.97
18.85445
26.2002
32.31617
30.21437
38.63789
29.13382
24.98302
26.39389
24.7194
27.79681
27.07063
23.60589
22.12902
28.78395
30.89724
24.35437
26.79763
42.40165
36.57592
28.13216
22.59737
27.88843
21.87289
20.80839
23.28704
26.33984
39.40989
28.3525
27.41338
32.33401
22.78088
25.79603
24.46906
19.62534
23.28736
24.87328
22.90899
28.47291
29.04796
31.02362
30.91924
18.24713
26.28829
21.58942
22.55548
21.67141
26.54327
28.4065
25.53531
21.68334
18.66469
17.68313
24.21349
21.75574
24.73525
17.60854
29.90731
27.23481
26.55656
28.99102
30.603
27.71335
26.63124
26.92375
29.23923
30.10504
22.84201
22.35097
21.38482
21.91848
26.04583
26.40992
28.32353
30.87564
29.80705
35.44309
28.53149
25.94548
24.06765
44.41739
29.90595
24.30927
19.86156
20.08644
27.22199
16.65307
28.11321
30.31175
26.79768
24.60481
31.67126
36.86326
38.25501
28.03183
26.50073
38.85975
39.60227
31.60069
25.06034
32.76989
21.93497
30.6117
32.43205
28.60876
20.82137
29.70805
24.23233
23.93968
22.70031
20.69236
24.41163
26.74085
26.63578
32.61526
24.62392
28.28069
19.20064
18.0487
16.11381
19.17814
25.57405
30.38586
33.57434
32.72943
18.8438
17.91125
20.07959
30.23125
27.24429
39.18976
39.00855
38.14475
40.37012
26.03224
25.68603
35.52756
29.34429
26.43627
20.29859
17.10444
16.3403
20.45389
22.53436
27.78974
28.84864
24.65056
20.98712
28.64354
38.31484
32.49031
33.69959
34.66032
39.65026
39.35265
34.06232
36.89244
35.41701
26.3106
29.25965
27.51458
29.50606
25.19518
24.30563
26.48365
20.68687
24.62518
22.54264
17.86276
24.67679
27.23001
26.08482
32.90415
36.68884
38.18004
35.55212
33.46358
32.59269
29.08473
28.49449
22.88634
27.83029
25.36037
34.5142
29.96754
24.52032
28.5164
25.82069
26.12445
30.18157
21.73843
26.7728
37.29574
30.62334
25.13158
27.76445
25.101
22.1773
28.92902
31.12774
26.50448
27.41837
22.73067
30.444
25.79725
26.95919
31.71267
26.0069
28.28355
31.48581
26.29073
26.74747
24.18846
29.25454
21.96508
25.41467
38.83417
29.86725
32.59059
29.1065
32.53522
23.57639
28.36161
27.48222
24.83454
20.58548
21.95752
24.4602
23.10532
27.67455
32.94852
25.48806
28.87234
22.89101
22.56328
23.55821
29.99292
31.82395
29.14294
25.14255
37.17139
31.8514
26.17828
28.30806
35.11893
30.77255
35.50917
22.62786
23.88073
26.06559
38.07416
46.07159
38.46902
35.61044
37.47599
32.96902
33.45654
31.91303
31.25273
31.3459
39.58182
30.50532
27.61147
30.38845
31.20433
23.62887
30.75273
29.41561
26.64821
30.43409
32.55375
21.76139
17.60917
21.37142
23.77653
23.51507
28.48523
27.14171
27.14597
22.95234
18.11121
16.92267
23.00529
19.40048
24.71973
23.65591
26.21695
29.94473
25.5
29.98098
36.77015
24.58277
30.01551
28.00016
37.25634
26.89211
33.94679
35.47663
32.39309
23.33793
32.11948
23.56814
31.6892
33.06379
25.46816
26.92615
24.28791
24.34033
28.67859
23.38918
24.26486
26.26819
25.51244
39.28879
33.84474
31.8022
23.78359
30.13188
31.89938
32.18405
18.50315
17.24493
19.79759
23.70132
26.44817
20.79068
25.59911
25.33021
28.29201
30.59364
35.67785
27.76974
32.96105
31.19713
32.72339
36.20532
28.07967
26.05671
22.11683
18.53154
26.06619
21.14166
17.58705
27.63878
24.56429
26.66919
27.11933
26.8336
28.729
24.32731
15.10037
15.92102
19.54292
21.8141
21.69611
27.66925
29.53371
34.14537
25.41293
29.12575
30.53893
19.30382
19.57615
27.68215
24.08746
17.32038
28.53827
18.95083
23.67444
26.32314
28.22272
24.88017
24.32179
21.22079
27.19704
26.43701
21.90164
19.86508
22.44608
18.54498
22.59271
18.32274
19.04242
27.21735
35.15559
37.14467
33.51314
35.16718
33.4836
34.29186
26.3321
20.7174
23.06923
29.06553
26.86406
24.6639
31.85508
26.95992
31.42393
34.46629
34.99429
20.90704
21.91618
24.22029
26.15031
38.78264
32.94057
40.11628
27.39639
31.45672
32.73024
24.12832
27.06071
34.30928
31.50733
29.36224
27.72474
20.81678
22.1742
30.75506
28.76201
31.06946
30.92525
30.05167
29.80261
31.89465
23.99646
33.94061
31.44239
30.05593
31.86275
30.85085
26.22288
35.5948
30.18528
35.18079
28.55552
27.14316
24.05866
22.19997
25.92551
27.67867
41.10761
28.2176
32.92605
26.31017
28.30201
24.81202
31.20109
30.47813
23.60986
22.95143
31.62175
36.53016
22.91679
22.84526
23.73096
31.63998
28.35794
31.86027
35.01281
35.02663
34.1973
27.78031
21.89163
25.12033
29.26079
31.82149
30.95299
26.63589
22.89581
21.89338
19.39338
20.70547
29.13601
27.21414
31.57822
25.08845
30.09445
31.74524
29.1649
22.19327
27.83628
31.98523
22.28914
20.5403
26.6177
27.86849
31.88256
24.94811
32.14284
28.23698
23.28679
33.47798
30.61106
24.82218
28.78084
30.32148
18.22895
22.94344
23.77082
20.15171
17.17565
18.85237
21.38571
21.9765
24.93253
17.01294
15.99497
18.18284
16.93441
14.86988
21.62935
19.51613
22.635
25.36034
30.16226
31.71371
29.41549
33.5232
29.08827
28.50221
25.25464
31.05852
32.88914
28.31191
22.05313
28.36769
32.2433
44.40289
30.50107
28.99397
29.75608
26.46925
23.70995
32.75194
25.36485
22.70203
22.71427
21.18827
19.81429
17.0731
20.87747
25.47136
24.9615
26.68168
29.65616
40.96222
25.7104
33.79534
31.08706
32.76783
31.8505
27.32337
31.68527
26.20953
25.70862
22.70876
26.97173
34.96114
32.3178
21.14827
24.94663
32.78779
41.58089
34.36565
36.43744
29.71962
34.68306
34.62911
31.48542
24.39519
44.81416
35.58708
47.21418
31.15668
28.3508
29.33157
26.79945
32.31365
32.27234
31.92856
26.0453
28.37005
28.56238
26.81205
32.90522
30.87077
30.67928
25.51262
25.97043
26.81331
28.16387
31.23487
26.27134
24.91053
25.39514
24.04087
24.9363
34.33865
40.14429
32.17734
29.83549
30.38952
29.21786
27.4272
21.99822
23.41403
22.40372
21.06964
21.2148
36.71162
29.14578
36.46105
31.65487
25.58919
25.77533
17.15449
16.29521
24.10066
25.06984
24.98007
28.27813
34.4892
37.96921
35.3744
25.62893
30.23513
26.97873
28.11123
28.53142
33.39485
27.7675
30.25099
22.0859
33.88683
32.11966
25.51413
30.13445
31.71974
22.87207
16.63817
28.23243
29.54179
23.59528
27.66468
29.34455
23.5139
21.94132
24.00707
20.86591
26.63283
31.03868
26.34477
29.41958
25.43144
25.01428
18.09439
17.7689
17.5566
21.19356
23.00423
26.51031
30.38416
24.79688
28.52483
28.32224
23.75915
25.17981
22.55896
30.07886
38.93037
36.38894
25.73852
29.88239
26.10815
18.12817
26.93792
31.90691
26.5036
26.50167
30.22643
24.94716
22.21726
21.7717
34.72125
32.22288
27.51138
29.09315
28.42978
41.22559
23.18619
32.72636
37.73836
32.86859
31.72055
27.27204
25.69356
25.37816
28.88582
29.38999
28.20035
24.97754
18.49761
20.04002
24.57064
24.6651
23.39311
25.61535
25.95438
26.03406
22.41573
22.23582
22.7268
21.91049
21.78114
26.49745
21.80734
22.22948
22.50772
26.41653
25.42809
25.1086
27.60613
22.97125
29.51468
23.3706
15.32604
13.29301
13.8343
15.18452
20.19799
26.98088
24.25013
25.02645
35.12595
30.54652
31.67206
25.45732
50.54092
38.13406
33.07962
20.78721
31.04994
33.24632
29.24405
29.61018
24.55108
35.3981
37.4488
34.641
27.86148
25.25238
22.88705
24.45419
25.99697
32.48158
28.09071
25.1899
25.03909
37.10783
42.75049
28.07247
27.71492
23.75777
24.51216
21.08316
22.87616
21.74419
32.2989
30.16868
32.8554
26.35654
19.50404
28.37501
32.05916
21.91713
28.13757
23.95764
24.11276
22.1487
22.56706
20.66432
17.28285
21.10868
21.23554
19.41702
18.11146
24.16333
21.99425
31.99594
18.70485
20.10764
20.73702
22.90857
25.71735
20.81667
26.67119
26.66426
28.11877
31.93596
31.21251
38.14882
24.49324
23.4223
26.4096
21.39264
28.30132
24.41602
18.86507
28.08874
29.27499
25.40486
21.97122
29.99586
29.15738
28.32141
28.28207
25.55523
30.9354
29.39925
34.99576
27.23302
25.54812
25.99157
28.75952
28.81998
27.48541
27.47128
27.64894
38.24768
28.82849
30.08022
27.86757
33.58481
32.85279
32.5482
26.249
28.79556
33.22492
21.80232
26.01371
20.14441
16.65892
19.40836
19.76039
26.9754
27.91189
22.94644
26.94027
18.90302
16.41875
15.30547
19.47327
23.31363
19.12184
25.95637
21.34538
22.66149
24.03302
23.70811
24.33875
35.15969
25.85353
25.65721
22.17439
16.69949
23.8152
21.71402
28.65117
27.02135
29.92012
32.08854
38.64633
36.55623
33.47528
28.13225
28.08752
28.50964
23.24725
22.84567
23.91586
17.2681
19.70951
18.03545
16.78255
17.04988
15.94554
15.81104
11.87274
9.619103
12.88799
13.80555
16.28601
18.54599
17.36549
20.87284
29.63753
27.57292
24.84929
23.70309
29.13664
25.3675
31.5718
35.03186
29.38499
29.22044
36.86592
28.92742
33.16602
36.79866
32.72711
30.3494
25.30542
22.79891
32.7514
27.34547
31.02526
32.14922
31.53587
25.2491
27.07292
31.49979
22.77675
35.56275
26.85626
21.59442
18.90476
22.93955
23.76116
24.25693
25.20199
32.92355
30.09584
34.88602
41.51746
32.35633
33.89956
23.3901
23.84045
26.10045
29.80045
25.08258
33.79275
32.64412
25.05452
30.91581
33.70078
36.87593
32.64832
28.50916
32.60924
29.87002
31.95886
25.73511
41.58158
28.66006
31.03495
28.69953
28.68238
35.10902
23.12028
22.72093
25.00036
19.95655
38.72862
26.29333
29.41482
28.17429
30.49331
24.52773
17.04936
18.65198
21.38301
24.18368
25.6011
31.54867
23.52626
33.12066
32.89549
26.02961
24.45054
29.92277
29.59061
26.22937
22.12853
22.74096
21.61345
33.56711
28.50422
30.91514
16.8089
24.86578
27.57363
23.20104
25.26328
25.52534
21.84035
20.54971
19.76723
16.9672
28.85228
25.73775
30.05536
21.08877
18.29284
21.26219
20.59521
21.08079
30.25928
25.3243
26.94323
26.26131
28.13735
27.07639
22.17357
19.69901
20.98532
19.4152
22.40807
19.88558
21.21531
22.70204
25.55955
31.91616
37.80708
26.98902
24.18811
24.95785
20.19023
19.9533
25.98692
32.68016
38.27607
27.17887
31.68221
34.08472
23.90194
23.64587
23.39945
26.72504
16.42365
16.31967
15.16397
12.98224
14.98428
16.84629
17.16187
21.24128
23.89574
28.96981
23.8208
22.40897
22.36156
31.67337
29.45665
24.44496
26.54849
34.95403
33.11762
25.08308
23.99232
27.19157
31.13165
29.49075
23.85784
25.55371
26.2416
20.60712
28.3881
26.47875
30.10061
33.56764
30.63563
30.26236
31.59211
26.83798
27.99222
27.29465
32.73626
22.27525
30.27313
26.41439
27.49367
29.70794
28.14918
38.12918
25.10158
28.18833
25.61378
26.36225
21.18245
24.37173
28.05569
34.48099
36.39931
25.60212
22.81068
20.81672
33.61579
30.21073
22.28411
23.81122
21.21755
27.21235
20.91045
27.23837
25.67504
29.0802
33.84135
34.90607
25.78856
36.34249
23.00536
25.40344
20.14923
12.06702
18.91395
20.38861
20.02272
17.62237
20.50206
20.91665
18.39895
25.43407
25.98952
29.64897
31.75515
28.61425
25.947
35.33944
33.58303
28.28307
28.73623
28.85869
37.438
30.7494
28.81001
25.00261
22.86351
21.14356
26.95289
31.11135
26.3028
29.43037
21.06518
27.37361
24.51287
21.2895
20.65722
27.24129
30.59726
34.91265
31.7278
35.37098
36.2538
21.26423
24.39887
21.22919
18.8096
31.60721
30.53783
34.54087
35.03746
36.82777
34.51118
27.63766
28.37408
21.66496
21.97924
27.1612
25.59798
32.71668
30.8615
31.16513
33.74884
28.39971
34.57913
29.20949
35.03928
29.34401
22.91322
29.00022
26.73212
25.84197
24.19897
22.45914
18.66314
25.82587
18.10275
18.27738
29.47659
39.27538
37.73989
39.5105
47.81863
40.65853
27.2973
33.50014
32.21756
28.49649
28.08349
27.54518
26.0315
23.96942
24.72164
22.99375
35.42366
26.94926
23.96152
22.53214
24.15112
22.84812
32.27872
25.86108
24.14807
28.32105
24.52321
21.36861
21.93962
32.16541
30.45719
25.0229
32.34699
30.5234
27.38228
25.24877
27.88416
25.5209
28.02166
25.21601
24.1167
22.19898
22.41389
29.03944
35.61997
31.25438
32.93421
31.6428
36.01663
28.66318
28.21776
22.62246
21.47218
15.58752
17.17758
19.75762
18.78539
21.7488
26.73483
27.72712
35.62354
32.70363
36.02445
30.38982
31.59008
26.52728
23.07292
21.43024
36.34103
26.3609
27.24405
28.94509
18.6811
22.96011
22.97679
27.77988
29.03853
22.16353
23.43157
25.20888
27.40478
37.74039
35.76035
29.49733
26.97271
21.45228
22.9574
19.05585
24.15047
24.99972
24.84949
28.81694
22.22364
21.28597
17.37637
15.11093
16.59402
20.67615
22.87694
16.19207
21.87942
31.58755
37.73905
34.28386
27.10992
24.72397
28.4096
29.49341
23.1114
23.01162
26.74042
27.46039
29.38047
22.10256
19.98138
17.85657
15.63469
18.50954
19.77215
20.8462
20.80311
28.69916
20.98947
24.08118
29.19297
25.80695
22.60006
26.622
26.48532
41.81269
28.21317
44.55703
27.74665
25.25786
26.8886
35.94021
28.59795
28.63484
26.19294
28.28968
18.25452
23.79855
25.21861
34.1264
36.87453
28.98139
25.66644
20.00132
19.6335
21.19364
16.78233
22.94437
20.504
20.68366
22.38584
26.06437
20.75165
22.97157
28.04366
35.03572
36.21388
43.11966
32.34597
30.89184
20.91002
28.05749
22.67098
24.44297
33.44299
26.10291
33.03512
35.10944
34.01385
35.03596
32.6389
28.14253
30.7706
26.84208
26.0362
26.17193
19.40007
26.17332
21.04917
28.13777
27.35991
29.36377
28.42675
26.81433
19.44139
17.98597
34.22058
34.89822
28.46523
24.99075
23.90175
29.24829
26.15573
26.18196
30.49775
29.31045
28.47176
27.56031
19.05616
21.68561
16.31103
21.74272
30.6398
38.94926
41.63412
32.01697
27.19186
29.01111
22.77778
25.34402
26.35094
20.02964
25.16405
21.80326
17.28791
29.26245
28.91642
30.4528
28.00429
33.22239
28.3016
24.75274
25.78789
26.48612
18.90227
17.01723
23.55365
28.9197
29.74222
19.24679
25.56435
