factor(envID)4 factor(envID)6
-1.354951 0.146382
-0.7728205 0.6698663
-0.1300016 1.00353
-1.055362 1.001928
0.1903701 1.543653
1.43657 2.24306
2.21961 2.915918
3.11877 5.733305
1.919332 4.828796
2.349319 2.998522
1.472614 3.961671
2.394057 3.172395
4.276873 4.0943
4.22145 5.383927
2.545692 4.70199
3.269576 5.2913
3.803124 5.641693
3.451486 4.762032
2.157033 4.257283
1.973545 3.754551
1.732396 3.045196
1.62831 2.727174
1.202558 2.624359
2.380186 2.738613
2.030361 2.852303
1.169211 2.313651
1.478607 3.534259
0.8916828 2.904928
2.695901 4.127921
4.160318 5.152417
5.399968 7.052857
5.948063 7.428643
5.611754 6.325378
5.580278 6.35425
6.146084 7.461869
6.683353 7.641139
6.380299 7.828692
7.05377 9.172047
7.708896 9.462203
6.626124 6.986008
5.121302 5.985464
3.969661 4.608355
3.576079 4.9674
2.980255 4.680082
3.721012 5.002318
3.754309 5.519974
3.590221 4.383997
3.981261 4.308181
4.841119 5.248687
3.776234 5.96659
3.776132 5.749399
5.059402 5.555973
6.507111 7.417766
7.446756 7.867941
5.472218 6.509902
7.050485 8.289802
6.603586 7.454057
6.881132 8.294699
6.22457 7.447715
5.836789 6.683309
6.05663 6.161871
5.020758 6.867406
4.299402 4.843127
5.149665 6.40329
3.95613 6.089745
3.091278 3.832414
3.283998 4.316023
4.417037 5.540081
4.02911 5.476194
4.339138 5.763484
6.091142 7.410985
7.109045 8.542119
7.210442 8.886001
5.104492 6.813333
5.054425 6.064278
5.486931 7.270892
5.945661 7.612407
5.554872 7.008228
7.896226 9.042557
8.196132 9.291587
7.900552 9.182282
8.489258 10.40619
8.895514 9.995666
10.0108 10.68344
10.02711 10.73016
9.265271 10.91477
9.932484 10.80898
11.66843 14.0345
12.10566 13.95832
11.72534 13.00569
10.63909 12.47099
10.99679 12.37687
11.94561 13.21032
11.24314 12.63934
11.86852 13.1258
11.96216 13.38626
12.12448 13.56508
11.96494 13.69143
13.53515 14.56229
13.53755 13.99226
13.23523 13.59429
13.09632 14.01221
11.32656 12.29317
9.152573 10.59973
11.29562 12.46022
11.70797 13.62383
13.76074 14.59905
13.83517 13.34737
11.67392 13.33523
12.59881 13.59028
13.24977 14.85178
14.38505 16.66062
15.16276 15.89098
12.91928 14.83089
13.69048 14.63575
12.38102 13.76064
12.41903 13.76139
13.2209 14.11489
12.547 13.61926
10.8116 12.28153
10.69065 12.26826
9.954979 11.17418
9.947792 10.77846
10.58529 10.74331
9.77603 10.93101
10.06908 11.68137
10.17184 11.55487
10.84152 12.00392
9.133419 10.92132
8.090992 8.710532
7.630832 8.740589
8.036069 8.870069
8.746841 9.444783
7.333925 9.375929
8.986346 9.826715
10.82475 11.06757
9.72939 11.21579
9.167033 12.03144
10.76379 11.51071
11.95288 13.0806
10.91918 12.32758
12.27893 13.36047
11.96885 12.57636
12.369 15.41546
13.15038 13.75062
11.98323 12.92294
12.43076 14.15923
12.53014 13.43124
13.4228 15.34349
15.59553 16.06766
13.45157 16.23402
14.11931 14.26613
15.33038 16.0764
16.21144 16.93179
15.41446 16.2862
14.49529 16.12981
16.44381 17.26364
14.82181 16.65236
15.7135 16.75751
15.09198 16.76508
15.21652 16.77023
14.58967 16.2593
14.65726 15.5349
14.21714 15.38475
13.9157 15.80663
14.81573 14.64079
13.44772 15.68404
12.79287 13.74742
13.60195 13.27066
13.6884 13.77396
12.77717 13.67208
13.22343 14.07241
13.02058 14.36859
13.04393 14.42518
12.84458 14.29971
11.22039 13.52345
13.05046 13.48493
14.16746 14.76364
13.26419 14.65775
13.52499 14.86609
12.76624 14.47742
12.79871 14.19323
12.28363 13.93549
13.26357 14.35245
13.33629 13.7566
12.03546 13.24026
12.09174 13.92595
12.73715 13.93925
12.56306 14.35299
12.86922 13.23043
12.17674 13.82525
13.28236 14.14857
12.91403 13.80162
12.67429 14.00225
13.11758 13.81235
11.11813 12.499
10.76461 11.61469
10.10439 10.82218
10.65983 11.26892
9.664714 10.94192
8.845361 10.95213
7.364379 8.382022
7.636539 9.840432
7.157125 8.495589
5.79633 6.137225
6.755909 8.225405
7.635966 9.250386
7.199345 8.503657
7.158753 8.314492
7.575758 8.793342
7.379351 8.223222
7.16038 7.979562
6.510054 7.689853
6.526723 8.235554
5.79091 6.798431
5.388926 7.014963
5.450471 6.753378
4.780418 6.68895
4.827284 6.200937
4.069698 5.168679
3.904459 5.429667
3.497818 4.243776
2.968112 4.056499
0.9602032 2.68827
1.66255 2.496933
-0.03600981 1.133718
-0.08814645 1.429814
0.7159826 1.073811
0.7600873 2.165716
1.920112 3.012019
1.09043 3.298306
1.77984 3.04793
1.695304 3.325748
1.680147 3.513607
3.05082 4.156989
3.268876 4.797514
4.19072 5.500632
4.967416 5.57062
4.627083 6.589966
4.781213 5.500264
4.028628 5.261933
4.020508 4.173265
4.434222 4.721022
6.499288 7.555501
6.363976 6.736508
5.971288 6.90723
6.0907 7.023814
6.585849 7.822898
7.281862 8.529043
7.774634 8.162352
7.288456 8.305863
8.511592 10.11038
8.900178 10.50181
10.19074 11.46907
10.3627 11.74793
9.343175 10.42829
9.573181 9.74759
9.244606 10.27151
7.961522 10.20805
7.50323 9.590225
8.301877 9.253368
8.237976 9.451152
9.403415 10.72485
9.002671 10.54253
10.42132 11.60976
10.44121 11.76486
10.07857 11.7652
9.861394 11.6879
11.46628 11.95077
12.39892 12.97436
12.17181 13.56389
13.14415 14.38633
13.05334 14.32855
12.99897 14.21087
12.83662 13.7556
10.66138 12.63738
11.05208 11.63942
10.33939 11.38908
9.255247 10.67229
9.009581 10.2247
10.38532 11.27773
11.05839 12.51555
12.56569 14.01032
11.53208 12.43158
11.80704 12.39457
11.63453 13.87623
10.61789 12.39765
12.01388 13.07344
11.37742 12.95517
11.7923 12.69504
11.41482 13.58562
13.37275 13.65435
13.76481 14.38922
13.64677 14.95158
11.89366 12.3807
11.17236 12.12552
11.59762 11.60031
10.16233 11.74653
9.423582 10.27438
7.886217 9.459918
6.716014 8.712546
6.390736 7.907975
7.070524 7.93935
6.99663 7.088188
7.59019 9.07131
7.977839 9.671431
8.62331 10.24226
7.898622 9.62426
8.747077 10.00598
9.339048 9.33169
6.992109 9.544614
7.917031 9.504823
8.493769 8.701844
8.268173 9.624576
8.000369 9.708524
7.461337 7.773047
7.249857 9.336068
7.680459 8.289727
8.106522 9.279107
7.751157 9.330095
8.42137 9.490475
9.58317 11.35543
8.499365 10.1523
8.589594 9.33315
9.910653 11.56032
9.033207 11.44615
9.351357 10.26327
9.199575 10.64124
11.1205 12.02877
10.64274 11.3671
9.539035 10.61627
10.39484 10.90849
10.58646 10.62726
8.922076 10.55147
9.531841 11.26505
11.24033 12.31559
11.2649 12.19039
10.3165 11.3079
11.29391 12.29203
10.95857 11.50593
10.35567 11.45149
9.59597 10.94811
8.823364 10.188
9.054046 11.30391
9.195987 10.12498
7.116318 8.074146
8.70716 9.683092
8.686752 8.347327
7.153543 8.14108
7.501996 9.276977
7.627996 8.862101
7.911043 8.974591
6.19577 7.905027
5.917146 7.615282
6.378953 6.50745
6.704114 7.525581
6.613294 6.674074
5.340427 7.324402
4.859505 6.553603
6.337986 7.66457
5.245538 6.082427
6.373752 6.778464
7.044672 7.611127
7.034338 7.514307
6.455547 7.580803
5.021958 5.858087
3.87408 4.78873
4.015348 5.55935
3.706807 4.303185
3.6711 5.944384
3.791345 4.910085
3.53419 4.684133
4.183962 5.835087
3.393494 4.587604
4.595662 6.096494
4.264096 5.286082
3.163445 3.999516
3.080625 4.773504
3.054567 3.593335
1.767855 3.085097
2.989857 3.455785
2.8682 4.144159
3.43636 5.4383
3.41122 4.575808
4.146011 5.186358
4.23866 6.966257
3.535642 5.320252
3.644493 4.206036
4.017146 4.749133
3.176708 4.417673
4.051207 5.167712
3.88931 4.776736
3.473978 4.939368
3.455941 4.76538
4.263208 5.538402
4.594092 5.85688
4.419918 5.456849
3.919193 6.304148
3.864679 4.748139
5.656061 7.376733
5.938305 7.213914
5.769644 6.400433
5.995092 6.168602
6.338278 7.833355
6.311521 7.421163
6.321094 6.843469
6.047601 7.574858
6.741665 8.709508
7.106877 9.08151
7.046201 9.472028
7.433249 9.604944
8.354382 9.060076
5.360158 6.656174
5.773832 8.23717
5.203259 6.26325
5.380784 6.502859
5.564356 6.95359
4.76072 6.669763
4.431508 4.669813
3.239519 4.540195
3.379613 4.670612
3.702358 5.198958
4.387941 5.088532
4.77132 6.368557
5.764721 6.505841
6.681471 8.433792
7.587137 8.700681
7.339392 8.768025
7.084537 8.949282
7.858032 8.66145
7.746022 9.414571
8.903699 10.30158
9.073511 10.80675
10.15965 11.50838
8.75991 9.887397
8.474281 9.312896
7.27222 8.967872
6.268512 7.396578
7.402878 7.442588
7.040122 8.318185
6.785763 8.027602
5.056953 6.95477
4.250928 5.43438
2.217585 3.459889
2.555404 2.993314
1.123781 2.197311
0.8654561 2.037814
-0.6464455 0.6090776
0.6456037 1.32804
0.3622999 1.739591
0.3808599 2.019405
1.566016 3.344421
-0.08740558 2.203642
2.140275 2.434053
2.401218 3.452682
1.834138 3.836071
3.267004 3.10956
1.258357 2.240668
1.887337 3.505162
1.970415 3.380047
2.432791 3.35785
2.392031 3.561815
1.659074 4.167876
2.900778 3.33665
3.080784 4.173453
2.239043 4.036061
2.036881 3.864022
0.8575685 2.663527
1.142769 2.444416
1.31813 2.867794
0.1300931 1.928235
0.7921972 1.995691
1.552605 3.607216
0.8536789 2.471087
2.906886 4.196982
3.335216 4.355987
3.410146 5.504421
3.408578 5.49227
4.05034 4.191802
3.952207 4.466662
3.703057 4.968115
3.495915 4.810648
3.690539 4.015525
5.101637 6.058817
5.828148 7.027371
5.119721 5.782615
5.107434 6.697861
6.877028 7.763366
5.851004 7.254825
5.13329 6.896616
7.893358 9.234614
7.291505 8.797842
6.845954 8.13071
7.994547 8.113966
8.067611 9.186903
7.738885 9.323719
9.552737 9.100105
6.657269 7.17635
5.603901 5.799627
4.399953 5.74315
3.118425 2.969678
3.347344 4.149375
4.279211 5.156538
4.889009 5.934233
2.548972 3.923986
1.903818 3.137561
1.445048 3.089442
1.735391 3.019903
2.642226 4.225704
1.369965 3.574616
1.039995 2.044164
1.032609 2.504394
1.055416 2.289809
-0.06286392 2.581038
0.945324 1.894638
1.283169 1.901186
1.28273 2.094516
1.040527 2.046685
0.05767544 1.23341
0.5620621 2.136135
0.6918662 0.4697433
-0.4389749 0.6240671
0.7215735 1.319847
1.982454 3.208851
2.56094 4.484492
3.229853 4.763993
3.915533 4.862847
2.915531 3.819314
2.912651 5.165417
3.948541 4.85331
3.791623 5.141645
1.973462 4.76293
2.786473 3.309799
0.6115921 2.376156
0.01725791 0.0656786
-0.4250302 0.8207095
-1.800116 -1.023027
-1.566881 -0.8220012
-1.91998 -0.3169396
-1.933963 -1.431767
-2.319547 -0.04009905
-1.41178 0.1281965
-3.351909 -1.9896
-2.899357 -2.121892
-2.399392 -0.6098435
-1.589852 -0.9430951
-2.367329 -0.9389094
-4.774296 -4.500239
-6.112991 -4.479369
-5.962077 -5.044879
-5.462505 -4.308959
-4.88086 -3.05565
-4.417859 -4.017676
-4.216908 -3.538982
-4.181108 -3.104248
-4.192956 -3.32407
-2.853796 -1.773893
-2.677337 -0.9091767
-1.968184 -0.9837747
-2.263715 -1.276401
-2.244351 -1.385741
-2.237237 -1.144299
-0.942893 0.1636231
-2.40354 -0.2419642
-1.759501 -0.3681595
-2.496749 -1.427446
-2.598226 -1.29073
-2.57942 -1.3007
-2.192591 -0.3976167
-1.290772 -0.140087
-3.074848 -2.868147
-3.577969 -3.066958
-3.952506 -3.161287
-4.784422 -2.47
-5.072791 -2.907146
-4.866183 -4.024475
-5.021615 -3.344716
-4.238927 -3.003279
-4.884092 -2.8703
-3.651786 -3.072264
-3.944065 -2.201722
-2.852134 -1.576742
-1.276546 -0.4196969
-0.8674211 0.6601987
-0.6453721 0.601895
-1.191649 0.07916912
-1.428088 -0.0543
-1.010906 0.8679683
-0.7547081 0.1864674
-0.4285454 0.8224401
-0.8799604 0.1698435
-0.886817 0.3932663
0.17728 1.461775
0.32302 1.84158
-0.5102006 1.55276
-0.8822467 0.5172448
0.7056481 0.8789653
0.0784863 1.14788
0.3365601 1.949726
0.7589452 1.710622
1.183786 2.372769
2.050909 3.57628
1.310384 2.94005
1.165704 2.301551
1.54947 3.247816
-0.5248866 2.431455
0.6841623 0.5021624
-0.3779682 1.003765
-1.490334 -0.7870486
-2.496721 -1.525757
-1.790434 -0.9961795
-1.942784 -1.025109
-2.224273 -0.9599105
-3.798334 -1.486153
-2.972302 -2.067614
-3.796896 -3.063226
-4.692276 -3.733585
-4.74906 -2.645171
-3.988998 -2.929334
-3.116801 -2.317018
-3.704359 -2.380318
-3.47857 -1.692731
-4.77526 -2.664534
-3.920388 -2.174462
-3.903218 -1.998622
-3.204781 -1.938806
-2.224571 -0.9593952
-2.202531 -1.66968
-3.112425 -1.595175
-2.784155 -1.721507
-3.512191 -2.021873
-3.70655 -2.636431
-3.649879 -2.806833
-2.790463 -2.747738
-3.594353 -2.023699
-3.32437 -2.299928
-3.44765 -1.974782
-2.576162 -0.7699599
-0.6533942 0.7897136
0.8447172 0.7914274
-0.1129245 1.826934
0.2171296 1.463389
0.5025851 1.863712
0.8276438 2.603793
0.4023679 1.624469
0.383734 1.443709
0.0744717 2.036739
-0.1808405 1.276548
-0.3875687 -0.1324713
-1.022034 0.3601633
-1.242585 0.000690245
-1.27499 -0.5897063
-2.19943 -1.41855
-1.512241 -0.5520994
-0.4675601 -0.2126436
-0.4459921 0.8686111
-2.203497 -0.2229104
-2.229377 -1.216441
-1.220348 0.2305259
-0.8781194 -0.4669506
-0.4368832 1.073732
0.5211816 1.955335
0.919438 1.735317
0.5173539 2.446862
1.58119 2.017288
0.2680222 2.668841
-0.7173788 0.9680595
-0.5398622 2.229285
1.972095 2.912828
1.654252 3.729916
1.527486 3.240536
4.825227 5.111778
5.792331 5.990546
5.231329 6.82906
6.07309 7.260672
5.285164 6.905757
5.055373 6.124007
4.182322 5.503646
4.147261 5.552568
4.572388 5.579244
5.223139 6.173655
4.78957 5.949031
5.351777 6.073985
6.17958 7.929317
7.189936 8.628488
7.488421 8.60872
6.316982 8.345601
7.301339 8.338482
6.291713 7.603148
7.253585 8.804338
7.064923 9.146945
8.899736 8.936518
9.448349 11.14496
9.262918 10.13654
9.643255 12.02792
10.10433 12.06416
9.321185 10.81116
9.368944 10.41564
8.714251 9.809037
9.488378 11.33918
11.33347 11.15485
10.28527 11.35705
9.810455 11.11565
8.63235 10.20638
7.65486 8.691278
8.00191 8.781923
8.400021 9.760629
8.16518 9.601672
9.98967 11.452
10.28742 11.67513
9.772579 10.60096
9.319653 10.29416
10.43108 11.85923
13.00533 13.58839
12.47225 13.90585
10.28569 11.42834
10.09987 11.52783
9.655482 11.30154
8.944913 11.13177
8.647752 9.859494
8.8578 11.10074
8.435548 10.47499
8.099091 9.697802
8.86586 8.447189
8.310201 10.37786
7.06257 8.572035
5.925737 7.348397
5.87549 6.546464
5.602872 7.040864
5.043248 5.868
3.283474 4.123332
3.257249 4.631656
3.312287 5.807336
2.061856 4.223991
3.687522 5.321943
3.391308 3.977199
3.417185 4.943128
3.252851 4.238704
2.397694 3.417303
1.926931 3.106749
2.956277 4.319044
2.956362 3.838404
2.839979 4.378193
3.432983 4.749115
3.577083 4.887584
2.901087 5.63107
3.561345 3.891892
2.632756 2.996981
2.474257 3.54984
1.023463 2.325319
0.2213669 1.080393
-0.5726357 1.471823
-0.2758624 1.61502
1.242336 2.594229
0.7901332 2.365607
0.395984 0.9450922
0.7398599 1.432059
-0.4659169 1.092722
0.2546328 0.9451443
-0.7150294 0.144516
-1.31683 0.9081207
-1.92898 -0.7873588
-1.405072 -0.960949
-2.486783 -1.740371
-1.599399 -0.6465902
-1.511822 -0.2289479
-1.503879 -1.426025
-1.240903 -0.561043
-3.498127 -2.098693
-4.173699 -2.87874
-3.791669 -2.782765
-4.065465 -2.332928
-4.988275 -3.257629
-5.656939 -5.025872
-7.058361 -5.212099
-7.177103 -5.577085
-5.455032 -4.558615
-4.569927 -3.24815
-5.615232 -5.065037
-6.166929 -5.289592
-6.929499 -6.190496
-7.257943 -5.794772
-8.743869 -7.098491
-9.297056 -8.181703
-9.397511 -7.769228
-8.987915 -8.292267
-9.406248 -8.171199
-9.764025 -9.53359
-9.613674 -8.649252
-9.927528 -9.039427
-10.60883 -9.618785
-10.61272 -9.14902
-10.50144 -10.05701
-9.986177 -9.674445
-9.317858 -9.240308
-9.332582 -8.670453
-9.857116 -8.695106
-11.18461 -10.23025
-11.12106 -10.1569
-11.01208 -10.57432
-11.51755 -10.45525
-10.71442 -10.19564
-10.98902 -10.08646
-11.47481 -9.152812
-10.41764 -9.197804
-10.3855 -9.65693
-11.83416 -10.17772
-10.63804 -10.9964
-10.70901 -9.817356
-11.07648 -9.319821
-10.03135 -8.485419
-8.913625 -7.930568
-8.166927 -6.9335
-7.674365 -6.374646
-6.072355 -5.246863
-5.57192 -4.15281
-5.927449 -5.003539
-6.012571 -5.160164
-5.068884 -3.546152
-3.677038 -3.055155
-3.775578 -2.968424
-4.315888 -2.437391
-3.966029 -2.440321
-4.222667 -4.050475
-3.775922 -2.572522
-4.387181 -3.945776
-6.477654 -4.253121
-5.210916 -4.553372
-4.949433 -3.77131
-4.523181 -3.525618
-4.454886 -3.143493
-4.74352 -3.406088
-5.189768 -3.333151
-4.93851 -3.020288
-3.129804 -1.949092
-2.525627 -0.8685317
-3.060637 -0.7797311
-5.147188 -3.497193
-6.233504 -3.650434
-6.05988 -5.144264
-5.306339 -4.532878
-4.329869 -3.642118
-4.139361 -3.808044
-5.012847 -4.152469
-4.2566 -2.819251
-3.413415 -1.50641
-3.552076 -1.96222
-3.011825 -2.313567
-2.655376 -1.730896
-2.120215 -0.2962486
-0.4855717 0.5545683
-1.412135 0.1516269
-1.584232 -0.06602981
-2.389518 -0.9965034
-2.526645 -0.7584624
-2.287326 -1.471058
-3.23633 -1.599351
-3.663353 -1.834305
-4.593168 -3.515324
-4.972872 -3.840509
-4.130128 -2.259258
-3.516789 -3.291168
-3.89296 -3.206377
-5.404529 -4.242025
-4.421004 -3.176657
-4.455625 -3.060883
-5.210407 -4.444633
-4.863969 -3.492371
-5.339333 -3.498153
-4.769775 -3.23591
-3.035839 -2.749974
-3.988513 -2.616923
-2.778759 -2.479388
-3.409032 -0.8855648
-3.410738 -1.830526
-4.704072 -3.180432
-5.098878 -3.799008
-4.354912 -3.844614
-5.219291 -4.478658
-4.635986 -3.293405
-4.370739 -3.231289
-5.278203 -2.655028
-4.750178 -3.45791
-3.528785 -2.558767
-1.572496 -1.121149
-2.491933 -1.174773
-2.440094 -1.188245
-3.324393 -0.9590158
-2.077373 -0.9893928
-1.825516 -0.2174569
-2.435912 -0.4190414
-2.399835 -1.656409
-4.129424 -2.131955
-3.229184 -2.204175
-4.560327 -2.650711
-4.634907 -3.510089
-5.069122 -4.822729
-5.040326 -3.152215
-5.036513 -4.163148
-4.015775 -2.838321
-2.349237 -0.9024141
-2.913482 -1.36342
-2.048498 -0.8577786
-3.223559 -2.401415
-3.239382 -1.72953
-3.711246 -1.957028
-3.22717 -2.215488
-4.700927 -3.480162
-5.536387 -5.57409
-5.265158 -4.378592
-6.148612 -4.822296
-5.734916 -4.458741
-5.541754 -4.322197
-6.805876 -5.534902
-6.368673 -5.965902
-8.521853 -6.731314
-8.772855 -7.301133
-8.514842 -7.569835
-8.761622 -8.15342
-8.092508 -7.570451
-8.417239 -8.356009
-9.358595 -7.609845
-9.907119 -9.107986
-11.12304 -9.2292
-12.38262 -10.44084
-10.86191 -9.386757
-10.93393 -10.06773
-11.71821 -10.04051
-11.93835 -10.35209
-10.26491 -9.739457
-11.10157 -10.07207
-10.98218 -8.871859
-10.21586 -9.272126
-10.5437 -9.802668
-12.07428 -11.43698
-11.08078 -10.99337
-11.78426 -10.4505
-12.42464 -10.88988
-11.71147 -10.17802
-12.69301 -11.72616
-13.4933 -13.6166
-13.66588 -12.623
-13.50743 -12.52322
-12.67753 -11.43442
-12.27771 -10.9823
-12.57436 -11.36428
-13.19561 -12.28484
-14.53196 -12.74713
-14.19578 -12.28697
-14.29664 -12.39751
-12.7306 -11.54507
-12.11271 -10.84339
-13.10899 -12.00772
-14.61077 -13.03459
-14.53711 -13.7003
-13.9643 -13.6432
-14.02363 -12.70281
-14.14003 -12.51581
-14.23569 -12.29014
-15.26164 -13.87587
-15.74904 -15.07941
-15.37627 -13.82989
-14.52413 -13.87989
-15.4209 -13.39512
-13.76448 -13.31952
-14.41449 -13.56254
-14.74242 -12.88923
-13.71496 -12.99847
-14.27998 -13.13235
-13.65084 -11.89057
-12.25213 -11.85886
-12.25187 -9.920059
-11.03247 -9.628261
-10.68767 -9.18631
-10.02396 -8.536256
-10.77031 -10.09049
-11.05375 -9.307503
-10.22808 -8.121782
-10.04237 -9.302287
-11.20802 -9.119717
-9.64703 -8.746689
-10.41287 -8.864415
-9.965111 -9.115869
-10.51554 -10.06232
-10.89041 -9.86549
-11.61661 -9.139883
-11.25671 -9.024771
-11.67809 -10.90984
-10.81834 -10.5494
-11.4046 -9.865281
-10.27065 -8.787963
-10.55377 -9.586917
-10.04524 -7.768141
-9.219869 -7.80292
-9.286876 -7.75885
-8.094486 -6.685555
-8.136893 -7.748027
-9.101769 -7.485411
-9.539231 -7.876058
-9.831543 -8.746982
-10.30188 -9.216551
-10.83659 -9.017122
-11.45593 -9.905766
-12.00786 -11.29867
-12.38983 -10.88729
-12.26284 -10.89236
-11.81043 -11.70702
-12.378 -11.14479
-12.09627 -10.98026
-13.01132 -11.87964
-13.42847 -11.53286
-13.00762 -12.12062
-12.8634 -11.76227
-13.18893 -10.88194
-11.92633 -11.73329
-12.21318 -11.20272
-12.00039 -10.2932
-10.95081 -9.592216
-9.375256 -8.406574
-8.888646 -7.777651
-7.573638 -5.805215
-8.3392 -6.778634
-8.152126 -7.540709
-8.878703 -7.426272
-9.051423 -7.309297
-8.391875 -8.038556
-8.626197 -7.687036
-8.442112 -7.784086
-7.537515 -5.902244
-6.045453 -4.33072
-6.350866 -5.009303
-5.33206 -3.72209
-4.861438 -4.331403
-3.961404 -2.987514
-2.816951 -1.971146
-2.045535 -1.568708
-2.381677 -1.741679
-1.343493 -0.2121203
-0.8767062 0.2018509
-0.8996268 0.2406897
0.1624244 1.118751
-0.03499958 1.043425
0.5107653 2.760979
1.282574 2.759264
1.542094 2.897315
0.9364316 2.619962
2.260847 3.31257
1.318494 2.487809
1.470173 2.407136
1.68388 3.409063
2.29904 3.34951
1.080278 2.079349
1.180993 2.447791
0.5961091 1.613664
-0.1825208 1.835307
0.6761355 2.027993
1.924772 2.142363
1.912375 3.354994
2.110316 2.297368
2.460721 2.871436
3.276899 4.744097
3.419838 4.46536
5.997393 7.065011
6.348473 8.165604
6.292681 8.285301
6.388507 7.89588
6.516961 8.022973
7.024039 8.304564
6.833048 8.473875
7.942376 8.759349
7.812152 10.15927
8.465607 9.738583
8.020555 8.030895
6.316932 8.803672
6.489054 7.925555
5.91737 7.13942
5.578489 6.915096
6.965005 7.344834
8.064247 8.522378
6.615622 8.037532
5.837903 6.200636
4.926821 6.940894
4.951669 7.249046
4.945915 6.626384
5.59213 6.793955
5.745834 7.250699
5.856237 5.921512
4.839749 6.616009
6.438342 7.204014
6.324466 7.181501
5.293038 7.457632
5.939911 7.12679
7.200024 7.389252
5.888698 8.353236
6.577655 7.025334
7.658241 8.385742
6.792652 8.620093
6.170337 8.374716
6.200614 7.642651
6.274132 7.816872
6.198571 7.205933
5.801978 6.139769
5.698908 7.132438
5.90083 7.596311
6.524035 7.396896
5.776993 7.664959
5.95194 7.611847
6.702645 8.099513
6.944428 7.246661
7.969189 9.089796
7.741486 9.260881
7.608737 8.847146
6.122156 6.708448
5.991517 8.007591
6.032544 8.581169
6.186427 7.045355
5.30263 6.480356
4.035799 5.177075
4.148321 4.463926
4.44189 5.5547
4.172528 4.827814
4.632017 6.514947
4.819775 5.737893
4.865187 6.258175
5.058074 6.808986
4.470681 4.863254
3.254872 5.087192
4.034176 4.047452
4.759604 6.233634
3.976666 5.559845
5.316996 7.022032
5.204697 5.651239
4.575071 6.227553
4.930225 5.478424
3.438868 6.053825
4.630305 5.17103
4.998582 5.187004
4.244485 5.824889
6.42505 7.064854
6.540261 7.160262
5.861907 7.596789
5.342451 7.203219
5.488849 7.405852
6.045145 7.210514
5.415628 7.375643
6.724546 8.135209
5.949088 7.772602
6.337925 7.613728
6.010091 6.796848
6.868041 7.952301
6.67565 8.917805
6.565142 7.347916
6.493927 7.314076
5.193493 6.575287
6.295431 7.752789
5.792146 6.889357
7.245103 7.655339
7.681809 8.590143
8.525383 9.557171
9.699807 9.667665
8.932849 10.31117
9.920644 10.79527
9.257275 11.37952
9.746186 11.61192
8.639407 11.15999
8.779182 9.578403
7.247551 8.970478
7.738631 8.904514
7.193767 8.019275
7.949755 8.5587
9.03594 9.593389
9.571956 10.35171
9.432913 9.520641
9.907215 10.98587
9.248751 11.2552
7.920143 8.861264
8.862938 9.698257
11.11795 12.39668
10.9322 12.73068
11.59869 11.75425
11.22711 11.51811
10.75454 11.28147
10.47325 10.96287
7.458142 9.179484
7.288868 8.382093
5.529103 7.248689
3.779072 5.775683
4.247287 5.109076
4.354203 5.830861
3.689455 5.025742
4.324502 5.076745
2.526286 3.693593
1.115464 2.785768
0.6842942 2.228009
-0.715112 1.135306
-2.559586 -0.9701695
-3.249766 -0.6823332
-2.359965 -0.3965721
-1.014228 -0.04111602
-1.533944 0.01446421
-0.8163097 0.776474
-1.008965 1.104995
-0.3233881 0.6303857
-1.372236 -0.1475655
-1.881909 -0.5329503
-1.889939 -0.8647575
-2.210704 -1.192801
-1.894577 -1.420964
-3.20123 -1.668658
-2.614127 -2.005512
-2.281442 -1.472401
-1.995408 -0.09500975
-1.358815 -0.7262077
-2.306615 -0.7988999
-0.3697118 0.5465933
-0.7603982 0.3319366
-0.2103147 0.1523583
0.08613188 0.9995038
0.1621458 2.861122
1.820112 3.834127
1.987365 3.725804
1.790756 3.176015
2.343098 3.989605
1.749215 3.102615
2.762163 3.871079
2.345511 3.386593
1.379428 3.190676
0.4838145 1.198983
0.647796 2.135493
0.4052858 1.828716
-1.497239 -0.5894672
-1.872079 -0.9493909
-2.200919 -0.9267922
-1.037698 0.06873015
0.1115905 1.363292
-1.176725 0.6387253
-0.3257663 0.1015523
-1.249821 -0.7902659
-1.225296 0.1270348
-1.40965 -1.210679
-3.790096 -2.308496
-2.047923 -1.415145
-4.060392 -2.506594
-3.38252 -2.597973
-3.130048 -1.758868
-3.349497 -2.345362
-3.390833 -2.396916
-2.108803 -1.495483
-2.146747 -1.094963
-2.207932 0.07165175
0.3857365 1.080035
0.5919786 0.7638288
0.04951405 1.592596
0.1198507 0.5754632
0.3131575 1.156743
-0.8465689 -0.0299372
-2.458145 -0.9382545
-1.554843 -1.43325
-2.190438 -1.364243
-1.561539 -0.4851473
-0.601216 0.8092652
1.236124 2.214506
2.111688 2.930254
1.532865 3.169671
1.143701 2.777571
1.867953 2.126664
1.080519 1.962266
0.8337107 2.557479
0.2288766 1.511434
0.2105515 1.472699
-0.07229249 0.9168364
0.1822211 1.397018
-0.6188995 1.825785
1.078806 2.954627
0.5860922 1.943804
1.923233 2.987319
2.083757 2.06856
1.858846 3.018507
1.509105 1.994451
1.524821 2.623028
0.8385499 3.221423
2.368455 3.348729
2.33662 3.760044
1.800713 2.826263
1.553963 2.397635
1.628059 2.924898
1.313397 2.234644
0.1085368 1.698159
0.9049374 1.843582
1.532781 2.85162
0.4287589 1.867406
0.3467199 1.058591
-0.2857003 0.9098539
-1.423671 -0.04940672
-0.2214918 0.3934239
-1.882886 -1.482726
-1.667351 -1.425267
-1.247638 0.5673631
-0.7609581 0.5266926
-0.8598936 0.7560738
1.133769 1.465838
1.061371 1.544446
0.687936 2.079404
1.093499 2.849475
0.9170835 2.064359
1.58577 3.010203
1.7998 2.620702
0.514317 1.794694
0.587455 1.143271
0.07171833 1.552885
-0.2900065 0.6493518
-0.873595 1.054234
0.7488999 2.670654
1.055027 2.813651
1.462163 2.286055
2.858068 3.701379
2.467958 3.540622
3.20591 3.866387
2.683219 3.569213
3.654345 4.522316
3.890267 4.911109
5.635058 7.250009
4.869205 6.094877
4.856665 6.607556
5.991337 6.400738
4.865255 6.447457
5.391223 5.761457
4.967836 5.927562
5.856087 6.695698
6.002468 8.308072
7.132738 9.06578
6.837941 8.152924
5.947835 8.29408
4.964409 6.249181
5.462945 7.289837
5.144906 7.204422
5.445988 6.907549
7.029512 7.176716
7.748299 8.420434
7.965046 9.137062
7.553275 9.741887
7.195063 8.529862
7.960156 8.716359
7.331528 9.184858
8.790258 10.23808
9.173947 10.50533
9.674015 10.32524
8.425913 8.739517
5.980346 7.372573
6.173243 7.490307
5.23648 6.41894
5.112457 6.31555
5.162127 6.886619
5.367291 6.999087
4.532001 6.367845
4.389322 4.916682
4.371342 5.489389
3.410754 4.404707
2.1991 3.175822
2.973585 3.461165
4.288084 5.960818
4.519105 5.277359
4.776191 5.873688
4.26025 6.184622
3.950159 5.559084
2.853015 4.899441
2.398844 3.660587
2.538718 3.701709
1.506516 2.744077
-0.3604783 1.224519
0.3719529 1.23264
1.518348 3.46107
1.47558 1.675012
1.542703 2.297454
-0.08932875 2.039188
0.6678636 2.747516
0.9313617 1.83524
1.884219 2.793514
0.188643 2.349974
1.567473 2.905401
0.5829023 1.121083
0.2783363 2.400099
1.044463 2.534391
-0.005448398 2.659256
0.1776593 1.94355
2.502477 4.034527
2.767015 4.449585
2.481793 2.991413
1.465985 2.383557
1.141648 3.281182
0.6794189 3.139135
0.3150418 2.071334
1.266345 1.357137
1.710884 1.814657
1.065012 3.273843
2.896091 3.756542
4.203942 5.483039
3.839281 5.457042
3.449627 5.36272
3.681806 4.824867
2.44865 3.971028
2.905032 4.637007
4.011619 5.437174
4.056934 5.215004
4.176203 4.937532
3.532132 4.172123
2.664864 4.710269
2.432355 3.712995
2.129612 2.793312
-0.03208745 2.463255
-0.1742325 1.704446
0.4053448 1.49804
1.267567 1.544603
1.505167 2.575302
2.750045 3.644383
3.759014 4.301703
3.844876 4.594926
2.949626 4.023135
2.339318 4.191664
1.670743 3.290565
3.179665 3.538079
2.032656 4.080062
2.812919 4.261454
2.367309 3.907616
3.481644 4.296851
4.173254 5.582297
3.882836 5.461253
3.348086 5.618208
4.537315 5.13176
5.257504 6.276804
6.033027 7.667633
7.171946 8.031868
8.186317 9.562524
8.79794 9.148114
9.642268 10.62132
8.630467 9.977702
8.546959 10.50927
6.944599 8.27481
6.549328 7.25343
7.359595 9.201457
6.392252 8.518424
7.127896 9.058727
7.505379 9.156426
6.18562 8.010945
7.577785 9.34577
7.186652 9.052746
8.203119 9.373311
6.85916 8.427627
4.957047 5.911101
4.235926 5.23147
4.963507 5.283112
4.983022 6.214199
5.726959 6.019203
5.487608 6.148298
7.605155 7.524303
8.503599 9.790432
8.95494 9.501082
8.960831 10.39981
9.617368 11.0308
9.877736 12.13742
10.3623 11.50673
10.10801 11.2398
8.873426 10.68591
7.993408 9.577259
9.661116 11.01966
9.818375 11.45378
10.13736 12.05208
9.096498 11.05126
8.862755 10.93022
8.729661 9.809391
8.815011 9.953914
10.17831 11.60305
9.84143 11.13583
10.33042 10.88671
9.568697 10.59023
10.08622 11.01426
10.01559 11.26047
9.756159 10.76328
10.69672 11.41225
9.81999 11.2051
9.008019 10.63472
9.067103 10.61165
9.580412 11.45158
9.323689 10.40559
8.263055 10.62177
8.659972 10.31819
8.703582 9.825983
9.588159 10.36464
9.244713 9.594006
10.38254 11.59543
9.72547 11.58446
9.99676 10.71711
9.369261 10.63728
9.837471 11.09479
10.72972 12.0099
9.947973 11.81316
8.908285 10.81514
8.74506 9.68158
9.335113 10.63035
9.314179 9.955067
9.230225 10.44569
10.29788 11.00019
9.076668 10.33974
9.177791 9.611494
10.69724 9.988729
7.83104 9.865996
8.070976 8.82574
7.561036 8.856279
7.09638 8.195651
4.498236 5.974296
3.078818 5.004033
3.394105 5.253876
2.218172 4.080513
4.626146 5.195828
5.150418 6.47014
5.446377 6.362597
5.406385 6.79731
4.934656 6.243201
4.114543 4.207976
3.962339 4.288121
1.914785 3.27571
1.286382 3.066959
1.898362 3.155569
0.5918351 2.103623
1.085468 2.141063
1.406334 2.974744
2.068987 2.472761
1.923191 3.284512
1.761914 4.297051
3.578209 5.161399
4.382988 5.526908
4.341118 6.282288
4.417465 5.25064
5.406888 6.988697
6.345041 7.248124
4.737791 5.580036
1.446593 2.815265
2.407623 4.081006
2.641993 3.85946
1.65466 3.056561
0.9962965 2.305472
1.850997 3.904692
1.42235 3.090508
0.7084908 2.311684
0.1388687 1.96615
1.997062 3.151195
3.341246 4.653359
3.608564 5.641595
4.718425 6.45857
5.274556 6.078496
5.264128 6.552353
5.054038 6.128096
4.718827 5.954097
3.153068 3.482256
2.107272 3.659901
2.572409 3.301424
1.934482 2.837737
0.9350762 1.752312
2.048122 2.612529
1.104601 2.212782
2.306989 3.411144
1.892284 3.864846
2.666495 2.978473
0.5486868 2.995067
1.922889 3.411739
2.893932 3.341152
1.378771 2.866518
1.408034 2.696851
1.06467 3.5723
3.44716 4.569894
3.4502 4.529788
2.794119 4.303646
2.713747 3.754246
3.070042 4.897607
3.62278 5.158837
4.064967 5.502692
3.094231 5.502552
3.474474 4.685937
3.199472 4.0688
3.249399 5.248418
3.376277 4.258954
3.715508 5.425677
3.724355 5.191595
5.025891 5.863251
3.208934 5.01954
4.517767 6.518127
5.567731 6.381966
4.883135 6.935112
4.928834 6.408126
5.866312 6.912317
5.602838 6.695041
6.750425 8.391157
5.290982 6.125057
3.84628 5.310246
2.740773 4.03239
3.304949 5.104239
2.82635 4.209637
2.846836 4.771675
3.694566 4.928258
3.346496 5.267864
3.323806 4.67223
3.294359 4.386368
2.92821 3.164721
2.373485 3.617614
1.697233 3.225251
0.851275 1.393309
-0.2535798 0.5164203
-1.596066 0.03551893
-1.475323 -0.8185549
-0.06287736 0.9181988
0.254116 1.275645
-0.6468179 0.3215495
-0.7001015 0.7035307
-2.04032 -1.050454
-3.73868 -3.037284
-4.318683 -2.714986
-3.373328 -2.841625
-2.965085 -1.99388
-0.7035614 0.2709996
-2.444478 -0.9211201
-2.33785 -1.508826
-2.675763 -0.569073
-0.313967 -0.03213744
-0.1070658 1.121422
-0.03021143 1.089962
0.5415345 1.077573
0.1900445 2.283349
-0.0738385 1.205707
1.099657 2.388228
2.233818 3.458418
1.571733 2.702418
1.450633 1.766393
1.30402 2.636857
1.514902 2.302672
2.333735 2.800174
2.184869 3.276384
1.017996 3.611633
1.55257 2.643187
2.386177 3.682867
3.160615 4.793693
4.217181 5.285704
4.07629 5.694032
4.143741 5.70677
4.191429 5.509009
5.394575 6.041977
5.153168 6.444121
4.873295 5.564139
5.205108 6.026143
5.069118 6.411809
4.64022 6.451097
6.273233 7.408849
5.476456 8.046222
3.490133 4.941093
1.57351 3.245182
0.9601782 2.318085
1.029836 1.184777
0.3912941 2.250113
0.9904072 2.252228
0.4845703 2.046465
0.3976278 1.341915
1.78522 2.670839
0.6574117 3.012753
0.5994563 2.136358
2.204187 3.661851
2.265716 3.83367
1.780756 3.329212
1.839945 2.877077
2.005802 4.109651
3.143235 4.723182
3.12175 4.849702
3.631236 5.446694
3.416358 4.337781
3.776374 6.037072
3.151671 4.30918
2.412561 4.474382
3.174812 5.044437
2.496726 3.115472
1.150153 3.049743
2.932112 4.216133
4.00577 5.204078
2.452303 3.391526
1.350021 1.826603
1.337851 3.288904
3.198682 3.466581
3.205231 4.659728
3.879192 4.589915
4.244388 5.118147
4.028023 5.729059
3.862282 4.276296
3.271667 4.173903
4.129398 6.105413
4.753993 5.882684
4.74774 5.751995
4.828321 6.042843
4.055182 5.666572
4.475671 4.835773
3.87727 5.263694
5.647138 7.414942
5.722732 6.9936
5.906478 7.89561
7.463317 7.636081
7.716078 9.262745
9.625556 10.51077
10.15944 11.79322
10.1687 10.22915
9.655369 11.09272
8.776915 10.22445
7.82442 9.092734
6.365552 7.132666
5.896939 6.8086
6.060589 8.086171
6.923754 8.307141
6.200157 7.385069
6.443231 7.214291
6.166664 7.092654
4.923646 6.275873
4.186483 5.390746
5.204724 6.525001
5.520717 7.405959
5.998288 7.006544
5.325981 7.216166
5.585674 7.042465
6.305828 7.742703
6.916835 7.491258
7.902345 8.660392
7.460388 7.810305
6.102966 7.394053
5.780679 6.159781
6.114 7.6978
6.881572 8.479836
5.897655 7.300872
5.382489 6.470909
4.704058 5.68385
5.370751 6.510835
3.565495 5.326687
4.802945 5.872929
4.719708 5.594357
2.973096 4.463406
3.048315 4.499926
3.562585 3.764244
3.376253 4.235862
5.429226 6.367594
7.04526 7.044913
6.321642 7.962482
4.668948 6.44916
4.329608 6.723039
4.64006 5.899801
4.319574 5.504211
4.903304 5.73948
3.789601 4.762213
3.998677 5.469639
3.453153 5.237672
3.752563 4.952945
2.333177 3.818487
3.370749 5.0619
3.096475 4.755652
2.778368 4.64183
3.857546 5.593607
5.992506 7.017272
7.863972 8.141679
7.089515 8.353965
6.295408 8.397827
4.939146 6.716681
4.312513 5.634139
3.585564 5.284537
2.531717 5.175283
2.985376 4.24756
2.592679 4.333321
2.866926 4.576688
2.859879 4.353964
3.522126 5.093397
2.624206 4.610038
4.199778 5.203071
2.339137 4.888356
1.638733 3.423765
1.884379 3.462511
2.092796 3.92056
2.988693 3.705058
1.766614 2.801474
0.8158326 0.9010499
0.1744872 1.774188
-0.1135888 1.34965
-1.719605 0.1715811
-3.123383 -2.197493
-4.314212 -2.626757
-4.140323 -3.063317
-2.840551 -2.264319
-3.930624 -2.792922
-4.913298 -3.0262
-4.166894 -2.964222
-3.480481 -3.326082
-3.551372 -2.080333
-4.117769 -2.15574
-4.147735 -3.275287
-4.083142 -2.802745
-3.721749 -2.586392
-2.988535 -1.198453
-3.51213 -1.770982
-4.073207 -2.457625
-3.783015 -2.246972
-2.699095 -1.771027
-2.602289 -1.52131
-2.704985 -1.850222
-3.9091 -2.586465
-3.84758 -2.443079
-3.342802 -3.341892
-3.62365 -2.834663
-2.823095 -2.013208
-3.319776 -1.780442
-1.543452 -0.3317628
-2.150552 -1.261802
-1.346689 0.2204026
-2.298871 -0.5805276
-3.214144 -1.960394
-1.053057 -1.251937
-2.757695 -0.7666851
-2.434941 -1.67275
-2.740983 -1.439632
-3.412774 -0.5214162
-2.618322 -0.4295072
-2.793446 -1.535558
-2.049565 0.3418833
-1.665499 -1.356311
-2.362023 -0.09529647
-1.942667 -0.04510101
-0.8740039 0.4111643
-1.00845 1.420928
-1.690146 -0.49154
-2.406177 -0.387053
-3.114027 -1.849996
-4.26256 -1.750474
-5.561246 -4.05985
-5.374533 -3.026565
-5.107263 -3.96384
-6.28403 -5.526674
-7.59626 -4.964921
-6.387257 -5.509781
-7.169162 -5.729616
-7.713767 -7.243638
-8.207998 -7.244179
-8.009379 -7.242874
-6.909674 -5.873931
-6.306599 -5.197537
-6.542038 -4.929536
-6.798674 -5.978386
-7.445318 -5.965417
-8.640062 -6.208656
-7.621322 -6.390088
-7.555041 -5.838942
-7.036923 -5.525504
-7.829144 -5.676246
-8.034606 -7.550221
-9.890724 -8.875812
-9.279637 -8.057015
-9.114489 -7.596435
-8.456237 -6.990349
-8.115038 -6.134869
-8.076214 -7.499677
-7.462083 -6.195906
-9.659481 -7.43718
-8.620247 -7.858507
-9.01973 -6.723126
-8.306997 -7.271044
-7.887559 -7.176044
-8.081643 -6.668707
-8.525092 -7.158514
-10.90835 -8.794749
-9.893382 -7.902651
-9.598482 -7.823907
-9.448813 -8.166856
-9.5063 -8.586009
-9.647113 -7.905353
-8.729067 -8.123424
-9.076828 -7.263157
-10.85699 -9.245247
-10.54628 -9.986678
-10.47997 -9.09687
-10.91371 -10.09302
-9.832089 -9.620316
-10.51094 -8.963074
-10.16934 -9.94551
-11.42281 -10.00155
-11.2348 -9.560923
-11.14419 -9.363268
-11.24378 -10.66771
-12.31036 -11.78304
-14.63862 -12.73516
-15.78901 -14.51742
-16.01236 -14.83726
-16.01598 -15.47501
-16.36817 -16.31591
-17.19635 -16.80346
-18.08413 -17.41137
-16.63777 -15.84592
-16.61896 -15.43056
-16.20521 -16.2039
-16.52578 -15.87529
-17.26712 -15.20697
-16.67213 -14.52479
-14.13616 -13.64515
-15.28742 -14.46876
-14.81959 -13.72997
-15.56792 -14.00761
-14.62495 -13.59057
-14.73428 -13.87113
-14.42163 -13.82582
-15.90775 -14.3627
-16.78937 -15.57497
-17.19798 -15.85224
-17.70216 -15.87306
-17.06917 -15.60334
-17.70852 -16.30545
-17.27241 -15.45462
-17.68828 -16.09798
-19.08119 -17.89507
-19.04705 -17.56534
-19.20741 -18.08348
-19.52047 -18.96559
-19.29218 -18.21674
-19.13319 -17.38829
-19.34343 -18.93722
-19.857 -19.17391
-19.602 -18.90112
-19.91818 -18.35167
-21.04738 -19.6679
-20.97464 -19.24352
-19.23993 -17.49803
-21.0159 -20.54417
-21.4146 -20.34058
-21.40656 -19.31914
-20.5429 -19.56658
-21.97277 -21.00762
-22.25827 -21.10044
-21.81383 -20.30893
-21.4925 -20.52429
-20.2515 -19.16914
-20.63008 -20.24158
-21.28571 -20.13339
-23.23076 -21.14046
-23.05199 -22.12052
-22.04368 -21.00818
-20.84272 -20.92169
-21.59515 -20.10069
-20.92317 -19.37832
-21.06806 -20.61409
-21.29899 -20.15373
-22.26329 -21.45041
-21.97146 -21.51243
-22.08392 -20.19964
-22.76527 -21.40486
-22.73046 -21.42915
-22.00288 -21.15303
-22.91438 -21.3318
-22.36871 -21.25107
-20.51285 -19.51809
-18.70976 -18.46909
-16.8084 -16.1545
-18.36398 -16.59193
-17.32948 -16.24532
-18.64804 -17.52901
-19.76022 -17.74357
-20.21594 -19.12532
-19.6708 -18.45357
-20.81197 -18.95768
-20.40975 -18.9149
-21.11509 -19.5247
-21.58692 -19.87636
-20.94551 -20.12307
-19.80946 -18.2307
-19.8427 -19.57392
-21.20153 -19.60684
-21.81999 -20.37919
-20.56475 -20.7045
-21.57466 -19.98059
-21.90167 -20.64071
-20.88037 -20.54761
-20.31439 -19.135
-20.61712 -19.19682
-19.46491 -18.75558
-21.06593 -19.71643
-20.69129 -19.15472
-22.21355 -20.83206
-22.74953 -22.03563
-22.75316 -20.87651
-23.32723 -21.44046
-22.66711 -21.37448
-22.60402 -21.86041
-22.27374 -21.81288
-22.9333 -21.31004
-22.17597 -19.55528
-21.76818 -20.60002
-22.02846 -21.66864
-22.54984 -21.33616
-22.33074 -21.30148
-20.86115 -19.70438
-20.46357 -19.69687
-18.95191 -17.92793
-19.30825 -18.00572
-18.91206 -17.97072
-19.68713 -17.4789
-19.45002 -18.82785
-19.90233 -18.81258
-20.26959 -18.50667
-18.14048 -16.68599
-18.57233 -17.12307
-19.05378 -18.28919
-18.77276 -17.93027
-18.217 -17.24881
-17.44554 -16.12061
-17.19369 -15.20828
-16.3475 -15.28176
-16.38247 -15.54437
-18.0945 -17.16952
-16.92563 -15.84248
-16.05701 -15.0191
-14.85005 -14.57043
-14.47173 -13.0252
-12.77378 -12.38069
-13.95347 -12.90244
-14.57284 -13.92259
-15.28358 -13.54721
-14.76152 -13.19644
-14.39542 -13.43045
-14.94487 -13.30774
-15.02306 -13.35223
-15.5151 -14.60991
-17.26771 -15.05336
-16.3771 -15.484
-17.06985 -15.85571
-17.89365 -16.58654
-18.91371 -18.20429
-19.66126 -18.74256
-20.33877 -18.44184
-21.56265 -19.83725
-21.41634 -20.34181
-21.17069 -20.56963
-19.25648 -18.17541
-21.6136 -19.04149
-22.27273 -20.94564
-22.0021 -20.80777
-22.60199 -20.83014
-20.11471 -18.9793
-20.10584 -19.58303
-20.6318 -18.79334
-21.64421 -21.00314
-22.69357 -21.5847
-21.31798 -19.98317
-21.04917 -20.76408
-23.64762 -22.08283
-24.21436 -23.47555
-24.13826 -22.65341
-24.78424 -23.8026
-24.83552 -23.27488
-25.53284 -24.67105
-25.49717 -24.70492
-26.60759 -25.61072
-28.06352 -27.22087
-27.4128 -26.03417
-26.24055 -24.05517
-26.42556 -24.71453
-26.12917 -24.29829
-25.08072 -23.88687
-24.97647 -23.18745
-24.8572 -23.73516
-25.39913 -23.7255
-25.13733 -24.2892
-23.82552 -23.23443
-25.79862 -23.32545
-25.0969 -24.45803
-25.41849 -23.71671
-23.21909 -21.84133
-23.76641 -22.19093
-24.14779 -22.79034
-25.63453 -25.24362
-26.16781 -24.36251
-26.14721 -25.0872
-26.05657 -24.79585
-25.21508 -23.93969
-25.23127 -25.31173
-25.07331 -23.82819
-25.60946 -24.32528
-23.33943 -22.02133
-24.32987 -22.39682
-22.84322 -22.03698
-24.48496 -23.28747
-25.55118 -24.93369
-24.2096 -23.7175
-23.9979 -23.89564
-25.29679 -24.14106
-25.94378 -24.77503
-25.47887 -23.79463
-24.50202 -23.40607
-21.97975 -22.52824
-22.61277 -21.10661
-22.18317 -20.38444
-22.05003 -21.01963
-21.49578 -20.63457
-22.0836 -20.8971
-21.38864 -20.13596
-21.20492 -19.02351
-20.20777 -18.47091
-20.74209 -19.37867
-21.70479 -20.18524
-22.33295 -21.02024
-20.53688 -20.17786
-21.25493 -19.73473
-21.35868 -20.84114
-20.49629 -19.25926
-20.5269 -18.07174
-19.12844 -17.67083
-18.15341 -16.96842
-17.99102 -15.95966
-16.4315 -14.58422
-17.18141 -15.29434
-15.80517 -14.83717
-15.19907 -14.67844
-17.17896 -15.75676
-17.54497 -15.76896
-17.2504 -15.78552
-18.2415 -16.69634
-17.21093 -16.32661
-18.06471 -16.73192
-18.28236 -17.28504
-19.76481 -17.78758
-20.26239 -18.99231
-21.0042 -20.7028
-21.47661 -20.16997
-19.5489 -17.40527
-19.6238 -18.97791
-20.39 -19.73949
-20.03051 -17.89993
-20.41064 -19.04785
-20.91232 -19.5998
-20.93447 -19.26551
-22.47863 -20.82003
-22.83584 -19.55029
-23.90933 -22.29445
-23.09813 -21.59216
-25.7605 -22.23239
-26.05151 -24.37837
-25.963 -24.77571
-25.54793 -24.5411
-26.67108 -25.33901
-26.38167 -25.41737
-24.65848 -24.14613
-24.71576 -22.56694
-24.27314 -22.73284
-23.46434 -23.12379
-24.51598 -22.47977
-24.99804 -22.93268
-25.17146 -23.93295
-25.38534 -24.35123
-25.56448 -23.93665
-24.82297 -23.7317
-25.4611 -24.19978
-24.67545 -24.82329
-25.71434 -24.36642
-24.83579 -23.89586
-24.582 -23.69567
-24.86968 -23.61076
-26.22196 -25.59293
-26.45214 -25.606
-26.70644 -26.16356
-26.92598 -25.19094
-27.77323 -24.79176
-25.70122 -24.51714
-26.05258 -25.66726
-26.70193 -24.8154
-27.29001 -26.19616
-28.50888 -26.27363
-28.0855 -27.03935
-28.26361 -26.91291
-26.98616 -25.89339
-26.87177 -25.55765
-26.52379 -26.2646
-27.02382 -25.92747
-27.95027 -25.50555
-28.00194 -26.72868
-27.67599 -26.57739
-27.64624 -27.4079
-28.1354 -26.88726
-28.38023 -27.04427
-28.62572 -28.45794
-28.52319 -27.65558
-28.50816 -27.34483
-28.84623 -27.77149
-28.51751 -28.18891
-27.87648 -27.84868
-28.89805 -27.3308
-28.1549 -27.73774
-28.59841 -27.45375
-29.2399 -27.08746
-28.26306 -27.84547
-28.72517 -27.65915
-29.83169 -27.19151
-27.15874 -25.61133
-25.65105 -25.29226
-27.25286 -25.88446
-27.10289 -25.63028
-27.21121 -25.89143
-25.71804 -24.34822
-25.13321 -23.245
-24.10494 -22.92816
-25.02628 -23.40004
-26.03147 -24.58711
-26.53351 -25.43076
-26.29604 -24.50132
-24.60049 -23.55355
-23.01598 -22.38161
-23.87301 -22.61063
-22.60589 -21.25993
-22.11204 -20.36073
-22.30373 -21.81871
-23.06758 -21.41891
-23.42104 -22.00152
-23.34196 -22.07835
-22.24317 -21.51972
-22.88515 -20.54454
-22.9867 -21.75039
-21.80876 -21.25686
-23.37948 -22.37062
-23.46068 -21.39692
-23.69343 -21.78851
-23.23244 -22.74979
-23.17783 -22.232
-24.23411 -22.55263
-23.69282 -22.12788
-23.27256 -20.91083
-22.60353 -20.56962
-22.85416 -21.55358
-23.22975 -21.60858
-21.9259 -21.62281
-21.35933 -20.61591
-21.74956 -20.53315
-22.09506 -20.50091
-21.72664 -20.28833
-22.32398 -21.57704
-22.12519 -20.81615
-21.8064 -20.86194
-21.35183 -20.92068
-20.8337 -19.25304
-21.20894 -19.64043
-22.50506 -21.22194
-22.79975 -21.2339
-23.27421 -21.87939
-23.49255 -21.86
-23.54361 -22.86967
-24.16582 -22.76178
-23.95443 -21.42829
-23.02949 -22.22194
-23.62194 -22.03874
-22.30831 -21.29981
-22.5345 -21.82521
-23.09973 -22.24679
-22.79379 -22.78327
-22.97209 -21.91369
-23.55757 -21.8641
-23.18014 -21.78276
-22.99751 -21.92335
-21.86793 -20.61716
-22.9902 -20.99391
-21.58541 -21.08188
-22.85765 -20.79052
-23.23965 -22.16285
-22.38153 -20.32477
-21.66967 -21.03221
-21.44754 -20.32934
-20.48668 -19.141
-20.80186 -19.17701
-20.88826 -19.94858
-22.34121 -21.73246
-23.15427 -21.41563
-22.69282 -21.82515
-23.19545 -21.65045
-23.21788 -21.8379
-22.47852 -21.7887
-23.10619 -21.67738
-23.51748 -21.58046
-22.84129 -22.89527
-22.74243 -21.79991
-22.08303 -21.89055
-21.35571 -20.00568
-21.73499 -20.97359
-22.79796 -20.92663
-23.61635 -21.7346
-23.64124 -21.92032
-24.48112 -22.45855
-24.51475 -24.03017
-25.19411 -23.79688
-26.60713 -24.84469
-26.17647 -24.86324
-25.23929 -23.91221
-23.93135 -23.13403
-24.33102 -22.76247
-25.11192 -23.16137
-24.74689 -24.41491
-25.08532 -24.14514
-25.0556 -23.71804
-25.80696 -24.36739
-24.62928 -23.71561
-24.63017 -23.03735
-24.90316 -23.6145
-25.86484 -24.47564
-24.97792 -24.06248
-27.61234 -25.23245
-27.18492 -25.90582
-27.08669 -25.71702
-27.25831 -26.58724
-28.43842 -27.40913
-28.60876 -26.75436
-29.20409 -27.69176
-28.62166 -28.05118
-29.09627 -27.66613
-29.65553 -27.89617
-28.58354 -27.44921
-28.03147 -27.59432
-28.51099 -28.10901
-27.53413 -27.08268
-26.76198 -25.68839
-26.00489 -24.79679
-25.52354 -24.12398
-25.71333 -23.80028
-25.35631 -23.72364
-25.70738 -25.10939
-25.68753 -23.53001
-24.68047 -24.04052
-23.81448 -22.37036
-23.93147 -22.47246
-21.88722 -20.81321
-22.21363 -21.31914
-23.21762 -21.143
-22.06753 -20.99618
-22.24613 -19.98535
-21.09434 -18.98061
-20.88948 -20.55519
-21.27567 -21.00315
-22.10515 -20.61068
-22.10797 -19.88177
-21.98177 -20.70321
-22.97713 -21.28523
-21.96407 -21.4799
-23.92948 -22.22915
-24.29676 -22.13446
-24.38371 -22.80523
-24.16565 -21.88949
-23.00503 -22.16521
-24.3917 -22.65105
-24.69539 -22.62884
-26.21007 -25.12139
-25.98704 -24.31553
-25.09787 -23.8269
-24.70773 -22.59122
-23.68426 -22.79753
-23.90429 -22.27574
-21.93804 -20.88097
-20.15733 -19.39731
-20.62187 -18.89811
-20.63533 -19.46835
-21.29269 -19.66826
-21.17735 -19.78206
-20.3575 -20.17681
-21.13374 -19.79184
-21.82645 -21.0505
-19.72047 -20.02911
-19.41786 -17.87857
-19.10677 -17.8474
-18.58617 -17.74896
-19.07593 -17.0366
-16.87745 -15.71021
-19.2328 -17.09537
-17.92502 -17.03262
-18.39935 -15.71865
-18.22275 -16.49957
-18.13018 -17.02644
-19.30578 -17.50696
-18.86549 -17.04051
-18.30369 -16.39009
-18.78054 -17.53804
-18.0685 -16.58922
-16.31535 -15.88067
-17.48523 -15.93516
-16.56313 -15.11548
-15.95348 -15.60473
-16.53214 -15.20746
-18.03206 -16.01192
-18.15741 -16.23247
-17.92262 -17.00881
-17.29996 -16.09068
-16.60729 -14.81138
-17.46848 -16.12961
-16.74633 -15.52413
-17.92348 -17.1819
-20.10769 -18.59522
-20.6661 -19.74118
-19.05116 -17.33283
-19.39881 -17.8644
-19.51399 -19.29591
-20.47732 -19.16009
-20.82996 -18.79903
-20.758 -19.13867
