4.497906
4.74838
7.016847
9.354187
9.959472
10.82932
7.869196
9.037334
10.06937
11.90558
13.69283
12.36633
12.05869
15.74844
19.76995
17.89404
19.66944
24.96224
25.94493
21.51704
13.57786
11.25519
9.804354
9.595667
8.553953
11.08054
10.96137
14.32883
12.48904
13.3293
14.89626
15.38795
11.13598
10.1575
14.33389
14.03977
11.14831
14.68082
16.08163
14.66343
14.65224
12.18015
10.80932
12.72717
13.70006
11.19748
11.95331
12.56276
13.04655
14.18984
12.55585
7.945976
7.453575
7.830053
8.198032
11.46765
12.1323
9.954525
11.25599
13.82063
11.76494
10.06957
13.47009
12.28171
13.80537
15.00654
11.50791
14.58438
13.69675
13.58463
16.25982
13.07691
12.37424
11.03152
13.77373
16.07589
14.57155
13.78914
15.72585
15.68894
15.06013
13.04006
14.45797
18.76673
20.11707
18.87865
18.61058
20.02085
21.19669
17.70063
21.25432
15.14057
10.26784
17.76649
12.29608
16.1983
15.94655
15.30274
18.1109
18.7069
18.54165
15.09247
17.93925
12.43078
12.07167
9.944895
16.6218
14.02599
12.60182
16.20701
15.5229
20.05661
18.80893
15.54208
11.97282
16.35598
11.28799
13.21424
13.20281
12.74571
10.58629
9.898228
7.489429
11.73492
9.373458
9.144622
11.83621
16.7294
16.2119
13.22078
13.85542
13.41882
15.91972
13.50317
19.50176
14.62369
13.36472
15.63772
13.80148
16.28092
17.22008
16.24464
15.76548
19.87356
18.40596
17.07467
17.08883
20.06639
17.58017
16.90722
14.69813
13.37722
17.8521
14.45549
10.1372
6.889762
7.473311
8.574918
10.45416
9.42583
11.51482
8.799155
8.353071
7.288909
7.6907
6.546819
7.061976
10.31644
13.4489
14.97484
17.14839
14.89098
14.86142
13.09307
16.45598
15.95153
15.27117
11.74059
12.29903
13.59617
14.29722
17.02553
15.10977
16.85797
20.43062
14.98902
15.01085
17.26535
18.10233
21.69036
17.07169
20.3145
18.22418
15.89648
11.28942
12.40688
11.9465
15.18397
24.63828
18.05787
17.25272
17.01527
16.53394
17.29642
15.88835
13.26898
17.54043
14.65465
16.25041
13.85997
17.11683
15.44267
21.11359
18.03561
13.13379
12.29234
13.42033
11.36038
12.99062
14.72779
11.55201
12.36073
9.529557
10.96472
13.36565
15.70807
17.20472
14.69398
13.60928
16.66109
15.00945
16.04644
12.2605
15.57656
19.65759
17.57178
15.76144
14.55845
11.58037
12.20148
11.30638
13.35347
13.26333
16.08994
12.50519
12.92638
10.46879
10.10733
9.572055
10.65435
12.87696
18.71257
16.10717
15.10056
14.74162
14.43436
15.59769
14.40389
13.99428
19.5923
22.99601
17.18275
15.74116
12.11585
12.0902
9.403094
9.600651
14.07703
13.3166
11.41885
12.73362
11.73377
13.14732
9.316172
10.4131
10.5556
11.16104
9.395906
9.778577
10.22336
17.16876
14.04757
12.07918
15.50588
15.30309
16.88721
14.09769
12.60575
8.903351
5.994106
9.366377
5.998714
12.16415
14.97557
15.88949
15.30618
17.45778
14.98993
12.55557
14.8296
13.14669
15.55646
14.87997
14.52904
14.06595
12.56796
13.9915
8.872112
12.18632
12.46543
12.10509
15.19176
12.51287
12.69942
10.14788
8.307613
6.194673
7.789943
6.094797
6.744809
9.290264
7.072157
10.08691
10.33619
14.17362
17.05858
15.29416
14.85857
10.54075
9.373175
9.997186
9.930025
9.631339
12.30911
16.45446
14.08334
11.29232
13.55425
14.12785
11.75174
12.12471
9.040982
10.89658
10.26655
10.62377
10.75952
14.24243
16.38627
16.24313
9.482506
8.237874
8.879677
11.28096
9.65997
7.636069
12.11515
15.43051
11.7729
16.38483
11.23373
12.83487
11.34343
8.73073
11.2879
12.07108
11.55971
11.3394
7.866284
11.30172
12.10903
13.6235
12.38593
13.06336
10.30051
11.44886
8.452286
8.239971
13.28741
10.45558
15.39746
16.90216
18.39713
17.54349
14.3138
14.7175
13.84289
13.57815
14.87358
12.83423
13.72151
13.50825
12.74017
10.48529
9.273518
9.137272
10.44543
10.97153
9.797125
8.477819
8.623983
13.40188
9.308453
13.65389
11.32351
13.7395
11.04312
15.11362
13.88835
17.6846
10.98916
9.473757
8.645942
8.030847
13.59672
13.59182
17.56906
18.17932
14.45375
15.6298
14.11773
14.8067
13.45917
14.98433
14.92511
11.7728
14.98739
18.16596
11.32865
10.56346
12.17727
13.43902
15.72772
15.9019
15.12281
16.20913
15.10121
14.00934
13.27232
13.08559
16.5383
16.21005
13.3319
18.84999
16.59242
15.64705
12.94441
16.36186
14.7555
12.92714
12.84845
10.27495
10.4533
13.37252
15.38399
12.93889
15.6034
18.96375
15.43243
13.76387
14.62888
12.75456
15.68732
13.90509
14.21096
17.95825
15.4392
15.51433
18.05091
16.32282
14.11164
14.94782
15.94194
16.09289
16.37999
20.76286
17.12507
13.33607
13.21293
11.3735
10.8987
11.92163
13.31372
11.59456
10.24773
10.33415
7.897413
8.820151
10.53853
7.679248
8.304606
11.71253
15.12709
14.27766
15.7115
15.51671
18.79271
17.41895
15.01619
14.36516
12.19902
14.51757
13.58175
16.17972
19.47278
22.58225
17.01892
13.26353
13.53606
12.24235
14.34373
9.968115
7.35762
6.236729
7.141817
6.810693
7.817738
7.000826
5.934229
4.729159
6.35288
6.07584
8.676102
16.95925
14.0327
15.31109
11.68269
7.116057
6.05415
8.345776
11.57569
13.52741
16.72951
12.18251
15.03457
16.43641
18.13203
13.03757
11.79495
12.06763
15.68269
16.73922
14.49437
14.90915
13.37371
13.68136
10.5278
10.39103
10.97257
12.8448
22.18617
21.93203
13.9301
20.58999
22.83425
21.08879
13.90343
9.124877
8.519404
7.41977
9.572399
16.03684
15.64475
21.33712
14.735
16.39334
18.49438
15.39183
13.08516
8.449712
9.75834
13.03057
16.62764
14.96283
14.87339
8.947905
16.25467
17.80832
17.3694
14.00628
19.7978
14.28831
11.72485
12.90968
16.38117
16.02188
14.40412
11.09853
12.60975
9.143602
13.2167
11.70959
12.46065
10.72617
10.13574
13.14018
13.48625
21.19761
20.19714
13.43792
17.52655
13.10356
19.62798
17.1643
15.05793
12.70094
12.91952
10.52306
11.25611
10.24897
9.774985
9.494567
12.35597
9.823111
16.39036
17.58825
14.35267
17.77584
17.03532
14.12401
15.6004
18.18707
12.28988
14.6922
14.47919
11.28575
8.385195
8.114188
7.799361
9.842713
9.842473
11.51813
13.57261
13.65871
11.08316
11.56193
15.32465
13.4916
14.41618
16.17637
13.52608
15.40431
16.01256
12.47769
7.229518
5.960478
6.955357
8.773604
8.876456
8.724977
10.47106
11.64027
7.395743
9.919599
10.46301
13.27614
11.55406
14.23637
14.30578
12.37059
15.87555
11.61328
14.21473
13.75255
14.06634
13.06878
13.70808
15.3667
13.15118
16.31475
10.84279
9.652017
12.52025
9.055559
12.10876
10.37043
12.08589
10.11943
11.53463
12.82
10.98858
9.92151
8.501163
9.21282
7.52032
8.611612
11.60448
12.03263
10.07657
9.089192
6.920361
6.500246
7.501647
7.700517
8.203097
6.365471
6.523964
7.365229
7.585869
6.78164
9.605274
8.005774
6.030416
7.267765
10.44247
11.31989
13.37137
17.40042
17.84694
17.78478
11.54342
15.14804
16.73714
14.54612
17.2586
12.49437
18.28856
20.34312
15.94382
15.05919
13.05755
8.514283
10.06066
15.04839
11.57908
13.09627
13.72248
15.66851
14.30619
16.31974
15.81694
14.25675
17.06532
9.773408
11.21791
11.57562
8.458448
10.80256
9.126622
9.245845
11.85506
8.783137
11.9964
10.97229
13.28101
14.99509
18.805
16.41002
15.91735
12.27166
13.6304
11.5717
17.20604
11.48886
10.0435
14.42455
13.15422
12.08814
8.63077
9.536536
8.13431
10.2571
11.52634
11.67406
10.10527
20.60245
15.49495
16.38631
12.02709
14.99519
19.81723
22.48371
15.506
16.8345
14.50401
15.10953
19.39962
14.99774
15.0181
12.53615
8.95525
10.35366
12.29582
15.52301
14.87262
23.07673
18.32603
22.7794
20.26479
19.36823
14.39016
13.03478
10.58124
13.5697
13.5637
11.4491
12.26984
12.77484
10.63136
12.83898
18.70503
15.09758
15.42599
14.85654
15.23974
17.5209
18.21885
18.57746
12.78861
14.5504
20.30741
19.47753
15.76968
19.74957
24.52101
20.43454
24.32332
23.04261
21.7112
17.64864
13.00441
18.94928
15.66559
14.12459
14.28981
15.81539
14.20485
11.05349
12.53899
12.02586
10.51012
10.07444
9.615524
12.17773
14.60821
15.95354
12.44063
14.94175
12.907
10.94625
7.411815
7.360847
7.585311
8.660895
7.522299
9.562681
12.25376
14.33541
19.17251
15.05487
19.84275
20.83467
18.65158
17.6703
21.64998
19.02643
19.71695
18.12566
18.00101
20.24638
13.02677
10.76722
10.78707
12.87962
10.05687
10.05738
9.963938
11.20479
12.1242
11.23811
11.04871
11.98401
13.66478
21.69166
14.33406
14.88139
14.26577
11.57255
10.18852
14.72502
12.3806
14.94381
12.11665
11.63375
11.20688
14.70308
13.8492
9.277272
11.68233
12.19085
13.29797
15.4932
17.295
18.2561
14.93904
17.89529
15.9814
14.17488
12.3393
13.03441
16.7915
13.22452
15.96626
12.97348
14.78491
12.98246
14.75718
15.84755
22.01822
14.97813
12.51727
17.80622
14.62536
17.08414
16.74785
19.54244
15.48774
19.84322
16.93589
13.22992
14.9142
12.3173
10.70226
12.40829
11.24714
11.68978
12.13601
12.95995
12.80409
12.43242
20.03119
15.91287
16.61762
12.05114
16.51595
20.12187
18.55698
13.29292
13.06157
11.59595
12.22143
17.18915
18.13135
16.38866
21.5571
16.18081
19.96359
17.05451
17.90167
13.77415
13.07484
12.79392
11.76901
12.02912
15.62828
10.65687
16.33403
16.52265
16.10776
16.97329
16.87311
12.97074
13.85603
11.43794
15.68378
14.35534
13.93518
15.15947
14.51515
20.8305
17.72321
17.62442
15.45622
13.82767
9.959562
12.02925
12.07794
9.528143
14.11276
14.35142
12.78293
14.16943
20.37288
14.66801
17.41658
13.45564
17.79051
14.47992
9.194446
15.26526
13.71172
13.57021
11.92749
12.28091
11.97571
9.369129
8.792945
8.968136
8.369613
12.53648
12.76354
11.55652
12.57507
16.63077
12.41997
10.27328
12.11852
11.48016
12.97525
14.53516
13.75934
11.20137
10.50888
16.56112
14.47532
16.67234
12.59584
10.84567
15.48191
13.26704
15.5416
19.68943
16.72994
15.30639
16.60784
16.02436
18.29863
12.84499
11.37816
19.54267
14.85529
15.64594
15.59433
16.9749
12.41152
10.68135
13.91194
10.74389
16.88524
15.00487
13.34511
14.78339
18.06013
18.71805
15.42861
16.40346
16.64432
14.03954
13.47737
11.42402
12.02635
20.16246
20.62017
19.49647
15.63539
15.77183
13.48904
18.01136
16.03965
15.31443
15.66129
17.05835
13.02079
13.6121
16.08956
14.91955
15.77633
12.5882
13.02486
9.516095
10.00098
10.78758
12.37813
15.54824
20.62243
12.76175
12.85678
11.41293
12.4077
8.055935
6.102184
8.11293
7.761162
8.063097
13.28394
12.35232
14.47585
17.75095
13.86024
11.38025
13.92859
11.18876
11.84283
8.713838
8.262364
9.587018
10.45285
9.833744
14.9111
12.53086
15.25332
12.77285
13.11979
16.16886
19.43386
22.47437
20.87531
18.6365
13.46724
18.14276
15.47836
12.10138
11.41705
20.1603
14.47571
17.73713
14.43949
15.67264
10.85951
12.88592
21.15746
21.26288
19.68643
19.62471
14.53224
21.57188
20.45623
13.372
11.33289
10.41332
12.83071
16.22541
12.76072
12.63124
19.65455
15.84226
14.84447
14.02065
12.40274
15.0116
14.43509
7.980138
10.36574
9.87725
7.467438
5.452881
6.686722
7.651166
10.24648
9.263793
9.302171
18.42007
23.16983
16.36849
13.7691
10.43605
10.83369
9.346534
8.522068
10.29684
7.337195
12.19591
10.42628
8.387357
8.510846
11.96284
15.38147
16.67657
13.94409
13.27178
12.92291
14.64996
21.92144
26.31897
21.09221
15.02563
11.66558
10.85738
10.30793
12.41613
14.11329
16.28574
18.27764
17.17309
14.03547
10.43321
11.43821
12.26439
11.93437
9.309086
12.18513
13.045
19.05737
20.12478
17.63877
22.05881
20.50065
14.7667
12.54136
14.60803
15.37286
14.68274
15.87211
17.80874
11.55324
8.369766
10.20364
12.12211
8.889974
12.32758
14.22927
18.89502
20.09581
19.40586
17.74766
13.75922
11.94675
14.36379
13.66594
9.080846
16.8295
10.46428
10.95552
14.75556
14.5741
12.35786
13.56411
16.35705
12.84401
21.01281
18.04147
19.70664
14.10528
9.613952
12.44404
10.72965
15.56186
12.82196
11.71323
13.53999
16.86366
13.45127
12.12177
11.74328
15.30781
12.79154
13.90863
11.83602
13.15765
11.87999
11.15202
13.78985
12.31315
15.29532
20.76845
17.49637
23.06556
18.89841
15.16616
17.70961
14.30888
17.25777
13.104
13.66108
21.8366
17.65969
16.81384
17.05848
12.14413
12.5187
15.46172
15.81093
13.60968
15.0318
16.42527
17.85654
14.95604
11.14732
9.900895
12.66911
17.60433
15.44489
14.21772
19.16361
15.90849
16.81025
12.47317
10.71745
16.90457
11.92992
11.37684
10.80024
10.07007
8.529475
10.15753
11.81311
12.74703
15.08317
12.2435
15.05449
18.16204
11.18032
10.64631
12.86923
18.24443
17.09647
12.17186
11.59329
15.99378
17.25403
10.63401
14.10582
11.86855
14.45786
18.40517
15.24367
14.72307
8.903616
15.42075
16.48299
16.49171
23.06192
16.98371
12.801
12.88781
14.4923
14.92934
13.95429
13.93877
12.76928
16.75322
17.53605
11.1395
12.92062
11.55469
11.68877
13.15626
16.91381
15.13721
13.78649
12.17075
18.80587
16.19127
15.47814
13.11932
10.27627
10.47107
13.21307
11.42175
11.94963
12.1516
8.287294
5.931097
5.319991
5.444046
6.422291
7.855297
7.576545
7.239576
6.456457
6.192737
6.559347
5.855053
7.582122
9.284544
8.493611
7.14596
10.4443
11.17769
16.95534
13.6071
9.379896
11.53819
8.262498
5.151582
7.748852
9.964752
9.646647
9.258594
13.62817
12.81441
12.75105
12.95818
13.29634
11.05889
11.29401
18.12223
18.41288
11.83478
11.68154
12.20989
19.02417
10.12236
8.501077
8.313636
8.596498
9.759717
12.21902
11.01737
8.637544
11.32018
8.366877
7.825227
7.589294
5.597737
4.797808
7.0467
4.524537
5.785039
7.615813
8.383271
10.28805
12.12832
13.87713
16.50707
13.36903
12.04588
9.035058
11.00573
13.96179
16.06689
15.13288
12.05757
10.91097
15.59159
15.09092
11.79881
11.17487
10.68233
12.13036
12.8754
12.94696
12.32573
10.83452
8.385
12.12937
9.555572
13.53801
14.01599
13.85466
13.88244
17.99999
17.05546
13.36465
11.64418
10.67005
12.42215
12.57932
11.38995
11.84205
14.28724
16.8058
16.10399
13.99044
11.77239
13.65858
16.09155
15.1416
10.8415
18.03301
18.49148
24.40414
13.53106
9.171892
13.40714
8.523865
8.992663
8.079754
10.23158
12.72694
13.31558
13.77399
12.66548
12.45178
17.54145
16.71482
15.91483
11.95621
11.72711
15.15313
15.14759
13.05618
13.51859
12.02832
9.624873
15.37384
13.71555
14.52706
16.59276
18.28404
19.02583
15.90068
19.05473
15.61169
12.38689
12.56943
16.06163
18.37206
16.43108
14.55796
12.23729
13.76229
14.23871
14.40268
13.96701
17.29344
11.49832
11.00713
12.88256
9.948965
11.86895
12.74416
9.791977
10.89515
11.97017
12.78411
10.44596
11.21408
13.86141
13.67502
14.8683
17.08564
14.64971
14.97833
16.28669
12.06823
9.638147
11.48991
15.47806
20.47142
17.40218
16.76068
20.02494
15.92032
16.94537
16.82174
17.19692
13.01889
10.78036
13.52824
15.1841
21.11275
20.91361
22.20654
16.68385
19.25755
16.7638
12.94006
7.657123
9.383874
10.48431
14.56751
14.31138
13.13754
11.94712
11.02989
13.78668
13.36225
13.20691
14.14062
9.601528
10.83922
10.89959
10.23979
9.925759
9.091804
9.355996
6.152844
7.237418
8.855263
8.58188
10.26714
14.61803
13.44046
12.90151
15.70425
11.24221
12.19744
14.0159
12.93673
14.32405
16.63817
17.54929
20.37349
16.61643
22.14445
21.84482
18.48122
11.94058
11.54029
14.54621
12.91707
13.46089
9.3001
11.62507
13.14293
14.13295
9.409683
13.38713
9.143261
11.39525
16.16594
16.67478
14.35273
17.47997
13.95768
18.95311
16.0137
15.06634
15.11474
18.69115
14.63372
16.1583
13.46582
16.50138
16.90945
18.75819
18.31301
12.24822
13.35494
9.313889
7.635235
10.19492
13.15995
12.15138
12.27893
12.68577
14.45684
11.51919
22.89074
11.5032
15.47105
20.54674
25.05438
18.61151
22.58347
15.91373
14.32836
15.71531
12.3555
13.2929
12.23172
17.41959
19.29324
19.25826
11.49514
14.33303
15.83912
18.86849
15.00699
18.67436
28.62348
21.34616
20.89591
19.10376
13.57679
12.72228
12.83805
14.10713
13.2518
13.99764
10.00673
13.48762
13.0045
13.03434
12.95035
12.1669
12.15797
11.48843
13.94191
13.64705
10.26258
15.31521
11.64549
12.1749
12.75498
11.99438
14.26289
18.37216
15.67394
15.29514
14.94112
15.46084
14.71512
10.81213
11.26529
15.03869
15.22611
15.27585
12.67814
12.46082
12.67038
13.70555
12.59687
16.36131
15.47196
13.67055
15.60268
20.50795
16.03944
19.90381
20.64307
16.33406
14.92441
12.25849
8.926846
10.47718
12.55624
8.700281
13.49013
13.2442
13.50569
14.17678
14.12367
12.01154
17.52892
11.71457
11.69844
14.59493
12.7267
11.1589
13.23082
12.03965
16.66226
15.53997
14.6734
16.87182
19.76365
9.570379
7.237181
7.59407
9.233701
9.025027
9.930637
8.695747
12.54704
12.64211
13.52205
11.55784
12.70214
14.02367
17.02098
14.77703
19.05902
20.48077
12.48032
13.23882
13.25298
14.28336
14.37005
16.66972
11.5
15.64196
15.5609
15.42447
17.00658
18.67234
17.65693
18.20855
12.48976
14.23543
18.11448
15.22549
12.63437
12.51056
10.51441
11.76808
13.23343
13.35115
12.3526
13.51172
10.72578
11.28705
8.37386
11.41644
10.65582
10.37085
13.44179
12.59657
16.18272
20.08981
17.27135
15.86155
17.77536
19.59761
19.16162
19.57548
13.39969
10.73501
10.63809
10.23814
9.844259
13.5926
11.49775
16.44662
16.25386
16.81927
17.71167
19.28239
14.5681
11.15455
12.06188
17.40965
19.98881
15.38176
14.24522
18.5101
14.33663
12.09287
16.41729
13.0264
19.8589
16.11295
15.44285
13.07972
17.87795
12.57519
17.72459
9.662308
12.898
12.61634
12.47432
18.24496
13.92939
8.702356
8.491721
7.190789
6.716552
6.267413
5.566128
6.670556
7.101831
7.61623
9.989783
13.61804
13.5747
16.16739
15.80451
12.6005
14.44564
14.95799
17.38605
17.92754
15.22025
17.09914
12.26157
10.42095
10.78761
9.723986
12.66067
8.818827
9.084562
10.05565
9.72508
15.47014
17.65622
16.40905
12.78174
11.5537
12.44601
16.56208
20.79169
16.84544
13.80182
17.98696
15.60802
14.41969
15.88502
17.99803
14.85975
15.7957
13.22717
13.33543
16.5535
15.99908
14.69061
8.656609
8.854571
9.094963
13.61584
12.00753
13.58472
10.71935
9.231743
11.11038
10.88922
8.688235
6.837079
10.93812
7.637707
8.155719
14.79173
16.81266
14.97045
14.69593
15.61057
17.50801
14.30701
12.18357
13.01817
20.7093
24.2623
19.37309
17.61709
15.44369
15.76849
14.67239
16.97888
14.48673
17.25955
13.1573
11.87747
13.1972
17.42567
18.85018
19.93188
18.25431
16.88243
17.98166
14.78454
12.61999
10.32934
11.94616
12.77347
10.91853
9.286082
8.352898
8.80275
10.75021
8.806653
17.64303
13.11247
14.98653
13.89961
11.4534
8.769187
9.286654
7.978144
12.57995
13.77055
16.8669
14.16564
14.37953
17.15718
12.72776
14.92203
10.49788
6.556179
7.029071
8.657555
8.089757
7.333363
10.58567
8.274516
13.32994
16.16138
11.72266
14.19013
15.32373
11.84833
9.716846
7.307585
7.002746
8.948583
10.58416
8.194599
8.666403
8.360704
6.890458
8.789766
10.08444
9.344491
6.713153
5.97253
7.802885
9.504059
7.404868
7.289412
8.606218
7.668856
8.563269
10.52834
12.96871
12.5208
9.304013
14.10863
15.19256
15.22509
13.69882
11.60264
9.103245
13.04064
15.84372
14.13026
15.5967
19.99309
15.99786
17.41712
20.67732
22.16076
19.88385
16.15567
13.16923
14.28796
12.50423
13.28459
14.32466
22.97424
23.28589
18.03554
19.80346
14.72645
13.62815
11.21465
8.181485
6.841074
4.334867
7.756828
10.89379
14.54698
20.49163
15.16403
12.12218
15.39593
14.3862
17.34901
14.3133
13.16213
12.78318
12.29489
12.30503
11.66143
13.17444
17.03722
18.99651
15.26051
14.68023
17.03968
17.64138
24.9179
25.87819
19.06002
16.78399
12.21227
12.31624
12.41054
13.39019
15.7772
14.94857
14.32967
12.57681
14.95127
13.24751
14.75605
14.87742
12.26217
11.91468
11.36196
13.92366
8.352797
13.6554
16.1687
12.95919
12.74957
8.718827
11.14942
13.2796
20.92462
14.23771
17.86529
16.02951
17.14908
16.25177
12.77575
12.85731
11.51486
11.54135
12.163
10.31058
12.22706
9.782116
12.78949
13.19339
12.09118
13.08727
11.31558
11.55321
12.09303
10.4299
16.33809
19.12084
17.37566
18.79409
16.46039
15.21339
12.77203
16.98622
16.34349
25.93236
19.8721
13.80771
17.59217
20.1869
17.32225
16.58996
14.3284
15.96224
22.19553
19.1003
14.67936
9.444835
11.24406
13.11525
9.126907
11.74976
10.24308
11.34543
12.126
12.34217
11.43641
12.94768
11.6703
12.89069
10.54656
11.06434
6.923598
5.472761
6.177624
5.608824
7.91894
7.011274
6.705632
10.06567
9.983855
14.8391
11.21214
13.02922
14.51987
10.27357
14.17708
11.31495
12.41051
15.53447
18.96443
25.62008
15.1786
12.63905
17.45357
16.24936
21.78031
20.6004
23.18154
21.91827
25.29545
18.23399
16.17531
15.04724
12.87162
12.08058
15.54439
14.76544
20.38541
20.67314
20.28937
17.23717
13.36259
14.84865
12.6223
10.24954
14.43453
13.29101
14.3794
15.00934
14.52195
16.30827
14.5087
12.48523
12.80538
15.60726
16.52065
14.67435
14.76839
12.46417
14.9256
11.73236
10.51318
8.588737
7.940196
8.558117
6.498171
9.282094
11.75741
12.06289
9.45831
9.904983
15.63602
15.2234
14.59278
15.04904
16.70684
16.1736
19.50028
14.86161
16.43508
14.84682
16.23208
14.20883
14.89233
13.41124
18.99333
14.71309
16.82669
13.2983
10.07129
8.583323
11.98374
7.815454
9.41469
8.78601
6.797425
10.07653
10.25452
10.88335
14.90118
15.99628
13.01644
14.28354
15.02365
15.62808
13.27134
12.41529
11.9888
13.83291
13.3872
13.17289
12.55221
12.12172
13.67695
11.96891
18.17361
17.20208
16.21863
23.66195
20.94111
21.77216
22.43441
14.11886
18.72195
10.70163
14.17477
15.27949
13.30775
9.5215
12.53117
18.93968
16.63349
12.32696
19.69384
16.64344
13.71021
21.63803
20.46291
19.84493
20.521
22.33852
19.98844
16.12274
15.84082
13.42247
18.57393
15.96782
19.18115
16.71693
12.09352
16.9753
14.75717
9.387599
7.892659
8.055698
9.975435
7.571928
8.967767
13.63401
12.30357
6.92813
8.324861
8.103069
7.958233
8.866921
11.09434
12.11724
16.09497
16.88265
12.4908
18.60289
15.7153
10.13851
8.624397
9.104018
12.93874
12.62185
12.86587
15.42551
10.85144
11.95728
8.448509
8.02225
10.36756
9.425037
10.97291
11.72052
10.93304
12.62751
21.94977
16.56698
14.26711
15.04619
10.46668
12.07462
13.81463
14.16673
13.81714
13.66624
12.47826
14.38144
10.602
14.06535
14.71395
14.79812
17.53418
14.75558
12.38
12.7946
13.75655
14.19993
12.94393
10.22501
10.74347
13.81219
14.9246
18.45807
22.39294
18.30785
19.12649
16.65358
14.92911
14.14524
19.14191
13.50398
14.67309
15.68702
17.33707
20.79403
17.96474
18.69934
25.193
17.88859
20.14447
12.98651
11.74594
12.59893
9.190106
13.39326
16.7228
13.40974
11.05123
7.998778
11.64284
13.34319
21.16778
15.01856
14.96067
20.30558
19.37686
16.84826
17.0785
25.25034
26.33371
16.31821
14.49525
14.64365
11.1966
12.33524
10.31938
10.83096
10.42966
12.35775
10.14378
10.29727
13.8046
18.45806
19.65001
12.96709
11.62387
15.33374
11.20412
9.84477
12.015
11.99839
11.01281
9.562781
