9.977187
10.41651
6.985434
9.706982
8.291765
7.679074
6.547231
6.699784
6.12454
7.563841
5.93884
6.518136
6.439656
7.271917
6.382709
6.387647
7.96504
8.528896
7.068684
9.19601
8.052004
6.254357
5.561557
5.590917
8.139304
5.469267
5.626589
7.428541
8.69469
5.404195
5.045312
3.953886
5.04671
6.729498
8.615133
8.679659
4.998947
4.890772
5.107146
5.293231
7.019239
7.724139
8.18088
8.525408
10.34352
6.873548
9.914859
9.715966
9.086902
6.943723
7.072876
6.817243
6.106669
6.602345
6.374874
6.770202
6.425423
6.496436
8.275099
9.169843
6.486038
8.240201
8.437947
5.88693
6.677391
7.212344
6.6571
5.674526
8.665952
8.839115
8.118066
7.205099
8.091958
6.527126
5.954646
5.828677
5.362465
6.021283
6.168021
5.709231
5.730763
6.575987
6.212695
7.70047
7.452492
11.27182
7.342257
6.689262
7.805181
6.974748
6.544312
6.315875
6.15981
4.350146
5.514099
5.794151
5.484964
8.656082
5.400233
5.760484
5.910302
7.654115
5.58582
7.154922
7.512283
6.270314
7.379488
6.261696
6.891417
7.485975
5.676265
4.688065
4.939957
6.002585
4.699559
6.561773
6.359773
4.539484
4.656209
7.592807
6.886294
6.149546
7.279699
8.241425
9.029819
7.414208
6.799058
6.878116
6.043331
4.489506
6.09988
8.211608
4.598355
4.961635
5.950719
7.643632
7.031827
6.23359
5.211675
5.883403
6.6169
7.060461
5.734469
6.176474
6.936357
6.109143
7.218306
6.425968
6.643955
6.745684
5.275687
4.265181
5.132147
4.518153
4.737796
5.707378
5.3825
6.341702
7.079817
6.029817
8.044188
8.00522
8.378461
8.587695
6.736147
8.062521
7.644016
7.883836
7.068285
4.935471
4.908899
6.347408
5.926769
7.562121
5.486185
5.733885
8.573293
9.903415
6.272265
7.304503
8.110657
8.942038
5.538603
6.345767
5.035098
5.221176
5.417399
6.520474
6.199763
7.768973
4.800671
5.127252
4.314405
4.234472
4.768845
5.607306
6.605143
8.39955
8.448407
4.61672
6.442472
8.6961
6.856322
5.944317
5.589947
7.513518
8.877584
6.117944
5.497792
4.402505
4.629916
6.328079
6.461491
7.414211
7.030366
7.382221
8.143805
6.817957
7.074986
7.102473
7.337159
6.030266
6.853008
8.456498
6.118884
6.230132
6.876549
6.494893
8.143937
5.222746
5.015373
4.8228
3.870143
6.105657
4.364092
5.325247
6.99941
7.262631
7.019358
7.409966
8.780183
5.480391
5.703172
4.72649
4.924902
5.565202
4.971937
5.275427
7.499204
6.891306
8.406117
9.982196
7.380686
4.766806
5.077367
6.786985
7.138722
7.426371
8.57033
7.683585
8.022751
8.750861
9.39414
10.06644
8.235953
6.713256
7.001995
8.410776
6.887938
6.738355
8.34769
7.344308
6.169908
7.860209
7.737366
5.423248
8.202
9.573856
5.736044
7.561846
9.604931
11.56475
7.858538
6.119184
6.842346
9.261038
6.722682
6.082833
6.696807
7.968252
10.22633
5.92415
6.125128
8.051627
6.854722
7.260799
8.973736
11.72334
8.021808
8.589276
9.376064
8.782013
6.951078
8.09301
7.100005
7.286473
6.212601
5.988109
5.491793
5.893363
7.18793
4.401406
6.185358
6.652437
6.317933
6.929751
8.486743
5.428851
8.216944
8.049832
8.136227
9.145052
9.491182
10.68782
9.316974
7.040377
8.651449
9.134413
7.61339
6.671418
5.92794
6.753394
8.27056
8.969603
9.495518
11.13744
6.692285
7.789528
7.246492
5.635987
6.580194
5.462521
6.461678
7.724968
6.957426
4.754267
4.34134
7.355893
7.541981
7.208086
8.644372
7.2359
7.367338
5.75997
6.74735
8.88566
8.076893
7.738883
5.101422
4.912753
5.632102
4.341438
6.818324
7.3011
9.393429
5.09172
5.630223
7.221835
5.644259
5.964344
6.041511
5.248907
6.928743
7.726008
6.283619
8.310611
6.210407
6.99399
8.148142
7.652577
5.660118
5.648615
6.476456
6.569955
5.924503
8.108774
10.31471
7.776921
8.057229
5.598778
6.513991
8.263465
6.948186
6.40308
7.662157
7.506221
7.166053
8.865784
5.867714
6.876565
6.698929
4.955369
5.195549
6.536611
7.009207
7.403099
7.934321
10.06736
10.31596
10.70557
9.170265
7.195565
8.422247
8.840124
6.087859
5.431297
7.37704
7.397115
7.147379
6.77926
8.953966
8.822266
5.722715
9.25117
5.659805
7.032756
7.518711
10.99645
10.22778
7.456465
8.328074
6.411904
7.405201
8.024942
7.058998
6.889113
8.030767
8.718174
7.926316
11.26512
8.888074
5.649964
6.883637
9.36486
8.317962
6.198301
5.200079
5.653369
5.721061
6.729026
8.377787
7.911139
4.907698
4.460929
5.031071
4.904522
5.283184
6.645866
6.831701
5.214419
8.212269
6.350346
8.340064
8.935845
7.845104
5.728563
5.38694
7.60978
6.090519
6.450294
7.932356
6.507308
5.501189
8.954457
7.724569
6.718748
7.653733
7.655146
6.853438
5.707051
5.453907
5.733818
7.834812
6.739775
6.492007
8.683921
5.553724
6.729624
5.192556
5.956558
8.419018
5.380324
5.054628
5.434817
6.575655
6.430001
6.07659
7.15235
6.267496
7.546754
6.526535
6.950823
5.92203
7.160261
7.162898
7.757465
7.196517
4.873304
7.221284
7.881807
7.674773
9.356896
7.940727
8.633163
5.963816
5.424485
3.894004
6.296584
6.992508
6.430811
7.733259
4.847922
4.835001
5.391531
5.233927
4.984033
6.401829
5.532073
6.043812
5.414006
5.253283
5.289459
5.974231
8.045168
8.090551
8.231038
7.370484
7.804213
8.433733
9.110001
9.893457
7.289023
8.948833
9.018888
8.122754
7.88899
6.248989
5.709108
4.894437
5.829437
6.566932
6.243794
7.223958
10.34465
10.41278
7.777512
6.114317
6.357957
5.833337
6.961528
5.571247
6.924173
6.579973
7.055641
7.147506
6.959653
6.359149
6.697535
7.076401
6.403365
6.044247
7.676794
9.283523
9.815839
8.09247
7.333868
6.815731
10.34273
8.437443
6.171509
4.705695
4.492551
6.077523
6.856631
6.616998
5.29428
6.37828
5.443788
6.37631
6.756003
6.017095
5.898783
5.968992
8.231343
4.447598
5.699301
6.217269
6.828203
5.533054
5.445969
7.642578
6.07582
6.468104
7.053825
7.407795
8.434299
4.779336
6.187324
4.888439
7.146147
9.16713
7.699836
6.524203
7.468729
8.970843
6.258894
5.799864
5.887251
6.380596
6.406278
5.560006
8.762403
9.926375
10.41486
8.37135
6.523074
5.385286
8.826164
5.409963
6.039584
8.560263
7.956487
8.423078
6.189803
5.482802
7.647565
7.618109
6.797829
5.521904
7.352055
8.028118
6.951375
6.568115
5.755029
6.325655
6.433811
8.452881
6.497366
7.450532
5.555874
6.276621
6.382409
7.547833
7.808751
6.094668
4.503837
4.391984
4.154673
4.918805
5.644965
5.308915
5.396997
6.180023
7.66264
8.071376
10.71118
9.283753
7.956625
7.438823
6.610511
6.756227
7.05394
6.738934
7.790157
6.873887
4.991878
8.182194
7.393891
5.893623
8.451571
6.147503
7.341985
6.898918
8.484177
7.151416
7.600553
7.351118
10.58198
10.10046
7.635316
4.988692
7.024104
5.888948
5.87796
5.655275
5.530887
6.316607
6.526066
7.348802
6.44054
6.450284
5.73203
6.355547
6.013224
4.12784
4.24854
4.148785
5.725754
5.238077
3.9024
5.798217
4.269131
4.464974
4.927567
7.777347
6.148328
6.52572
7.755215
7.253741
5.691493
7.254503
8.627155
6.791621
8.673158
7.9311
7.377475
7.291117
6.899382
7.32886
6.372764
5.894169
4.768807
7.146788
8.501759
7.733435
4.882816
5.745106
7.030587
5.882901
8.437913
5.472163
6.940254
6.12062
6.509492
7.046864
8.084209
10.87084
6.407236
6.207569
5.977918
7.871038
7.293332
7.767088
8.860849
7.77325
8.243192
7.740153
7.185806
6.682721
6.436392
6.087151
5.127189
4.493883
4.484599
4.847639
5.987307
5.759063
5.704525
6.165215
5.801106
8.063357
7.584919
7.516434
6.058155
8.444067
8.210724
6.288065
6.209741
6.127032
5.208522
7.143166
6.33905
8.151898
7.851567
8.882223
7.112534
9.578604
9.426914
8.708594
7.841916
6.724791
9.340441
9.933783
6.840539
5.301652
7.055038
6.913557
8.731811
7.190984
6.801493
8.596248
7.69903
9.609314
6.068678
7.79185
8.396939
8.22189
7.091138
5.315426
5.187886
7.661133
10.19493
8.485939
9.401867
7.421789
6.162576
7.589042
6.333557
6.646065
8.097926
9.270851
6.431371
5.643714
8.234866
6.458624
6.18952
6.840167
7.452562
6.324652
6.7973
4.663742
6.387506
9.017922
10.08262
7.696093
8.957238
7.515906
6.116346
7.19429
8.6533
8.585178
9.328179
7.071812
7.940839
7.018257
6.588505
7.279143
5.561109
5.344831
5.134676
7.435278
6.986257
6.019755
7.379856
5.391046
5.874928
7.456948
7.148979
5.127352
5.410187
9.29511
8.094275
10.28407
6.752125
6.06095
5.663533
7.096814
7.452429
7.679441
7.00199
5.649774
5.83926
6.679658
5.78833
5.805355
5.62583
7.316819
7.520327
6.978274
7.558583
7.911472
7.963317
9.775062
11.35528
12.42758
9.506425
8.153282
8.527624
5.612547
7.639897
7.723396
7.868991
6.202964
6.629163
8.939117
10.70618
7.546703
5.547519
7.445574
6.771272
5.928976
5.965002
9.027511
8.140754
8.1178
8.153072
5.44224
6.930008
6.355847
7.327734
6.679213
6.662336
8.11025
4.147802
7.255792
5.880793
5.900645
5.89219
8.945069
8.0749
8.19803
7.493499
6.689532
8.968455
6.002214
4.761335
6.761525
7.106679
8.009745
6.804731
5.796031
7.185936
5.82997
6.000543
6.515495
6.224019
5.487939
7.396268
7.199689
5.695981
5.892458
7.593065
5.145212
3.944706
5.876137
5.872313
8.13713
7.151
6.987126
7.242242
7.328831
6.58975
7.927185
8.347179
10.28645
7.476343
4.779812
6.436188
6.718556
7.342023
4.606771
5.976384
7.219452
6.491347
6.857055
6.060262
7.215641
8.086057
6.953684
9.071299
7.156523
7.285639
7.722779
7.669113
6.541784
6.873236
7.079193
7.526464
7.043259
7.634575
6.010414
8.044693
8.328665
8.660563
8.980699
6.846342
9.170448
7.306287
6.448504
7.202505
5.796274
5.230884
5.532124
4.612773
4.101403
5.371859
6.128109
6.355997
8.359253
7.659975
5.93116
5.115354
5.487934
7.896449
8.366703
9.212899
7.808225
7.118216
8.118387
6.795986
5.732854
5.033571
6.498795
5.687975
6.367982
6.28886
6.352418
8.003807
7.377735
6.921982
9.45909
7.970143
6.569785
4.854533
5.270227
6.093967
7.828594
7.796182
6.702391
5.203151
5.480693
5.825169
6.256393
6.516243
6.245824
3.993234
5.511573
5.188422
5.811073
5.374536
4.641789
5.037251
4.904848
6.353603
7.03289
6.182849
6.762305
6.18258
7.469178
5.724004
7.36754
5.756977
5.425633
5.364054
5.508971
5.001918
5.010467
4.222209
4.97383
7.279822
6.384893
8.161991
6.227122
5.185459
8.179849
7.68086
8.494911
7.814684
7.303989
5.021543
4.666401
4.262538
5.473513
6.206512
3.993848
4.844351
6.811873
8.327879
8.110271
6.468085
8.599903
5.757413
5.866639
5.503874
7.023825
8.404333
6.722224
6.177972
5.707625
5.906193
5.692031
5.384328
4.928119
5.7419
7.10896
9.019671
6.42518
7.571403
6.156404
6.832154
6.061356
7.376045
6.779051
8.023956
8.529198
5.652107
6.282482
6.47294
7.017767
6.778739
6.932905
5.920222
6.996711
6.316557
9.246738
4.804225
5.070275
6.626705
7.580874
8.253722
8.66725
7.457681
8.459288
8.4805
9.147084
6.451939
9.084567
8.667942
6.402824
7.424779
7.455181
6.569231
5.50092
4.918708
5.243496
5.186684
5.107664
5.253595
6.452906
6.154538
4.984197
4.324296
5.19681
5.192296
6.336746
7.575765
9.058763
12.17764
9.567443
6.349479
6.684762
8.009335
5.826578
5.052639
4.37986
6.676568
4.891526
4.921967
4.903123
4.354046
7.525132
6.217542
5.693546
5.510943
4.665639
4.57007
5.504608
4.419976
7.649156
6.773568
5.92276
6.260015
6.331782
7.510568
5.833219
5.529282
6.922624
6.441613
8.650272
7.944341
6.649778
6.078437
4.427954
6.022186
6.641661
8.575128
6.386128
6.508593
8.304125
7.75762
5.60296
5.62146
7.952925
8.691108
6.088045
6.310521
6.171021
5.060861
6.397273
8.058202
7.62429
7.526137
9.33952
7.616483
10.43514
8.874998
7.444578
7.019475
7.070828
7.667587
6.677723
6.447802
7.705444
7.044373
7.165647
6.110436
9.830921
12.21356
6.236145
6.785201
6.463438
6.590388
7.298841
6.542951
7.279224
7.685781
5.699685
5.849525
7.00495
7.518296
6.529176
5.362897
6.39036
7.974427
8.739905
6.255189
6.737092
6.303923
4.403891
4.521622
5.787478
6.321097
6.105729
5.997715
6.721427
6.525485
7.402423
4.996533
3.507025
5.314865
5.653387
6.922126
7.515596
8.071194
9.641179
7.106275
6.789855
6.985717
6.284159
7.092811
6.463734
4.514474
4.320483
4.965771
6.163733
8.378853
9.993453
7.302626
6.833951
5.960473
7.713517
7.234864
7.990267
7.850315
9.325755
11.70189
8.97383
9.31784
8.658401
6.92623
7.482699
6.38312
4.61193
5.360697
5.734951
5.144121
7.841438
6.605056
4.606746
5.173409
7.095408
7.516232
6.142413
7.510148
7.438053
8.827071
6.521512
6.227792
5.020674
5.913283
5.996843
5.985368
6.71859
6.989438
7.337534
5.186832
6.343242
4.825292
5.014809
5.400442
5.215
8.400113
7.777231
5.154704
6.947378
6.755766
5.783141
6.167209
8.899926
7.930491
5.156609
6.670039
9.847051
10.0079
5.673367
7.901425
6.903785
5.395693
7.061402
6.162781
6.13827
9.233868
8.510151
8.26336
7.634877
5.308754
4.564068
5.022461
5.748112
6.289115
7.565962
7.019231
5.952846
6.69486
8.041517
6.117398
6.777854
6.360565
6.677403
10.62885
7.917828
9.819507
10.94783
9.904361
7.857219
9.173232
9.86856
6.850616
10.07637
8.374155
5.015445
6.144519
6.555467
6.097535
6.879398
8.506039
6.468607
5.039117
6.538297
6.387176
11.14028
9.266925
10.61357
7.284705
5.858399
6.343301
4.992819
6.698546
7.95543
8.970939
8.02772
6.520285
5.425253
5.54151
7.45967
7.61296
7.494645
6.169814
5.389672
6.259721
5.062328
4.986129
5.782615
5.305165
6.726994
6.266266
7.357072
6.75208
6.594771
9.305757
8.39386
8.794728
7.198188
6.352452
8.698257
8.664124
6.959482
7.143665
8.380108
10.62437
8.054091
5.849636
6.504351
7.151773
7.815424
6.358464
6.857524
6.013801
9.199483
6.989586
6.467076
7.051835
9.721251
8.010999
6.179138
8.131669
7.033302
7.018791
6.431319
6.70338
6.414457
5.509742
6.034532
5.811301
6.16712
5.780608
4.346629
6.128372
5.791978
7.398613
6.984934
5.133173
6.649348
9.151095
7.943494
7.330629
6.501143
5.350056
7.277146
11.13442
7.251808
5.698069
6.653272
7.625271
4.459122
6.751721
5.775954
6.484126
10.77153
12.02682
6.36021
6.443692
9.724339
7.43418
10.41467
9.738272
7.988942
7.988604
9.223713
8.259882
8.78175
8.544786
9.311635
8.171675
6.786095
6.361503
4.601122
7.00257
6.891637
6.499782
8.228109
6.653814
5.999078
5.144822
4.92722
6.068613
6.052315
7.962736
9.410949
8.496216
4.544635
5.576948
5.904972
6.749678
6.310147
4.716629
4.607687
5.653816
6.657556
6.730092
6.663655
5.961065
5.791984
5.210845
4.422826
5.080876
6.033745
5.285112
4.455347
3.463579
4.470308
6.21467
6.456219
6.202179
7.07756
7.023394
5.775644
6.052557
7.214519
7.59446
7.226666
7.024233
8.066403
6.983305
7.474051
7.328929
9.65986
9.611005
7.487723
7.779948
5.090559
4.773442
6.602922
5.087627
6.316556
5.771921
7.063183
8.584733
9.597866
6.572733
5.800374
9.02021
9.124245
8.943909
8.735828
5.936382
7.759333
5.161389
6.462552
6.508999
6.024007
8.054002
7.133549
7.064336
6.501376
8.61258
11.4683
8.574023
7.896837
7.919265
6.171437
6.385124
5.529467
4.963602
7.152631
6.997918
4.74695
6.148816
4.723249
7.57482
7.625507
5.760361
5.258105
5.040269
5.446407
6.635025
7.378747
7.974414
5.543262
7.111223
6.930414
9.641584
7.988258
7.289487
8.958445
8.426725
7.025219
8.890291
6.083593
4.436197
5.04918
5.656153
6.282769
5.247925
4.595122
6.848816
5.251353
8.24409
7.369672
8.422101
9.459062
5.034869
5.668137
5.344756
6.323339
5.568461
5.515614
6.773761
7.24079
4.544165
5.990693
6.410493
7.022515
8.416606
7.030294
6.497608
7.055134
7.742502
9.658362
8.273238
5.752261
5.28072
5.489978
5.841595
6.369378
5.540188
5.338873
6.89789
6.605464
7.911369
7.292243
8.273781
8.898687
6.961963
7.150699
7.532022
8.912954
9.260069
8.275745
7.388794
9.011333
6.448646
9.497096
11.09081
10.03516
8.431303
8.4257
5.904835
6.21173
5.342793
5.849921
6.135174
7.448264
7.630406
7.145281
5.95648
7.050573
6.384937
7.723577
7.226827
7.90794
10.79961
6.348492
8.935653
6.33204
8.663901
7.559961
5.276496
6.185747
6.233644
6.856391
7.258677
7.649405
7.763833
5.438393
4.858987
5.551917
5.873868
5.766958
5.326892
7.044576
4.459339
5.449819
7.484866
5.978371
6.578701
5.987762
5.013054
6.045482
6.396733
5.698002
6.120941
9.280726
8.215891
7.766136
7.770495
7.178464
8.385223
5.5347
5.576051
5.59828
6.401748
7.806462
7.042157
6.325428
6.758793
5.299649
4.911751
6.017032
6.38865
6.407763
6.855675
8.080204
9.857116
8.77942
7.312144
8.030665
6.005003
5.169097
4.756197
5.090438
7.570702
8.593426
7.3976
6.911885
5.105733
5.4306
6.754393
6.942192
7.987928
8.055545
9.059388
6.740266
7.492312
6.507111
6.902946
6.589213
7.84913
6.056955
4.309138
5.629602
10.36295
6.981635
5.830104
5.832008
6.174964
5.690235
4.479104
8.037295
4.674808
5.341562
6.063175
6.450556
7.297554
5.52447
5.631021
4.392481
6.38204
5.892321
5.115478
7.157564
7.835338
6.662399
6.31116
6.523747
5.524849
5.92266
8.404857
7.434134
5.177995
5.720116
5.33034
6.796302
6.041744
6.1344
6.450092
8.094057
8.381588
7.568301
6.631393
5.149439
5.739056
7.229809
5.258991
7.718232
6.575587
7.184482
7.232966
6.341036
7.460515
4.909887
6.416258
6.542543
8.965695
8.661861
6.922423
5.431438
6.461768
7.511786
5.37969
6.290408
7.448323
6.790079
5.512524
5.707597
7.163636
4.905898
6.238368
7.498039
4.736458
5.576796
6.09966
5.881439
6.404174
7.303059
9.189875
9.622279
9.19689
10.16376
6.264295
6.443129
5.062292
5.806861
6.28031
6.132728
6.276277
8.408191
7.734933
5.056115
5.780014
6.070215
6.568472
5.439931
5.1564
4.869819
6.869866
5.623165
5.367854
7.870837
7.016151
6.546939
6.576702
6.819816
9.250171
10.15726
8.69812
6.888638
6.790649
4.590392
6.834863
5.413889
5.84695
7.196755
7.954574
8.121316
7.061957
8.284817
7.174065
7.40115
6.757022
5.122812
7.371627
7.194564
6.621626
8.189436
9.002245
7.682379
6.64735
6.499254
6.51838
7.955011
5.825605
6.431652
3.886728
5.811542
6.787895
7.347526
9.517549
9.128736
8.095493
5.679671
6.873004
7.192496
6.498623
4.490542
4.955329
6.147124
6.614076
6.232239
5.035057
5.807424
5.868162
6.605909
7.210413
8.01202
7.853901
7.12424
5.328337
5.238026
6.208924
5.6074
6.087735
5.282592
5.714949
4.224032
5.894818
5.065333
5.534588
5.227172
4.957536
3.871334
5.590787
7.51326
8.787619
7.623703
5.577493
3.616385
5.438935
8.005297
6.62747
7.659022
8.69415
7.087789
6.311078
4.522557
6.239523
4.660017
4.193752
6.896319
7.104121
5.217577
6.462961
4.92764
7.678444
6.715101
6.70479
7.538056
6.100211
7.113927
5.653872
6.613164
7.949664
5.944345
5.13128
5.202984
3.734564
3.714186
6.043723
5.390926
4.746009
5.408781
4.930217
5.747844
6.743507
4.780344
4.469149
5.86014
6.49295
5.648369
4.932022
5.837351
5.015445
6.47401
6.814375
7.01122
7.973677
8.049458
10.26256
8.557042
5.967427
6.672844
8.465219
6.814333
5.274473
4.41434
5.556319
4.840959
9.122894
5.374357
6.36077
4.8209
4.863378
8.347854
6.664178
5.564766
7.378433
6.075752
5.620913
10.90909
7.158495
6.09235
5.530931
7.531723
9.252026
7.437029
5.344149
4.948741
7.686748
7.233822
4.343259
5.353275
6.337185
5.004873
6.036682
8.464715
8.313416
7.3287
6.951809
6.909848
6.303063
6.455128
7.896351
7.697262
7.384326
8.562127
5.498811
4.92424
5.261732
8.011102
9.738676
7.765963
6.943735
6.375389
9.397056
7.401149
5.25781
6.40069
5.570039
6.471878
7.477303
6.615106
5.131489
5.823553
6.020551
5.700843
6.574197
4.091907
6.225148
7.78965
7.789053
7.689218
9.870402
6.677263
5.653463
7.017695
9.105691
9.064082
6.140297
6.123227
6.993715
5.383881
4.424397
6.377639
6.561347
8.090375
5.819896
5.80864
8.768141
8.951653
8.694749
6.924218
5.842925
7.743437
6.559477
5.853786
8.480141
8.739672
8.037114
5.482418
6.30767
5.842285
6.146341
5.640178
5.672717
6.53454
4.894015
5.726831
6.456882
5.990083
6.672785
11.11033
8.910462
7.760451
6.34191
5.817368
7.352262
7.674447
6.165637
7.59429
6.726606
7.787542
9.157197
7.443499
5.835652
8.170238
6.745522
5.973247
7.225226
6.869493
6.206802
6.019694
6.5205
6.815388
5.669651
7.515093
7.715784
6.002518
5.650831
8.430412
7.724742
7.118837
7.659026
9.986401
7.432047
8.790991
6.457204
9.161487
7.659323
7.072662
6.831378
9.945915
7.820491
9.887697
6.943588
5.253336
6.612158
6.215765
4.891659
6.470673
6.043983
5.142828
5.003755
4.659171
5.326526
7.267442
8.950326
5.838275
4.878587
5.23269
5.499218
8.22979
8.332944
8.520125
6.474018
7.3051
5.946763
6.530901
6.210418
5.091912
5.739539
7.474466
5.874866
6.314373
4.901329
5.362121
5.24634
6.742342
6.948422
6.37784
7.966581
7.26273
9.490008
6.820443
4.088068
4.678413
5.923438
7.494653
7.235002
8.311293
6.941446
5.811616
4.775881
5.661576
7.032036
7.324961
6.826776
8.121053
6.877313
4.44456
7.237768
6.640754
7.945228
5.636111
6.605008
8.582652
6.28891
5.481917
5.525935
5.335578
6.876848
6.5886
6.4205
6.829712
9.507831
8.035275
6.667948
6.796453
6.388121
6.526799
8.15821
8.997311
8.279218
7.34222
7.798979
9.186274
9.387646
12.21111
7.671664
8.354043
9.15152
7.777117
6.870671
7.244101
7.148688
7.103988
7.86387
9.777583
6.851371
7.159846
7.223804
5.471395
6.756181
6.739079
6.775981
7.558082
9.178304
7.132682
6.35717
6.418029
8.414493
6.080343
6.683347
8.230225
6.417648
5.695577
5.999988
5.771952
6.562364
7.677546
5.325205
5.865048
6.596255
5.616735
4.910195
6.36056
5.701265
5.831854
8.209534
6.572128
6.129089
6.863311
5.979308
5.901024
8.308077
8.906495
6.985946
5.483524
4.447587
5.991116
6.357327
5.841232
6.179125
8.997119
4.878706
5.359822
8.656211
5.422613
5.861692
10.30502
6.995663
7.381599
8.42878
7.587038
7.180699
6.537301
9.218793
6.595582
9.836877
7.403124
8.036687
7.826726
7.724161
6.488146
8.450646
5.828294
7.092727
9.394971
8.369858
6.154062
6.132237
5.813943
6.61089
5.772254
5.232679
6.511576
5.953141
5.155447
6.400228
5.154781
6.097547
8.436052
9.271248
7.761486
6.388013
7.600798
6.20343
5.946789
7.687739
7.148857
6.969261
6.035679
6.075262
6.344593
6.903161
7.291947
6.848103
8.877981
8.762524
6.990028
7.277609
7.074775
8.448839
6.163059
5.667262
7.669724
8.212814
10.27174
8.084487
6.769581
5.63514
4.762866
5.786887
5.060778
5.269031
4.36888
5.559724
7.544028
7.095484
7.867149
6.07901
6.377012
7.035158
6.762152
6.465828
6.708196
5.375869
4.46979
5.972835
6.534132
6.720757
6.538138
5.882884
6.011189
4.594011
5.18845
7.520469
7.619431
6.46392
10.03588
6.381685
4.245939
7.184491
5.298687
7.202097
7.35939
8.311792
8.99652
8.171694
7.952441
5.952121
6.0312
4.802491
4.821667
4.114825
4.425472
6.19218
6.607874
7.203668
6.61095
5.549528
4.559077
6.905975
7.174643
5.403343
5.353122
6.160411
6.652802
7.354786
5.483419
7.070828
4.965551
4.832038
6.734144
7.964848
8.219785
7.861534
8.016914
6.760867
8.49835
7.573678
