3.47522
1.756065
1.487493
1.562576
1.407863
1.325754
1.062899
1.173058
1.176586
0.959187
0.8452084
0.9175407
0.7307373
0.7856533
0.9540106
1.007123
1.080708
0.9512306
0.7372771
0.9070471
0.917934
0.8506259
0.9427939
0.8934307
0.7998183
0.8872329
0.7914535
1.100816
0.7629677
0.8523201
1.080709
0.9015166
1.050525
0.7689542
1.069657
0.9399322
1.014307
0.9475105
0.8157642
0.7712681
0.7098548
0.7995163
0.6851146
0.8728652
0.7333478
0.6907434
0.8893467
0.6935852
0.6478105
0.8967899
0.8172783
0.8442381
0.6276092
0.9108865
0.9133854
0.878328
1.059834
0.8172521
0.9175105
0.69247
0.8581771
0.7728327
0.8969007
0.8769725
0.7253976
0.8843084
1.028062
0.834786
0.9784446
0.9446358
0.8757947
1.007648
0.7584588
0.8466867
0.8982269
1.121076
1.011297
1.007115
1.063701
0.9367201
1.001722
1.256217
1.003742
0.9327174
0.7434055
0.6898624
0.805979
0.7745886
0.916245
0.851453
0.905308
0.7656066
1.05037
0.9726987
1.190577
1.241611
0.9023383
1.063959
0.7986148
1.018928
0.7211967
0.8631546
0.795799
0.7309974
0.8507896
0.9059537
0.9873637
1.001677
0.9391773
0.8718158
0.814316
0.9269558
0.8983126
0.851873
0.7248061
0.8075316
0.8021479
0.7970382
0.9214799
0.8858721
0.9835819
0.9311999
1.044124
1.062276
0.9959994
0.9102905
0.7924975
0.9661118
1.231135
0.7414607
0.8506987
0.9236559
0.9534818
0.8638464
0.8733159
0.7850726
0.7793393
0.8926632
1.095173
0.8894136
0.8406309
0.9742345
0.7396361
1.043023
1.030012
0.8039078
0.9982793
0.9307955
0.9537078
0.8860941
0.7558241
0.8061396
0.8567773
1.002145
1.063
1.100994
0.9725536
1.175558
1.09654
1.047368
1.161588
0.7306743
0.8577554
0.7672179
0.8123625
0.6770792
0.6909726
0.8780762
0.9102976
0.7430881
0.8404024
0.8218828
0.9753214
0.8412524
0.902613
1.183683
1.23815
0.9335949
0.7539507
0.7772439
0.9146075
0.686084
0.7303224
0.8986864
0.8839207
1.013388
0.8626702
1.243622
1.044017
0.8979822
1.2316
0.840349
1.052476
0.92208
0.7751351
0.8189916
0.9975932
1.035845
0.8130966
0.6048332
0.5850354
0.8735572
0.9393582
0.8752799
0.7889856
0.853911
0.781999
0.7963457
0.7872807
0.9413746
0.8562196
0.8356815
0.8928743
0.951231
0.9229132
1.004701
1.045635
0.9291442
1.032349
0.8055514
0.8995403
0.9127772
0.8824763
1.030962
0.8590486
0.7545204
0.7511888
0.7751028
0.7246743
0.8430985
0.8304045
1.055219
0.862496
0.7647656
0.7427681
0.9619987
0.814626
0.8051549
0.9188811
1.130715
1.350518
0.780923
1.119322
0.9465686
1.007222
0.9066286
0.8731598
0.9606438
0.9099874
0.8840736
0.9323751
1.077783
0.8598782
1.479709
0.8399003
1.275369
1.237283
1.145334
1.152285
0.8655417
0.9449064
1.073358
0.8619211
0.861843
0.9440345
0.7987657
0.9627571
0.8678633
0.7384714
1.208173
1.004029
0.8678624
0.923005
0.7883598
0.9138195
1.042868
1.008372
1.035679
0.8910375
1.120691
1.079773
0.789527
0.993776
0.8841146
0.923751
0.9458769
1.028442
0.80154
1.063051
0.7499678
0.9739512
0.9450807
1.130421
0.9420428
0.9279745
0.8106993
0.764628
1.030214
0.8975339
1.153397
0.9838885
0.7482209
0.9416292
0.903882
0.7485843
0.9184367
0.8539461
0.9814337
1.173968
0.8591054
0.9934905
0.7905948
0.7582319
0.8409748
0.9425951
1.072158
0.8307078
0.9819445
0.9242035
0.9821058
0.9249939
0.9760922
0.8741995
0.847198
1.065312
0.9795726
0.7957812
0.9679828
0.8982104
0.9486793
0.8495366
0.7572295
0.795375
0.954038
0.9533263
1.129557
0.8985845
0.8601904
0.8295622
1.286149
0.9967197
0.911314
0.7617186
0.8825738
0.7210012
0.7420368
0.9537049
0.9756094
0.8464839
0.8907894
0.7395644
1.044243
1.094345
1.162465
0.9432474
0.9291994
1.25281
0.7688871
0.9343566
0.9280642
1.066046
0.7935452
1.113858
0.8704127
1.122486
0.9504495
0.8570365
0.9053422
1.060256
1.008139
0.8886729
1.072192
0.8638301
0.8956261
0.8525029
1.004922
0.8414529
0.8038375
0.9560297
0.9405006
0.980844
0.7763179
0.8161083
0.840578
0.8737923
0.9442216
0.9932934
1.123364
0.8571653
1.150464
0.9452038
0.8742397
0.8100337
0.6334808
0.8898077
1.329299
0.9566776
1.028805
0.7857446
0.9161781
0.903784
1.024785
0.8396728
0.9766506
1.095323
0.775151
0.8998769
0.713952
0.8332514
0.7635675
0.9962624
0.8256798
0.8496033
0.8437941
0.8483754
0.8883
0.8001366
0.9084597
0.7886203
0.6223876
0.8459358
0.7274169
0.7600832
0.8329611
1.020759
1.160745
0.980235
0.9327122
0.8470133
1.017258
0.9438867
0.8027593
1.102107
0.6831742
0.8858069
0.8912692
0.9422213
0.9956526
0.8119091
0.6802869
0.7909408
0.956552
1.014909
0.8172976
0.7604469
0.9420061
0.8516933
0.9143196
0.9346046
1.022148
0.7431607
0.9365025
1.020453
0.9050612
0.9425227
0.686941
0.8713442
1.15056
0.9705088
0.9662929
0.9285521
0.8828451
0.7380794
1.023248
0.8379212
0.7297296
0.757214
0.8539982
0.9574421
0.9759033
0.8932843
0.7971797
1.078346
1.03835
0.8287629
0.9098922
1.051481
0.8708845
0.8650267
0.840833
0.7206158
0.7810091
0.8906957
0.96832
0.688531
0.9982901
0.7432415
1.013124
0.9368132
0.9226094
1.137132
1.019724
0.9306971
0.9966987
0.7204149
0.9236196
0.9262881
0.9865802
0.937374
1.004654
1.122073
0.8568767
0.8987807
0.9996878
0.9994025
1.238069
0.9670654
1.087526
0.9046998
0.8210035
1.044723
1.190467
0.8803132
0.8454117
0.8513728
0.9480278
0.8933618
0.7266969
0.9175302
0.9762604
0.6468227
0.7765154
0.9745951
0.7575909
1.06419
1.236428
0.9235748
0.9311173
0.9309155
0.8035557
0.8799031
0.8640796
0.7366132
0.9010063
0.6815883
0.8939722
0.818595
0.9396814
0.877316
0.911294
0.802675
0.7953368
0.738911
0.7121336
0.8368947
0.8436244
0.8544631
0.8452437
0.8322874
1.096275
1.122054
0.9533368
0.9906426
0.7467223
0.9962447
0.8801108
0.9485307
1.279119
1.195726
0.9434878
0.8329712
0.8953828
0.7875778
0.6551351
0.8167625
0.853608
1.088058
0.8974794
0.834907
0.8277482
0.8858232
1.031203
0.8640321
0.8214578
0.9993106
0.8375233
0.7505325
0.7913998
0.9868474
0.7978103
1.011208
0.8720815
0.7750852
0.7823754
0.9178109
0.944527
0.9918417
0.8305606
0.9660015
0.9616821
0.8991455
1.005252
0.8301074
0.8569557
0.8852947
0.933003
0.8686523
1.087875
1.162191
0.9170245
0.7749953
0.8442187
0.862504
0.8847141
0.7565004
1.275448
1.049153
1.00034
1.170171
0.9220222
0.9574679
0.8597554
1.141871
1.054193
0.5932946
0.7544982
0.9123747
0.7808077
0.906807
0.9829296
0.8443901
0.9176684
0.9227315
0.7429452
0.852998
0.8443473
0.9049197
0.9233899
0.7839731
0.8148749
0.875375
0.7775728
0.9990545
1.05788
1.005958
0.8898972
0.8750845
0.7501576
1.059176
1.057203
0.8391629
0.9850197
0.915189
0.8610334
0.8916959
0.8618748
0.8066405
0.624672
0.8041422
0.9814008
0.8331644
0.8656433
0.723036
0.8178972
0.8227975
0.7355889
1.144941
1.135067
0.8836708
0.8366833
1.035805
0.9686897
1.328729
0.9973807
1.041299
0.9470513
0.9704981
0.836971
0.7024389
1.000316
0.9826229
0.8447803
0.8497863
0.6468743
1.13822
1.00803
0.7012763
0.6400104
0.7794475
0.8865539
1.130715
1.242608
0.9385107
0.9349606
0.8025787
0.7560658
0.8014559
0.8754323
0.9795316
0.8935854
1.060882
0.8062923
0.7457304
0.7842995
1.083903
0.8412757
1.051163
0.8665381
0.7829941
0.7692387
0.8320023
0.9027149
0.760976
0.9800698
0.8921968
0.9507574
0.7237858
0.8320306
1.040686
0.9667301
0.8543116
1.022874
0.8245874
1.012454
0.7980613
0.769313
0.8735744
1.075786
0.8547668
0.9390142
1.205811
0.9827094
1.017574
0.9461942
0.8746147
0.8649867
1.104258
0.7148746
0.8970585
0.7410451
0.8851831
0.8385779
0.6909674
0.639597
0.8167833
0.8235745
0.91118
1.482048
1.181405
1.218062
1.243442
0.9336444
0.9228397
0.8849822
1.045962
1.103255
0.9656139
0.8636957
0.9710014
0.9511
0.9861082
1.024105
0.9116764
0.9393578
0.9455003
0.8544222
0.9997213
0.9580204
1.005204
0.92339
1.07085
0.7937423
0.7475985
1.036816
0.8162317
1.113584
0.6583497
0.8013813
0.9706986
0.8390718
1.141401
0.8773476
0.772702
0.9810412
0.9916846
0.951602
0.786954
0.742271
0.9316343
1.035689
1.223309
1.005308
0.9906672
0.8719198
0.8899247
0.8285973
0.8994827
0.885466
0.9258748
1.075649
0.9444621
0.7513024
0.9098359
0.9655478
1.009174
0.7881788
0.8671912
0.8512276
0.8750073
0.8658247
0.8617093
0.8978684
0.8533848
0.8966894
0.9399995
0.8363459
0.9818163
1.107787
0.9922446
0.7511928
1.100241
0.9046397
0.8497205
0.6471831
0.9283161
0.7425193
0.976573
1.097226
1.366947
0.8714852
0.8071907
0.812581
0.8814402
0.7278444
0.8287372
0.937374
0.8633576
1.213951
1.078863
1.199276
1.101214
0.9508746
0.7460131
0.9878145
0.8720205
0.7566381
0.8481484
0.8016141
0.860081
0.8553741
1.050037
0.8906189
0.9427744
0.7515714
0.801992
0.7467925
0.7246283
1.004305
1.057616
0.9177353
0.7463239
0.9474599
0.7230881
0.8159397
0.9255995
0.7633781
0.8141117
0.8342653
0.9328301
0.8641639
0.8120356
0.7946166
0.8751553
1.148382
1.05103
0.9110518
1.08764
0.8727913
0.8248078
0.9576947
0.8917295
0.8340333
0.8849798
0.7837274
0.6456869
0.695911
0.7509703
0.9208199
0.8553934
0.7975382
0.8095947
0.8948295
0.8471107
0.8875865
0.8659004
0.8227897
0.8679681
1.0207
0.9014523
0.9827684
0.9311658
0.961719
0.9820758
1.050748
0.8428501
0.7726855
1.077622
1.177788
1.067632
0.7212034
0.6673732
1.257165
1.124453
0.9037427
1.004588
1.081593
1.050801
0.6060883
0.7774984
1.024019
0.8281181
0.7966102
0.9189116
0.9248711
0.9992883
1.003022
0.9254137
0.8334676
0.9517639
0.7874298
0.9390554
0.9565831
1.147082
0.8040664
1.123369
0.5842039
0.6789134
0.7640245
0.5456283
0.8072406
0.9102292
0.9789441
0.9517893
0.9828817
1.08026
1.022947
1.071043
0.8693716
0.909413
0.9786958
0.8819533
0.870645
0.9270955
0.7698839
0.7457334
0.7132892
0.6919784
0.9250396
0.9066498
0.8838201
0.847972
0.7738481
1.016431
1.232828
0.7878231
0.9720124
0.9458265
0.674648
0.724562
0.8127049
1.213997
1.106608
0.874103
0.7909671
1.17562
1.020413
0.8577341
0.803035
0.8980001
1.003651
0.9229773
0.895671
0.8340476
0.8786787
0.8021503
0.6985566
0.9299327
0.7189406
0.6290451
0.8561992
0.7620405
0.8741473
1.07151
1.024054
1.110697
1.257678
0.7663909
0.775978
0.644002
1.000367
0.983769
0.9297333
0.9033642
0.7155973
0.7193413
0.824662
0.7907674
0.8213302
0.8586034
0.9255333
0.8056107
0.7810539
0.8260708
0.6904487
1.095874
0.9002193
0.8520919
1.025301
0.9389433
0.858339
1.111665
1.133797
0.9525877
0.9877586
0.8985238
1.221845
1.030514
0.9330592
1.046018
1.015825
0.9649588
0.7055484
0.9441484
1.010068
0.8329334
0.8504331
0.6917
0.8144229
1.007803
0.9485136
0.8533478
0.8596643
0.9853407
0.8230148
0.9333107
0.8079024
0.8932811
0.8650845
0.659084
0.8881377
0.746526
0.8909457
1.264682
0.8483024
0.7661852
0.7622332
0.8840976
0.943391
0.8977478
0.7125247
0.9345352
1.061766
1.015494
0.821949
1.024355
0.741855
0.6815033
0.7841544
0.7176953
0.7222937
1.156828
0.9141305
0.9602573
0.8713483
0.7693129
1.116732
1.244551
0.9675706
0.937265
0.7585248
0.8089266
1.089987
1.03219
1.042951
0.8963769
0.923296
0.8575987
0.782057
0.9538744
0.8338851
0.9379933
0.9323299
0.8431533
0.8728469
0.962772
0.6988396
0.7970253
0.8326704
1.050993
1.030438
1.021338
0.8402179
0.7958611
0.8030068
0.9771869
0.8687605
0.849283
1.298888
0.7595366
0.8812966
1.055171
0.6682794
1.042758
0.9239385
0.8879415
0.7132882
0.8959782
0.8536115
0.8226116
0.9706611
0.898214
0.8573063
0.7596766
0.8606555
0.9959403
0.9667699
0.6906487
0.8897493
0.7051075
0.7652205
0.6986208
0.7854547
0.9644644
1.136516
0.6773949
0.8027783
1.035966
0.9189254
0.902742
0.8723404
0.7528536
0.9506727
0.8986858
0.7949408
0.8589766
0.6950574
0.7496391
0.8362309
0.8413956
0.8651037
0.8792275
1.076186
0.7724357
0.8006777
0.8020462
0.9274027
0.9420331
1.015008
0.7122613
0.8692477
1.031764
0.7655095
0.7234454
0.7736014
0.9201333
0.9163138
0.8214205
0.8647958
0.8950066
0.9978497
0.8266035
0.9540695
1.078185
0.8871235
0.9086179
1.050369
0.6734465
0.9159838
0.9321227
0.9868495
1.003837
1.159212
1.037796
0.9485519
0.9501827
0.8545211
0.9678021
0.957815
0.8866429
1.001717
0.909904
0.9890264
0.7066452
0.9386519
0.9412179
0.9608115
1.030948
0.8246957
1.039085
0.8224409
1.050337
0.7983633
0.7370298
0.8316313
0.7479901
0.8548478
0.8206319
0.969494
0.9250984
0.626419
0.9003074
0.8362162
0.8520085
0.8630185
1.016847
1.057247
0.8846674
0.7574779
0.8738822
0.8033001
0.9370393
0.7221256
0.6430723
0.812282
0.9786719
1.136329
0.8530716
0.7790603
0.8638531
1.055871
0.9859105
1.025
1.121937
0.9693737
0.714306
0.9873071
1.383186
0.9959733
0.983084
0.8838376
1.041765
1.275739
1.021788
1.039844
1.024996
0.8555079
0.8770515
0.971036
1.024411
1.034668
0.9801329
0.9504855
1.0176
0.7672584
0.8186557
1.090822
0.9602066
1.079125
1.196023
0.9511891
0.8255883
0.8250799
0.9431841
0.8373114
0.7860732
0.8503111
0.8421511
0.8393406
0.9235632
0.7030627
0.6538217
0.9752672
1.149813
0.9471798
0.8468536
0.8297743
0.9503599
0.681369
0.8834992
1.078455
0.8949502
0.7322769
0.8417184
0.7537069
0.865219
0.8594828
1.092124
1.368515
1.077073
1.103813
0.9691508
0.9397317
0.8327523
0.7678824
0.7830328
0.7544348
0.8042649
0.8357912
0.9585887
0.9663222
0.7195805
0.8450772
0.9613103
0.9540777
0.7994479
0.884937
1.088382
0.7685433
0.9266685
0.8293896
0.7671202
0.9167461
0.9819082
1.074647
0.8396233
0.8917929
0.8299712
0.7875242
1.095257
1.098771
0.8678835
1.436411
0.7931661
0.8335229
1.084817
1.139208
0.8495541
0.9151449
0.7694445
0.662697
0.8582957
0.9894901
1.047826
0.8813934
0.9246656
0.934972
0.8116202
0.9132668
0.8570615
0.958537
0.8283754
0.9618098
0.8010844
0.8483631
1.050519
0.9165075
1.01433
0.8891446
0.8775513
0.7574642
1.025952
1.014908
0.8980656
0.7462618
1.094387
0.709362
1.066085
1.387964
0.895765
0.8304149
0.8747766
1.074968
0.8594405
0.92511
1.034448
0.9845019
0.9525185
0.9402204
0.7796486
0.8898069
0.8874936
1.131824
0.9913121
0.8223826
1.014492
0.8547893
0.7914305
0.8872899
0.8405022
0.9213841
0.7182082
0.7034328
0.7332877
0.901411
1.029367
1.079354
1.017137
1.079184
0.9883811
0.902044
1.026906
0.9944425
0.8894882
0.766542
0.7264875
0.8715194
1.063499
0.92109
0.8757135
0.8256844
0.7953914
0.8603826
0.8601618
1.008256
0.6460177
0.8279385
0.6858352
1.03724
0.9252591
1.059198
1.004646
0.9838222
0.9057837
0.8608563
0.8258583
1.011794
0.9077427
0.9323028
1.183386
0.9979045
0.9958912
0.9640718
0.958831
0.9566492
0.8056814
0.9913499
0.9853338
1.191869
0.894502
0.914579
0.8718199
0.965478
0.8595951
0.7681357
0.7653171
0.7328777
1.024659
1.047437
0.942131
0.8370274
1.023856
0.928675
0.9098953
0.7791451
0.8598089
0.8409367
1.128329
0.9720959
1.047838
0.7212918
1.046759
1.080817
0.805797
0.7837111
0.9038918
1.054424
0.7382518
0.8870842
0.7247
0.8259914
0.8403513
1.082552
0.7193699
0.7614467
0.7708957
0.7596994
1.072326
0.8052746
0.8151932
0.9970721
0.9464671
0.9236661
1.113802
0.782666
0.8442298
1.086398
0.8603197
0.784617
1.161055
1.100996
0.9691959
0.8315232
0.9492586
1.029181
0.8486681
0.990119
0.990678
1.293005
0.9009238
0.8732196
0.8699722
0.8669149
0.7415367
0.9025786
0.8806928
0.7422802
0.8487448
0.8154886
1.121694
0.8370639
0.9792854
0.8110432
0.9785525
1.058135
1.012973
0.7974053
0.9312012
1.11238
0.7719481
0.5954889
1.017224
0.8380158
0.6501425
0.9235003
0.9578353
0.8602347
0.9267326
1.052641
0.8336299
1.007357
0.7894686
0.8445011
0.8145124
0.8564013
1.100262
0.7781467
0.8931947
0.672571
0.8515261
1.036501
0.8215043
0.9777228
1.040051
1.008362
0.8596411
0.9198702
0.7939715
0.8678178
0.7497804
0.9804475
1.082099
0.8587579
1.074305
0.9294531
0.8757387
0.7964385
0.7671805
0.8601431
1.112882
0.9801483
1.028556
1.151305
0.8659219
0.8254383
0.7442959
0.8391371
0.9906175
0.9523492
0.8785507
0.9518078
0.8226773
1.104446
1.038189
0.916572
1.154574
0.7940919
0.9573049
0.8212882
0.9462046
0.9810362
0.8667638
0.8706291
0.777209
0.8586238
0.9811509
0.9176433
0.9609761
0.7801492
0.9575516
0.9409992
1.01535
0.9247177
0.7703961
0.7890484
0.9726313
0.9302567
0.8322975
0.7584767
0.7726167
0.9331231
0.8801608
0.9308865
1.10467
0.9884073
1.133144
1.011502
0.9147565
0.89291
1.032196
0.8477379
1.040846
0.9987507
0.8583485
0.7673351
0.8937617
0.8151014
0.8503081
0.7021436
0.885137
0.8335664
0.8520126
0.8448846
0.778525
1.255812
1.017552
0.7852144
0.9990611
0.9030097
0.7682826
0.9500812
0.869445
0.7146658
1.048582
0.8102273
1.064326
0.8379573
0.6776675
0.7951921
0.9278311
0.8872859
0.8831697
0.7837485
0.9519141
0.7332968
0.7047538
0.8603607
0.7541156
0.820718
0.8229829
0.9352404
1.015396
0.9312835
0.9034362
1.019623
0.9033391
0.8270403
0.8862878
0.813373
1.114693
1.074345
0.9787921
1.084543
1.166738
1.072867
0.8538887
1.038945
0.9210836
0.9162234
0.8726461
0.8702575
0.824954
0.6353896
0.9180804
0.8315732
0.7946875
0.579366
0.8883518
1.014177
0.8650982
0.9378628
0.8579338
0.8388275
0.7125912
0.9940372
0.9628405
0.8710037
0.8710127
0.9937671
0.8318116
0.8041709
1.02258
0.7050739
0.9270421
0.8788974
0.976774
1.142366
1.009708
1.194624
1.135967
1.019591
1.204225
1.335975
0.9688978
0.8846672
0.8951915
0.9617129
0.8500457
0.7942891
0.6698704
0.9412779
0.7400367
0.7191123
0.7676982
0.7540681
1.115236
0.9229277
0.9571031
0.7984744
0.8959326
0.9665137
0.8506206
0.8259627
0.9452943
1.035928
0.8565063
0.9114012
0.8751868
0.9084449
0.9012894
1.049255
0.9836099
1.151704
1.279898
0.9385948
0.8758014
0.9770509
0.8147575
0.6510247
0.8582135
0.9150256
0.9664613
1.161845
0.9558849
1.013488
0.7901521
0.7087799
1.05977
1.073096
0.879789
1.028941
0.6957901
0.7518148
0.9429557
0.9500562
0.7755603
0.9452479
0.8896285
0.9533167
0.8545934
0.9041883
0.9035813
0.8791287
0.9936832
0.8477104
1.297736
1.176927
0.8944747
0.9608851
0.7126835
0.8636823
0.9232235
1.114014
0.8221699
0.7259115
0.7944233
0.9510485
0.9589311
0.7150393
0.9747516
0.7965324
0.9810552
0.8450719
0.7889415
0.7857458
0.9875366
0.7545989
0.8166603
1.000487
0.9629616
0.7148893
0.9520423
0.8714993
0.9447018
1.040698
0.7589207
0.7510412
0.9191925
0.9323576
0.7131749
0.7368477
0.7719835
0.8791976
1.073216
0.7867512
0.7947302
0.6709948
0.7894983
1.113075
0.8881359
0.9132909
1.100676
0.9529973
0.8592303
0.98903
0.9846221
0.74629
0.8625654
0.9369236
0.7568757
0.9085649
0.8494323
0.835369
0.82179
0.9542905
0.919281
0.8223589
0.7848346
1.13682
0.8427059
0.9009918
0.8830069
0.8621802
0.8108979
0.773694
0.7758718
0.6164222
0.841336
0.7220415
0.7564514
0.8568856
0.9911691
0.9704278
1.02969
1.042111
0.9206417
1.148225
1.230706
0.8659324
0.9832116
1.084755
0.8719544
0.7802832
1.088352
1.086754
1.188254
0.9541038
0.8414047
0.8214823
0.8659076
0.7677961
0.6468498
0.9614186
0.918578
0.8906607
0.8621205
0.8823955
0.9317527
0.8096997
0.9561708
0.9341875
0.7548694
0.7532471
0.9509443
1.008143
0.8201455
0.9465548
1.002526
1.120533
1.001471
1.098928
0.8601035
0.9053208
0.7069944
1.07206
0.9953134
0.8606639
0.704122
0.7358538
0.7402105
0.7847301
1.00378
0.8238564
0.9809835
0.9877669
1.127461
1.109217
1.074663
0.7977562
0.8478867
0.7367362
0.9218887
1.020708
0.732089
0.9431521
0.8676031
0.7845798
0.7719049
0.7804211
0.9036142
0.7565053
0.8119777
1.296099
0.982317
0.9762281
0.9188122
0.9114817
1.014921
0.8859163
0.9928619
0.8459529
1.065676
0.9330446
1.186957
0.9407859
0.9625153
1.191254
0.9207164
0.94637
0.8636518
1.051233
0.8680133
0.8522928
1.056748
0.6291007
0.7045474
0.7839924
0.573308
0.7585817
0.8117021
0.7956406
0.8038226
1.114209
0.6279169
0.7222147
0.7372375
0.9307941
0.9001422
0.8483828
1.06107
0.911719
0.7199123
0.8232676
0.6351112
0.934548
1.072631
0.8261177
1.142202
1.042569
0.952991
0.7939641
0.7468045
1.188429
1.062135
0.8721228
0.8845687
1.034897
0.9194829
1.132497
1.111964
1.066865
0.948637
0.8048849
0.9299919
1.022643
1.034957
0.9925665
1.156145
0.818337
1.074767
1.017892
0.8119114
0.8873482
0.7630907
0.9898385
0.9070134
0.9127434
0.8433973
0.8094287
0.8327451
0.9194492
0.8858884
0.8487263
1.342471
0.8703806
0.7332435
0.9568208
0.721958
0.9224068
0.9548713
1.187123
0.8612729
0.7665318
0.717508
0.8355464
0.6863936
1.032921
1.100903
1.08909
1.025297
0.8572786
0.7804838
1.019833
1.066665
0.790721
0.9984915
0.8741912
1.094376
1.052489
0.9583384
0.8426994
1.031228
0.9217147
1.195672
1.047261
0.8867181
0.9656478
0.7600067
0.79481
0.6763543
1.005208
0.7658316
0.7926853
0.8951406
0.9285986
0.8377961
0.880582
0.9577251
0.9047077
1.082978
1.013035
1.282298
1.085341
0.8887262
0.9027898
0.8181631
0.8981966
0.9934947
1.245845
0.9203694
0.9042615
0.6657222
1.067077
0.994531
0.8105963
0.9335391
0.7195791
0.5945699
1.051122
0.9690118
0.9078614
1.059605
1.193238
0.9437892
0.801848
0.9063067
0.9472608
0.9367814
1.127338
0.9434539
0.9330406
1.427028
0.9372881
1.034179
1.042835
0.8667287
1.071917
0.9140353
0.8871447
1.188972
0.9133716
0.9031099
0.9982257
1.121938
0.8732728
0.797145
0.7193747
0.8189402
0.8742049
0.6000471
0.8511725
0.8118596
1.084596
0.8912427
1.057099
0.9225644
0.8594786
0.8401902
0.9461515
0.8129019
0.9799715
0.9561783
0.8957522
0.8062515
0.8901032
0.8650558
0.890694
0.8951092
0.9381074
1.007621
0.8750077
0.8454734
0.9171899
0.931165
1.17778
0.8266185
0.8952899
0.7987964
0.7102774
0.9557327
0.8589186
0.7963727
0.9318602
1.052691
0.8483179
0.7665331
0.8465238
1.033851
0.9673159
0.8097833
0.9333128
1.080346
0.8773929
0.8094615
1.036135
0.9337466
0.8149329
0.8128282
0.7778176
0.7740354
0.8758873
1.118
0.8711746
0.8941395
0.9103739
1.107747
0.7269665
1.067532
0.823884
1.240729
0.9997738
0.7737982
0.7214006
0.741517
0.9095546
0.7546755
0.8955892
1.082235
1.059697
0.8512819
0.8134037
0.8466646
0.7766523
0.8759677
0.6236007
0.9282315
0.8444798
0.7827584
0.7200207
0.9683003
0.828006
1.216309
0.7778323
0.678082
1.046149
0.8984313
1.019615
1.056668
0.8181046
0.798804
0.985754
1.030332
0.9416864
1.174583
0.9022354
1.026886
0.9072311
0.8389011
1.003063
0.7731173
0.74832
0.7967091
0.9378969
0.8690144
1.111828
1.102718
0.8456761
0.77517
0.7460425
0.9129588
1.049184
1.117694
1.094144
0.7299231
0.886121
0.9818463
0.7665667
0.6584384
0.9472723
1.059973
0.9134869
0.8214815
1.102719
1.038997
0.7006062
0.8788615
0.9683857
0.9667333
0.8015476
1.122098
1.153284
1.228289
1.031921
0.8465174
0.7615299
0.7837798
0.9024174
0.9200562
0.9101073
0.8572665
0.8035652
1.127483
1.060488
1.078763
0.7861167
1.08334
0.9922602
0.967028
0.8404166
0.729945
0.8120171
1.117725
0.8417641
0.7999059
0.8858514
0.8762747
0.9147568
0.9224868
1.112496
0.8912844
0.9674785
0.9648738
0.9103282
0.880606
0.9121027
0.9157928
0.7938256
0.8145409
0.8322166
1.022857
0.8310498
0.9370263
1.06127
1.099579
1.18102
1.008893
0.8951236
0.8868932
0.9113435
0.8619851
0.7597437
0.7854868
0.9137332
0.8916124
0.8966999
0.6709862
0.7674921
0.7718224
1.015076
0.9516595
1.024873
0.9728442
0.8209487
0.8605974
0.6820948
0.8179025
1.124814
1.009288
1.089054
0.9001539
0.992316
1.197537
0.7909527
0.8238526
0.938618
0.8822102
0.9021237
0.8143571
0.7964058
0.8540416
0.921872
0.8290255
0.8723725
1.00356
0.920119
1.013186
0.8220374
0.7803672
0.8272485
0.9808707
0.852417
0.9165945
0.7988756
0.7625008
0.94034
0.9615362
0.9002506
0.7322257
0.7600045
0.7503523
0.8640204
0.6986091
0.7283647
0.6740953
0.8261899
0.8590075
0.7188222
0.8154192
0.7771106
0.8098121
0.8216241
0.9561334
0.9866763
1.059854
1.038031
0.9889526
0.8457431
0.8945008
0.7840382
0.9063745
0.9857587
0.8369996
1.028363
0.9203939
0.7777566
0.8607583
0.9371708
0.7430703
0.7881248
0.9242909
0.9272188
1.068058
1.040573
0.7403682
0.7774401
0.8054663
1.052107
0.74922
0.7231042
0.7528997
0.8668046
0.9756251
0.9965548
0.9258457
0.9263236
0.988866
0.900544
0.9291262
0.6950844
1.006391
0.9850842
0.6785992
0.8846608
0.8338038
0.7937682
0.9324105
0.8316605
0.9856651
0.7483179
0.8934203
0.818423
0.7149125
1.022777
0.8002928
0.7846093
0.8867279
0.6846295
1.005799
1.322735
1.088226
1.017638
0.8338147
0.9165029
0.8815472
0.9013126
0.7639432
0.7607827
0.8587891
0.9671628
0.8389855
0.9460548
0.9873331
0.9610299
0.9832985
0.772404
0.8278599
1.162237
0.8379984
1.184794
0.8331661
0.8388108
0.7803551
0.9641008
0.815808
0.6847162
0.7360015
0.8692876
1.001738
0.8835901
0.6906902
0.8266238
