4.726257
6.329159
5.655532
6.302743
5.899451
5.111881
5.802069
7.206002
8.516023
8.981227
12.09568
8.942727
10.94087
10.66875
8.808184
11.73592
10.54818
7.447072
8.376035
7.907668
7.104584
10.64317
12.13943
9.006632
9.401423
10.72881
14.5427
11.57755
15.84805
13.0582
13.53479
7.740925
7.027732
9.26116
9.466436
12.0807
12.40409
12.76306
9.09653
12.70882
8.610237
8.766303
12.99224
14.00733
16.47829
16.74906
11.68815
13.78963
10.89875
13.91756
11.59585
9.070145
9.599161
9.49438
10.77819
12.69384
14.45493
14.93675
15.3929
16.7055
17.76006
12.53483
13.54976
17.76688
12.05568
9.300549
9.298051
12.9498
15.03828
14.05363
16.56391
12.89817
16.04071
10.08861
7.521947
9.47808
10.30261
13.97577
12.4866
12.94055
15.79698
16.39651
16.93591
14.97026
15.94108
14.51962
12.90085
15.93122
11.81159
15.02232
10.67433
14.04131
12.00366
12.01718
15.18097
17.07406
18.6688
13.01627
10.74707
17.17882
17.29621
15.06499
13.00091
14.81843
12.35089
12.41238
12.56888
13.22401
19.52996
10.67502
10.72075
8.938938
12.29565
16.34544
11.86099
10.57142
11.22132
13.27786
12.94177
13.03764
16.03234
13.8174
9.914324
9.523581
8.680002
6.683269
7.233972
6.773419
6.358663
7.327939
7.961087
13.04183
13.1014
12.41685
15.63483
14.62727
11.19813
12.05999
15.88485
12.77421
11.78677
10.51818
8.521691
10.48908
13.32939
11.39437
10.12299
7.817767
8.349884
7.405552
9.899671
14.9353
10.89526
11.20597
9.526411
11.69678
13.51521
13.58575
11.89525
15.61986
18.47885
17.29577
15.38995
12.98496
13.08883
17.31521
13.0978
11.6424
8.942573
13.34269
19.08116
23.30181
21.80572
16.06834
15.92096
19.07954
15.39064
19.86346
18.51386
10.56029
13.51762
17.85792
19.56002
15.32838
20.45572
16.99455
13.28074
14.55064
13.32574
16.44964
12.76166
14.83495
11.02237
9.458408
12.43292
11.17464
12.87952
11.17578
9.84107
12.58326
13.48378
11.31615
11.81179
11.19802
7.890303
6.044755
7.591879
7.533153
9.200319
10.37696
13.58366
15.53887
12.96151
10.2802
10.8951
15.26261
15.48568
11.57668
9.755006
13.75225
10.08026
11.61434
9.973166
16.70269
15.82292
12.85141
12.7871
9.925457
10.92121
19.98716
20.10262
17.06428
15.79824
17.89035
17.05861
20.41466
17.49539
11.69298
13.58484
14.15015
16.64496
12.20042
10.58256
11.55267
9.371429
13.02646
9.982473
12.92589
13.96157
12.81571
8.559696
10.47671
12.36016
8.79757
8.040853
9.193894
8.240716
8.025654
9.849059
12.04769
11.92288
12.34684
11.69585
14.16468
15.57789
13.13328
9.429335
9.5392
9.967261
11.88877
10.30037
14.75701
10.32378
9.777926
13.73979
12.01216
16.8006
18.92625
13.91879
17.66883
11.51408
9.591307
9.26661
7.980152
9.475531
9.356706
10.62178
9.198023
7.885595
12.7603
14.41099
12.6621
11.98477
12.69143
25.41109
23.11479
17.61937
14.15736
16.45661
18.37787
16.21884
12.78333
16.25251
10.4922
9.102907
11.88961
9.962109
15.17314
20.35152
24.00869
21.79831
33.44226
18.16212
13.45262
12.27039
15.90835
10.55217
7.579406
9.546577
9.913518
13.4402
16.70801
14.62468
11.51647
9.69213
12.9646
12.18352
12.42924
14.46377
11.40123
15.9669
20.7471
16.93534
18.20066
11.56025
14.22844
10.82487
9.06621
12.46671
11.69231
10.55916
9.577473
9.781638
13.16133
17.52841
12.17009
18.09822
10.8592
14.02752
10.78263
9.03726
11.34351
13.09197
18.25556
17.59029
22.32877
21.21687
23.29657
24.82122
23.95799
16.46323
17.33514
14.49374
17.05446
16.37418
14.73807
12.52772
13.9126
11.6941
12.62381
11.18593
14.68576
12.25766
11.29351
12.03608
12.68006
12.83614
14.76324
12.60731
19.29509
19.45893
16.18078
14.94774
15.30794
20.17182
18.68802
20.57403
19.74523
14.50891
16.8
23.80215
17.11449
18.15081
12.44101
12.6465
14.13042
16.47067
16.09126
15.0348
14.14094
15.85936
12.1009
12.92868
13.12509
8.645308
9.444561
9.854351
10.66039
10.49513
15.45911
12.89639
9.728107
8.393624
7.599448
11.68473
12.15102
11.03089
18.39109
17.24772
17.15804
11.89061
10.06002
11.88109
13.4635
17.41909
16.7525
14.54217
13.66259
15.25139
19.09527
21.31489
14.18278
16.25256
15.66789
19.62692
17.35916
19.4231
15.73468
13.34208
14.72713
12.0025
13.00565
15.85292
13.57625
9.67379
15.12414
14.96342
13.63381
14.82029
19.33704
15.8723
15.42282
22.58952
19.06598
20.38154
19.73694
11.5501
12.31272
9.412479
12.98188
12.26129
17.02105
18.49338
15.29433
11.54839
14.54494
14.20906
15.39559
11.14267
11.69096
10.01105
14.0351
15.05063
12.97336
16.53481
13.1262
15.38157
11.87274
11.17197
8.550178
8.910738
11.54108
12.81251
12.00439
13.70079
16.59371
12.71282
20.76775
16.06806
21.8765
16.53526
17.39939
16.51583
13.07693
12.45784
15.28856
12.17826
10.50972
20.60601
20.0354
16.74544
12.74274
10.07091
9.740853
13.79392
14.89725
13.36911
18.05871
15.75047
14.6416
11.17032
10.90242
10.29648
10.22074
12.58369
13.21405
15.32211
21.30142
14.11571
14.26679
14.73959
17.85023
17.47827
21.1995
16.27057
16.80409
21.67572
16.69805
21.84524
20.12312
25.52911
13.3979
12.85884
15.26469
8.971075
11.02431
9.230615
10.35017
10.03963
12.88998
11.66632
10.33867
13.85859
11.23722
12.20856
17.9731
16.09234
13.66078
14.88316
14.63279
16.50695
11.00006
9.190848
10.83815
11.28224
11.04384
12.60608
13.10155
10.33813
11.33037
14.47749
13.21386
14.68414
13.45116
19.0249
20.99294
14.27392
21.05076
29.3808
19.4906
16.35962
12.69248
18.3096
16.87398
15.1534
14.31849
17.99505
21.60661
19.12585
18.59777
12.44138
15.98983
14.90446
13.55213
13.56663
11.23261
12.99045
11.2518
10.63535
15.9283
15.69397
17.39748
15.67253
13.86079
14.05805
16.65201
21.23562
23.47111
14.87187
14.81095
20.17954
17.8772
18.28791
12.77703
17.03119
22.04223
22.0837
20.43732
21.40109
13.94792
11.85275
11.26638
11.68822
14.67395
11.97696
10.7022
12.05407
13.11926
12.59227
13.48997
11.02624
10.72531
11.67353
14.62966
18.1847
14.1443
11.13533
11.42173
12.23512
14.60813
19.37232
17.84153
15.18868
17.10532
12.09452
13.27498
15.43193
13.48442
18.95545
18.28671
20.73846
17.34768
13.12292
13.40359
11.5694
11.32306
15.16051
13.34972
15.35637
15.43964
18.28244
16.61918
12.14288
12.85937
14.43784
15.5364
12.77299
10.14194
9.357949
14.52627
12.1402
14.16687
9.407446
9.411568
8.00428
8.804673
10.53287
15.3853
15.23765
11.02743
13.7911
13.58042
16.44003
17.23392
18.10588
12.40202
9.931616
7.94005
8.137511
7.593117
6.963399
7.405584
5.529176
8.810923
11.82615
11.49819
10.67336
8.564324
11.12662
14.95781
13.75277
13.12711
12.38374
14.39778
16.46264
10.02686
11.27511
11.30986
16.83043
11.88797
9.543526
10.42302
7.326943
7.363222
7.560983
6.41603
6.38841
5.737309
4.392068
7.371746
6.376471
5.692505
6.079662
6.034062
9.610888
7.81431
7.285912
9.491458
9.840656
11.50139
10.78096
12.21064
8.014595
9.854303
7.802815
8.140168
12.96254
9.379687
12.85039
16.1833
12.50363
10.87786
8.867832
9.352641
12.38906
9.79977
14.39237
14.19691
16.24394
10.71037
11.40851
12.78131
16.97193
11.50198
8.513741
8.437823
12.3875
9.271599
11.42082
11.15642
9.430371
13.30408
15.56921
16.25601
14.70305
13.26725
14.87403
12.25182
13.87711
16.87473
16.09663
13.61112
13.81308
13.09907
11.54261
11.97102
16.76993
19.07296
17.37663
24.67789
17.53498
18.72953
17.28383
12.58997
10.45887
13.2679
14.81848
13.85598
19.4873
24.54503
16.50832
17.71379
20.32096
15.60517
11.94049
14.30011
20.95362
24.84465
23.31722
15.64415
17.43626
16.60869
17.14899
21.36918
12.61455
15.15316
12.86506
12.25816
9.657962
6.565608
6.189101
7.208454
7.982548
7.503949
8.320387
13.46913
18.40605
22.65563
22.69548
18.20051
15.93162
13.45033
10.9996
10.49847
15.16633
14.50112
13.60944
16.09953
11.02672
14.14327
15.13494
21.83458
21.71714
17.33615
15.40275
18.73415
16.42857
15.10154
18.92754
18.3848
11.25391
15.03762
13.65859
14.84075
16.32951
17.34253
18.67697
17.40421
16.76166
12.96335
11.65846
17.38344
16.37133
16.83019
16.87723
14.48699
15.02795
18.32907
15.09098
13.53747
13.71849
11.21661
10.85339
15.84803
12.48309
9.970115
7.293951
9.709548
7.366755
8.809816
10.00064
9.539965
11.54122
12.67091
11.14226
15.59785
21.61383
23.78097
25.2187
17.41568
17.94248
12.21101
13.77664
12.07045
9.763984
8.304505
8.87388
10.58487
14.66385
20.00041
18.10032
14.66977
13.94615
19.19137
18.85475
17.39142
13.19571
16.45809
16.74905
13.04124
16.27881
14.94996
14.39825
14.32271
12.5645
13.372
14.15717
14.69615
14.15058
14.00684
21.3034
15.82665
14.47777
10.86752
9.235464
7.626174
8.841364
11.01604
9.296582
9.194565
9.577432
11.06334
16.03546
14.41736
13.15018
15.62619
14.95883
15.97876
14.63257
14.07686
18.47028
16.51473
13.37598
14.71447
13.16169
9.702999
7.79268
6.283103
8.547965
9.182576
10.12448
11.39294
18.3076
10.97387
10.64531
11.44631
12.32269
10.62964
11.27561
11.0822
13.86994
11.92963
16.17932
13.65964
14.66693
17.37521
15.27193
12.07324
16.32617
18.76993
17.37752
16.53824
14.94209
10.98854
14.82903
21.28239
16.58947
11.49363
14.09202
13.8439
14.95064
15.29779
18.76125
13.77737
20.55557
23.77144
17.89352
14.01213
16.63032
9.28061
11.93925
11.15172
15.68568
17.2069
12.94939
15.85475
13.38627
14.96617
16.11558
14.19562
15.37051
12.38358
12.61661
10.65236
13.89005
13.42217
11.45292
6.658628
6.058177
11.87389
16.15534
12.95364
16.07318
11.02469
9.319564
13.26402
8.585437
9.810605
11.16885
12.72074
12.74546
14.69847
11.12497
10.4845
14.67261
13.2416
12.71804
16.05575
12.52694
11.52082
8.530499
7.709131
10.59771
11.92773
14.31334
20.19052
16.9859
16.05785
21.32061
13.44655
12.39813
10.64873
8.17755
14.35399
14.29061
13.68239
10.4266
8.555058
6.330766
5.3968
7.980162
7.816763
9.737881
7.814955
6.367742
11.53409
10.10287
11.70929
19.13583
20.32718
13.60805
13.82041
10.46221
6.675973
7.178928
7.045095
11.01723
11.51006
17.19293
19.24578
21.68071
14.59674
14.77512
15.61367
17.71326
15.64166
11.80413
12.99923
10.65306
13.32286
15.95334
16.02245
15.62351
12.00791
15.42129
17.03698
16.92748
19.52369
13.24111
14.41614
13.89216
15.15869
12.12898
13.02113
15.47498
13.95397
11.20891
9.787716
12.96192
17.57948
14.64123
15.68604
16.58696
21.71189
19.75898
17.68468
16.66483
12.29838
14.23991
10.26273
11.79836
8.907058
12.63205
8.900993
6.971359
6.432746
5.140432
6.011038
6.437363
7.795472
5.815283
6.400978
10.56805
10.77936
10.50435
16.28332
11.31261
17.04382
11.60774
11.18329
12.66134
18.20071
16.42439
15.52634
18.84031
15.93655
22.94671
21.9311
17.5982
19.7483
12.81118
18.48376
12.47871
12.78541
13.45121
10.87852
13.12193
20.43955
20.61855
20.59223
23.03176
19.55548
19.22356
16.12422
15.69447
11.40908
10.46214
13.76581
15.79547
15.3846
12.17813
12.20397
13.19571
13.88846
16.23615
20.91099
12.62043
13.65074
12.0093
12.28234
15.00792
18.35793
10.99067
14.2045
13.75134
13.94479
18.59528
13.392
12.94182
15.02133
18.12212
21.32087
19.68057
16.6659
17.06701
16.85052
9.233968
9.736197
7.513346
7.141941
9.921779
10.99907
11.46866
9.574002
7.996373
9.628351
9.574886
7.923778
5.538941
6.293986
8.647793
8.810061
8.638822
14.45874
13.46816
20.22769
18.70585
23.78021
22.80457
17.09281
14.71624
15.46491
13.28362
13.17581
15.45626
12.79494
12.39015
14.21361
12.50333
19.5792
21.00663
22.8545
18.44377
12.99667
12.3359
13.1773
12.02491
13.12748
11.93886
16.37644
17.19822
18.28173
16.57257
14.40967
12.48068
16.18868
17.75893
16.73431
14.26079
15.17885
14.89145
20.53788
16.60426
20.75108
16.68846
17.2149
16.98808
20.59106
14.08696
12.309
20.5905
12.79595
7.513688
10.21172
9.6052
9.556491
8.696519
6.904608
6.703034
8.091946
6.649719
6.884568
7.080209
10.34655
8.487846
8.759751
9.041311
9.113556
9.52747
9.356886
13.08874
19.70033
15.34993
12.32793
11.37658
8.76667
7.633398
9.797959
16.89369
16.98633
15.57552
10.89829
12.79166
9.614988
15.05136
17.74943
15.41065
11.76313
9.973838
10.01795
11.75043
6.717313
7.157272
8.278687
6.236923
7.742283
12.36421
13.78987
16.54379
10.81426
7.076187
5.514924
7.269944
8.79343
8.354015
11.43303
12.04832
17.8712
13.99564
8.15685
9.809006
7.37288
12.65546
15.38344
13.64159
12.63148
9.822486
9.516783
11.16448
18.30022
24.15703
21.74082
26.84275
19.17453
18.08929
18.19784
16.40756
10.41143
11.34992
8.93597
9.351531
8.077591
9.903431
11.57425
11.11181
12.35453
14.34065
14.50446
15.25214
11.46014
14.65082
15.21074
15.0796
10.91681
12.64269
11.90729
13.8469
13.49593
10.50072
10.83455
15.68136
19.4685
19.91784
19.37789
18.74476
24.29481
21.19369
14.3756
11.20356
11.2607
13.24051
15.71571
16.13572
11.48184
10.52535
11.00349
10.09831
10.1964
9.879384
10.19514
8.777736
10.97261
13.48647
8.664763
10.15053
7.8005
8.809632
8.613747
8.326145
11.03732
12.24204
16.84952
16.85168
12.60668
10.5022
12.46758
11.96857
12.29215
16.37363
14.68191
16.14332
14.93171
15.74501
13.44934
15.2488
13.30148
13.51718
17.73327
14.35263
12.15211
16.7999
13.3144
13.56967
9.321519
12.29441
10.31764
12.4577
14.66131
12.58428
12.68986
14.84776
10.67211
10.02704
7.586733
5.923802
7.085714
8.612282
10.92619
16.63577
12.49455
17.98346
19.51318
16.70705
20.36592
23.01771
20.59596
13.92357
15.19334
15.39222
11.08743
9.682188
8.919341
10.22645
13.83264
12.7329
11.35957
11.37143
16.38905
13.58845
16.13868
15.91943
15.17691
14.04844
12.62743
11.5761
14.50632
18.74443
18.49634
15.71565
21.58257
23.78252
26.63978
21.29567
21.85178
21.11181
18.66935
18.18093
15.89237
11.40855
16.04109
18.2716
23.4443
20.98432
20.82461
18.78625
14.19357
17.13315
13.91168
15.15471
19.22302
11.39602
15.42485
15.9371
14.82861
14.98203
17.27275
13.51202
11.97395
14.2071
13.41583
11.94905
11.32109
12.94306
12.93349
16.25757
13.26725
14.1552
11.27157
11.15571
8.625909
12.99467
12.47335
9.030602
10.92139
5.819351
7.998058
11.03782
10.46125
9.965654
9.104519
10.63241
18.63372
16.50772
19.80682
22.8905
20.07092
12.84787
8.072578
10.84523
12.36825
11.18341
15.73356
10.993
10.69604
9.85496
10.68087
12.85749
12.69494
10.04548
11.63963
18.19762
14.17571
15.63349
19.76138
19.91188
16.49294
22.12897
17.84836
11.86351
16.99951
12.08839
13.89424
15.1867
12.85062
10.39499
11.4744
13.18935
12.94666
15.54961
15.57081
10.9278
10.90631
11.32882
15.44601
18.01726
18.97071
21.27272
17.16905
14.38852
16.24232
14.30028
14.24923
12.4258
20.3444
19.21977
18.35516
14.41073
14.73042
15.47124
14.15231
7.845398
9.509683
7.713905
5.521203
9.284297
7.166357
7.468689
8.583951
10.64352
9.121899
7.821555
6.996092
6.999736
10.08313
10.75493
14.00473
9.189718
8.418714
7.241545
7.75458
8.062987
10.94202
11.30588
11.90955
13.36517
10.77253
12.99965
11.83116
15.8495
13.54123
12.5384
15.64263
15.44713
14.46607
17.73267
17.3825
14.42293
12.66553
13.29427
9.73682
12.80789
16.02478
10.06681
10.41627
10.0263
10.21829
7.92363
6.409439
9.743964
12.39934
14.96129
12.53782
17.86793
11.41311
12.47396
11.72934
16.70406
19.52937
10.40683
10.67906
14.56374
13.72423
14.21269
16.20727
15.77782
9.449801
12.42527
13.27398
11.17172
11.39216
14.14415
14.5981
13.64461
15.6453
16.07927
16.68379
13.82589
17.89522
18.69991
18.6731
13.18949
15.14452
20.89865
19.83878
22.53568
18.87394
15.9676
13.53656
13.18585
13.30998
13.38396
17.06508
14.74236
12.8056
15.35443
13.94218
9.759004
11.73211
13.62334
10.08281
14.9419
14.50774
11.8499
10.55106
17.65535
17.81438
17.22729
10.33256
12.98111
14.25681
13.77036
9.046493
9.275602
13.60384
11.89671
11.8786
15.35592
13.78776
12.92958
10.73404
7.502669
10.74111
9.68404
14.29464
11.87306
16.15884
13.23473
21.90606
17.74381
16.19246
16.12214
13.90871
11.75751
13.53126
17.80515
16.412
15.99067
12.87799
14.75073
16.2388
22.08388
18.56774
23.18651
23.28073
18.85364
13.54328
11.602
18.16175
17.27102
15.20298
14.00848
19.58264
17.6957
14.98527
13.95887
17.59492
14.30366
14.95511
11.76422
13.97812
16.46303
19.09647
16.76172
14.54658
16.95683
13.65109
18.03106
20.09863
13.97929
15.75025
15.40047
14.72534
12.75376
11.36545
16.54727
11.71342
13.89124
19.71712
16.54763
15.69379
15.60578
14.37503
14.89879
10.94018
10.93268
9.440482
14.0533
13.21063
10.63721
16.51321
15.34666
19.59831
22.11105
17.17667
16.56424
17.74693
14.73404
8.832084
9.390345
9.592791
7.497354
6.32149
6.94613
7.886112
7.536856
6.347728
7.248259
9.151312
9.859634
12.1191
13.9358
13.89533
12.94856
13.99139
13.2305
7.391968
10.68858
10.21753
11.32735
9.682872
14.29292
17.35886
13.14444
14.36463
9.094768
8.576465
6.573777
6.835062
8.874158
6.353041
8.238457
9.983927
11.96624
11.37435
10.73589
13.30963
11.90452
12.61123
12.96293
14.67271
11.25723
17.45751
16.93687
20.78341
20.67478
17.70849
11.46367
11.98177
16.6951
17.85263
15.48035
21.524
17.34376
23.21043
18.66368
14.46418
14.89278
12.68615
13.58605
15.49691
17.33817
11.03001
9.430522
10.01272
10.31343
10.39158
11.01113
12.95244
13.03901
9.822171
9.224639
8.733444
13.48774
12.0623
8.58081
12.77719
14.36961
10.94476
8.824299
9.481612
8.097403
9.076601
9.000984
11.68989
10.64494
12.58476
11.66289
11.30455
15.04232
15.86749
17.40093
12.13044
13.68963
13.03078
11.05704
18.87979
13.22904
13.74196
11.41206
9.046674
9.789921
9.551635
13.06174
12.50532
13.03187
17.29123
16.99955
17.04811
16.16534
17.78419
13.32836
12.40862
16.73252
19.48557
14.30922
12.43731
8.446361
7.851201
10.97333
15.96212
13.9519
17.39022
17.12282
14.09195
16.12413
12.40934
19.89836
17.44338
15.65324
12.33929
14.33302
17.54095
21.5758
18.1467
16.37144
15.22602
23.29696
21.27258
18.2577
24.03618
16.23426
21.80107
14.54047
16.51762
10.65668
10.10322
7.433935
7.096661
8.062922
7.368599
9.524988
11.92071
10.83057
13.95421
15.3535
19.38283
12.28325
14.70255
12.61823
10.72899
17.44567
11.31555
18.7324
18.21989
16.08863
15.58156
17.0529
15.93767
15.6678
13.15156
14.7408
17.11934
21.23047
20.37276
12.75772
12.07919
12.79651
20.26595
14.38468
11.61963
10.50812
15.13456
23.07552
22.47772
19.15103
17.08806
17.92374
11.18041
14.49946
16.29758
16.87194
15.41666
17.93059
21.18357
21.56243
24.6791
16.73384
19.07624
19.52303
19.36562
22.96718
21.6148
19.8847
20.9975
20.62389
13.05452
14.54498
13.63124
14.28435
11.92715
14.62504
14.34064
8.410221
10.00443
8.932443
8.636957
11.40167
9.699366
11.1191
14.69883
12.95281
15.43504
13.66607
13.82094
12.16509
11.97796
7.985691
5.640894
6.799071
8.024944
11.26459
9.577828
10.93326
11.84781
12.11772
14.0283
17.68251
16.10005
17.29149
14.41438
19.74126
14.12796
14.6335
14.39418
21.99185
21.27102
17.21099
12.74946
14.52452
13.42831
16.94606
20.32654
17.83892
24.32464
21.82246
15.6214
17.87675
16.46629
15.07336
18.92695
19.18658
16.16307
17.90333
20.62212
20.24922
21.86583
22.59966
16.07215
18.33695
15.41774
13.45335
13.43164
14.88706
11.71942
13.94151
16.85317
19.00009
17.55093
16.65783
15.98304
22.78618
25.16786
24.96485
21.72672
18.64428
17.47527
13.73076
9.986266
14.36003
11.32306
8.125844
5.583427
6.469745
8.15787
8.817007
11.08693
12.96785
14.22717
15.82618
15.81081
14.11543
9.261401
10.47064
12.25433
14.17703
15.09594
10.99534
9.572329
13.81517
14.16772
9.583097
9.535121
10.79457
11.27914
18.06543
18.33051
21.77042
22.97553
17.81891
19.54791
20.65923
23.35641
20.93001
15.58185
14.29731
15.27076
19.25933
18.89095
22.6236
22.62343
23.52611
26.40418
20.91403
17.69291
14.91007
14.74772
15.15059
18.39697
19.89795
17.69253
16.86542
17.01303
13.05446
17.50987
14.72422
16.24134
21.14979
15.32683
14.99828
12.72124
9.718023
8.180303
10.46073
11.47397
10.61374
10.52963
9.818545
19.30916
11.46551
14.20674
8.230059
13.0758
11.22295
16.10196
17.89829
16.09273
14.56599
13.29026
11.01937
11.46712
9.026941
10.48038
11.65904
8.935672
10.76068
13.46292
12.51922
10.5778
11.35146
12.26382
9.148127
8.052854
9.789205
10.31558
14.591
10.54728
10.21416
7.674875
6.956073
6.522022
9.856747
8.167393
7.501745
7.185407
7.27021
6.854016
10.17914
10.33577
9.459196
9.821178
13.24432
12.97543
14.10816
15.29774
17.19325
16.80534
22.61773
16.34484
16.06493
17.5602
18.60412
18.97327
18.55016
16.1755
11.73457
10.73186
14.70957
15.64469
12.35613
10.74103
12.91438
9.545112
8.112198
10.89331
9.908393
8.908774
7.890581
7.764819
10.91926
7.568793
8.169639
8.671367
9.066648
13.01191
13.84068
18.02322
18.25845
13.84333
14.19355
12.47248
10.63957
11.63673
12.56228
13.92075
12.30871
12.56617
14.00022
12.7596
14.01322
12.25948
16.22837
15.15991
11.51505
10.10516
10.91779
15.91265
13.34854
14.47499
12.7168
10.9462
8.510189
10.60807
8.699573
9.186453
8.908303
6.437837
7.14146
5.424
4.589425
6.999258
4.663973
6.85671
5.819279
6.234199
8.221331
10.29368
12.96165
18.46147
14.4374
15.23606
14.4681
19.11268
22.33518
28.47445
23.21567
23.71058
17.18882
16.30644
15.42091
19.1693
18.37857
15.10777
9.117814
12.54015
13.99563
14.40016
11.70485
13.82024
13.99569
20.42622
14.61758
12.70995
12.49904
16.05818
15.39612
13.84307
12.99903
10.31845
9.927753
9.146144
8.385561
7.558967
9.469822
10.84679
12.30611
15.72942
16.74072
17.96415
18.66827
14.53067
14.9507
14.73407
8.681963
10.974
11.59809
13.32926
9.139422
7.857692
8.206726
7.147383
9.922807
13.07259
13.79032
17.507
18.22623
14.31852
17.40856
17.21964
16.23735
7.979574
7.780784
5.785882
5.54968
8.453065
10.71863
12.20946
12.48873
9.522544
8.520685
9.145777
15.24548
17.42843
22.58093
17.8086
20.08211
13.82989
14.44311
11.32701
11.66546
9.942345
11.89181
11.23248
13.43559
13.95571
14.72129
14.46316
15.67923
14.53578
12.5142
12.28364
9.60478
10.80742
14.86487
19.18642
26.02956
17.51865
13.09168
15.49436
14.40875
22.81902
22.02202
21.01541
18.94582
16.07522
14.10852
13.1777
16.00647
11.64612
14.14108
17.10466
26.40155
20.27705
11.03731
12.94154
13.49296
14.542
21.21466
18.543
16.06824
17.69721
17.99971
12.8206
12.22695
15.93872
17.97066
18.03064
15.02151
16.26112
16.84345
17.45696
14.2686
12.98256
14.01632
15.41804
16.18685
11.52725
11.38829
14.64238
14.0848
10.89911
14.35998
14.0628
13.27665
13.54403
9.602613
8.281326
6.608228
13.8969
17.75476
14.86655
13.9266
15.63685
14.80087
11.17044
9.676396
10.03571
10.91536
11.06532
13.86439
13.4888
13.34156
12.93018
13.80876
21.00173
14.48773
15.38982
20.08685
16.44316
18.09106
24.17157
14.90274
13.41109
14.44009
12.06119
10.56122
14.01686
11.09668
11.00938
15.34846
23.53083
