55.89265
64.81285
62.4118
58.72191
59.80827
59.80227
64.22998
60.95924
60.62362
57.383
61.93037
55.5321
58.85712
54.88692
50.81354
56.50319
49.25611
60.64116
63.75596
54.47241
62.48282
57.99877
58.2098
60.05925
56.04554
59.70119
49.58268
63.23173
60.48109
58.40532
60.31312
58.35324
56.19178
57.95569
50.35552
52.49609
63.9205
65.71218
60.02195
57.94097
61.09932
53.99869
56.01425
57.59128
61.56184
57.73482
56.99604
61.33335
52.08742
67.90193
51.85241
58.24624
60.6425
58.67911
60.32509
56.31415
58.45884
55.44827
56.55095
53.87899
58.4517
61.68773
52.97348
61.212
56.75818
50.14134
53.59083
61.08408
62.30976
53.95886
56.28837
57.44913
54.9382
59.01773
60.4891
54.83044
58.87254
58.103
54.37535
59.48157
60.46714
60.11686
55.01865
52.17263
60.26937
54.7845
54.87216
54.14705
59.77439
59.76521
55.39672
60.95937
55.02177
56.38529
55.10938
58.51126
56.45218
58.22218
59.18387
63.24545
63.4399
57.42591
55.076
57.30127
56.87154
57.44341
57.64334
56.69127
62.40376
60.62189
61.73485
60.01471
59.95306
57.05702
58.56857
58.2551
58.63061
60.21169
58.2854
52.93668
64.27225
56.19019
65.30053
64.51725
55.90977
56.59643
55.34375
57.88937
63.64803
65.19967
61.67191
52.71824
55.61617
63.8053
61.24234
55.10151
60.23989
60.31722
56.30875
57.08955
53.80778
60.7303
50.79649
57.22416
59.27688
58.10085
61.73216
59.0139
58.95191
57.72286
66.72245
61.59144
61.47248
60.93202
53.30866
60.6955
62.48858
66.16233
56.09394
57.23173
56.97508
58.73025
62.11971
51.71995
66.7887
52.04336
54.22194
56.81651
58.1949
62.82473
50.41236
64.2913
57.4076
57.87502
61.97446
53.47273
52.46318
53.52531
58.43049
58.51356
55.39385
54.22739
62.96407
56.11639
56.47511
55.14465
54.89142
57.79937
58.61095
58.60366
61.711
62.42767
60.64548
57.66754
54.42264
57.11922
56.35751
58.2051
53.69401
64.80246
60.40012
52.61406
59.62957
59.22115
58.56217
57.67603
61.74405
56.092
58.51588
64.47444
58.06776
54.76313
58.52364
52.49972
58.96446
61.02543
58.5152
50.70633
52.28336
53.47678
58.95846
69.1531
56.71918
54.10919
60.90939
61.35101
57.24926
55.49126
56.75339
59.97221
56.43011
57.08416
62.07288
58.30699
67.17753
56.28191
58.03778
60.23524
62.45417
54.64078
52.86903
57.37005
55.10122
54.19371
62.80164
52.60496
56.91151
56.92163
58.37615
57.25393
60.19539
50.62816
58.20435
60.06909
64.71909
52.47799
62.98421
65.07245
48.89981
57.13551
60.60559
57.10344
59.16137
62.53168
61.53591
53.2247
61.85795
57.78481
54.61199
58.40366
53.22612
56.74456
58.75302
66.99708
56.34915
55.25609
54.0932
57.46898
52.55296
58.65675
58.36139
57.67183
62.19232
57.54563
60.78118
56.41714
55.87758
59.51202
58.14242
58.30847
51.34652
60.34572
60.87031
56.40605
58.15297
57.01034
57.77052
62.6999
57.61549
60.16844
55.2271
56.3723
57.06726
61.707
59.81656
67.09829
61.74379
58.70795
52.79325
60.64282
62.39659
53.50929
54.74802
59.18605
52.74996
57.23419
58.14775
61.45437
63.88654
55.33141
55.70076
58.89397
58.28516
58.00107
55.18443
60.37775
61.6448
55.51374
54.32696
57.55769
60.23598
58.49175
53.91212
54.68671
54.62746
56.75604
53.4127
51.30257
63.33932
57.10866
61.72273
58.51823
61.69059
56.36255
57.34181
64.17892
59.86189
58.7215
56.61181
52.25242
53.84603
50.00725
60.30409
59.41315
57.87208
59.12781
56.04523
54.04015
60.70585
51.80306
62.02689
63.0385
61.38337
60.01396
58.58576
56.86651
59.22135
59.75266
71.80175
58.62279
59.81256
60.42098
63.00039
60.33068
58.47521
65.93255
59.07589
53.88364
58.32295
55.20597
57.88031
57.42286
58.57906
62.82753
53.39075
59.48507
56.47621
58.77262
56.18302
63.34768
66.49967
58.37253
51.78513
58.62009
58.83067
52.83696
59.85258
55.12429
55.89932
58.08539
57.8964
63.72425
49.32815
63.6878
51.58332
61.24003
57.72031
63.22933
54.96283
58.47805
60.57785
57.11196
62.29125
59.10051
53.64499
60.02846
60.28086
58.669
56.18052
52.79052
59.74186
58.42179
50.84401
63.05613
64.93257
55.24318
56.75884
57.57205
52.80135
59.32919
60.26398
57.44558
56.07799
58.44327
64.03885
53.56529
56.69859
59.83247
53.99761
50.46158
57.52141
57.01289
55.14003
61.26677
52.67395
62.99715
64.33086
55.42787
53.98026
60.85604
63.1432
55.62828
57.93384
60.9039
53.84634
58.32529
61.03338
58.59369
60.40906
64.80283
54.27798
53.75157
49.59697
55.83576
54.51477
58.59345
56.38858
58.06105
52.81773
55.1182
57.34986
54.33368
65.65446
52.98109
58.16806
55.91343
52.25472
61.71935
65.72876
65.1952
58.11479
60.01623
54.19946
59.98199
58.40417
57.46772
57.06902
56.35629
62.9416
53.05199
55.93118
60.8035
63.10583
56.78404
58.40337
63.31898
50.35607
56.74181
53.02495
63.05639
55.91589
62.88106
64.95351
56.53708
58.31094
58.61555
67.79292
55.1384
58.15586
59.01455
59.94291
56.47891
52.75838
54.79271
59.26016
60.28145
62.36593
61.33043
53.4291
55.06163
55.27432
57.97749
59.20654
56.08771
57.88329
53.78356
63.2448
57.66156
62.47565
58.88443
66.4708
60.0339
50.44404
55.78847
56.85116
57.77799
54.96915
52.99456
63.68505
52.4846
55.95079
60.61364
68.59527
55.68781
52.91708
54.94114
59.53528
53.03374
63.58126
59.4029
56.63823
55.31322
52.33259
62.46633
56.9646
58.91899
54.41216
60.54675
56.18187
59.09371
54.88121
56.47295
58.5143
58.06015
54.87615
54.58858
53.9352
53.32979
66.21399
59.20432
59.50165
63.03508
54.99318
58.34764
53.57266
61.53269
62.58619
55.5153
55.77528
51.59503
62.81618
59.32667
60.08478
55.106
53.99922
55.57127
55.00872
55.94313
61.74809
53.34552
53.11393
60.11081
59.16126
49.85326
57.23488
58.21251
57.81455
60.6262
49.75912
62.8811
59.48654
57.49159
66.00803
58.37483
60.89159
57.56944
55.22123
54.3501
55.89999
51.58283
55.81333
60.179
50.55962
65.33812
56.90548
56.16951
55.60054
58.52465
57.7012
63.46685
59.82425
56.29813
59.63593
60.31894
63.60329
63.14828
57.08118
54.32398
56.59699
59.87498
61.73531
59.58949
54.98014
59.74278
56.49775
54.10867
56.60139
57.22382
61.0271
57.40646
58.37665
61.7599
57.06461
57.45883
58.55061
58.55537
54.60642
54.01978
51.45275
62.02864
57.03783
62.51589
57.9482
61.91583
52.51267
59.52935
60.68263
54.42678
64.70107
60.29253
54.04542
62.49719
61.17006
54.39508
66.00461
62.8447
56.76583
57.85744
51.18105
54.69819
55.85833
57.19067
56.42709
55.95272
54.99214
60.04348
56.88854
59.5456
59.84407
53.06073
61.60599
64.29446
58.38501
60.02473
55.66269
61.36908
57.6337
57.62004
53.02759
60.10575
57.73319
61.93174
58.95579
56.87102
53.54918
63.14948
59.92623
60.57819
51.71803
53.00408
56.41359
56.51583
65.01978
59.02149
59.95089
53.76076
59.4595
58.57472
62.84589
66.81635
54.30007
59.49541
60.1808
57.35432
54.53648
64.4067
64.70046
58.47917
65.07019
59.44855
58.68258
53.87658
52.68226
57.80565
55.34527
62.61101
64.66268
52.23309
57.2002
60.26268
63.40732
53.12362
59.88258
58.62513
51.05316
60.75515
62.71068
60.11013
60.2332
62.61077
59.71419
60.93783
60.90127
58.57738
60.22391
55.09487
55.30251
54.2093
53.93824
56.32239
54.6784
51.55131
59.03462
62.71026
57.03201
58.83011
62.64715
53.95183
63.03197
59.76518
62.21477
56.29504
56.61841
52.1311
59.00996
53.70784
55.07237
61.8107
55.73787
61.41288
55.64036
54.50626
61.54326
59.46018
59.46902
54.42986
50.75571
52.90351
65.73563
52.46828
65.50874
57.69962
56.98807
60.78403
64.67919
63.82694
57.89247
58.63887
59.48691
73.68028
56.63272
56.60291
58.07713
61.88687
57.26582
57.84816
58.89287
61.26552
54.5054
58.70716
50.76919
53.64182
69.4401
50.58954
55.23307
58.72007
60.29141
49.59153
55.99141
60.74702
59.90966
56.9004
59.02787
57.73078
62.44895
57.95537
59.36443
63.48083
63.40756
59.89593
62.78771
58.74664
50.2557
54.09419
55.60061
57.73762
64.24893
53.45562
53.2563
62.9866
55.95181
57.95564
59.01102
49.80637
58.49196
60.18769
54.495
55.08772
54.94445
51.90256
58.87323
56.25643
60.70958
54.40759
57.36856
62.01445
55.0735
58.20761
58.38283
53.6244
58.10133
60.88027
62.63541
65.91831
61.35641
60.58642
54.51964
64.01906
57.37024
52.1733
54.54119
59.06269
59.9086
60.00522
57.3908
60.20248
61.46972
56.57444
57.87711
57.40105
58.44648
65.69573
54.71336
57.07838
62.44511
59.12758
59.28318
62.21306
59.64373
58.28348
57.84025
52.58152
60.22106
54.88035
59.36703
60.08144
57.74826
59.25354
59.20497
56.01867
60.9736
57.18215
57.10383
55.73226
56.35648
55.051
56.60587
57.32008
59.90931
57.69914
56.56667
65.89854
58.17688
54.24163
55.10575
58.42209
57.95024
50.62545
56.77935
59.32838
61.09856
55.41235
59.698
58.84434
58.29581
62.83458
58.44416
58.39413
58.52522
57.53546
58.69349
57.73777
52.08811
59.78189
61.96197
58.43309
56.54253
56.79438
57.88717
64.26883
62.5796
56.63497
60.02307
57.29102
65.67618
58.30914
62.62651
59.50121
56.1528
60.31852
61.92166
58.9824
57.91874
61.5109
61.9199
66.16221
53.72766
58.79614
59.11553
56.09118
58.33429
55.34072
61.7166
58.43687
59.3048
59.93783
58.64353
58.29843
55.70258
69.41566
57.68015
56.98181
55.36441
61.33145
57.1073
54.32687
60.58804
59.39759
59.01583
58.26843
61.00717
57.18005
58.09858
53.20153
55.90985
51.58986
54.15346
58.11171
49.53047
57.95061
59.6004
55.2534
54.40794
52.1899
57.39833
57.81863
68.45731
53.61884
54.52884
57.66988
57.87854
51.2363
62.36417
58.04339
61.13416
57.90019
55.07873
61.06393
52.89825
54.04947
56.35119
56.77278
53.47236
62.96091
53.79109
56.38895
62.93942
54.5652
57.71181
61.98108
58.23866
55.45604
58.85454
55.62368
62.66431
61.7287
64.56927
55.68238
59.27828
58.68411
50.57351
55.84463
58.14145
62.83259
55.78423
54.17846
56.40963
56.6701
58.78829
59.4923
57.72784
60.42981
56.56069
61.90148
63.80725
61.77341
56.28397
52.37685
56.69588
57.79454
56.57013
59.47585
56.22275
63.21105
56.04586
61.58471
61.56047
62.08482
59.55962
58.07431
55.80503
61.92837
57.52954
62.38524
59.24043
55.53402
59.16713
56.46307
61.4107
58.70022
55.95495
57.77071
59.02654
59.54359
62.67074
54.3254
52.23823
55.44228
55.71439
58.05604
60.44453
60.68946
57.9536
61.86328
57.52607
58.18623
54.3641
56.49601
56.73552
61.2317
58.68112
64.51483
58.49955
58.33211
56.50119
57.8133
60.30432
55.76993
59.77694
59.391
56.9478
69.71979
54.7175
63.19347
64.34971
56.28233
57.6268
64.00702
60.79836
61.58595
55.98661
62.09864
53.15717
56.0172
53.61028
60.10946
59.72289
58.31971
64.97716
57.43764
51.21638
56.03502
58.06827
60.64035
59.845
57.55361
59.65199
55.67054
56.91231
54.56831
63.39605
50.25397
63.13929
58.38351
62.64881
59.3211
56.53343
58.59584
56.18085
58.90742
59.91859
64.84163
61.93517
57.72979
65.03786
66.04361
59.04103
61.22537
59.11756
53.7121
60.16619
56.14172
59.25567
50.05689
58.32243
57.73712
59.86662
57.87505
60.34438
56.07914
55.93707
58.86166
65.61808
58.0029
54.70477
59.10012
60.48704
58.22376
59.28439
59.44601
62.73571
56.26946
61.07752
56.47264
56.65744
58.30872
62.96335
53.66913
55.87541
54.71527
61.00167
57.00338
65.22454
55.86322
57.55197
61.48102
57.78134
58.2279
55.77522
56.06762
59.94544
56.48623
60.76871
61.1096
52.61027
59.65231
53.82332
57.88682
54.9669
59.54101
61.25566
53.97445
54.67762
54.09589
56.42666
56.96747
59.18065
67.81955
54.66419
62.06505
56.87559
58.70732
55.68523
58.63178
54.20349
50.49997
59.13429
56.9114
58.03956
66.45161
65.35233
58.32875
51.76266
56.51767
56.70234
57.9099
51.24028
62.49511
55.46849
55.15587
58.90051
59.46911
57.4921
56.03511
56.29488
56.1119
64.18452
55.72572
54.43874
56.30269
56.84817
59.08789
56.94727
61.30971
55.65092
56.28038
55.51718
54.43777
59.56532
62.41418
56.24193
54.54956
64.14194
61.13057
65.29616
58.89469
53.69233
60.82241
57.63599
63.56908
57.9016
52.2435
55.25755
56.85296
52.85925
56.31183
55.61
50.42052
61.33745
51.89107
60.32404
61.28567
57.32602
64.18465
56.08835
59.34113
59.09709
54.34906
55.3454
52.3471
54.92343
56.43927
54.25122
58.4093
54.17345
56.5491
65.71466
61.29303
59.73432
63.04323
63.6146
64.52931
62.95555
61.47075
53.10768
64.63755
60.49944
62.14099
54.4923
55.67591
63.51116
54.93081
53.68171
60.13609
60.89451
61.3964
57.89933
52.46856
63.43203
51.37428
52.24604
58.84899
58.78335
62.18853
53.3693
58.47418
58.9382
64.3059
60.86091
58.8091
58.81044
55.84294
52.16867
58.97149
63.72689
55.47755
62.41883
61.26309
60.00595
51.6181
59.72009
54.90047
53.99207
56.58745
52.31985
54.67558
56.05717
57.59322
53.79104
59.19855
57.02528
57.88465
62.59293
55.92589
56.56352
65.73692
59.72094
54.63873
57.57059
55.89961
52.73296
55.62534
58.71899
56.40158
51.6784
51.37947
55.58506
64.91878
58.44627
58.71043
56.23412
55.75773
51.43098
60.27515
57.46359
54.14616
59.58174
59.65292
51.67743
57.8161
62.11958
57.52968
55.7171
58.04022
55.71717
51.58611
55.61521
55.22813
57.6213
60.85167
56.55313
58.00578
60.79112
60.17227
53.76564
52.705
62.87989
54.85643
50.29954
56.69147
54.88805
57.702
63.40359
61.97579
56.17506
59.49099
54.01846
60.78969
55.29035
59.34202
57.73
70.08266
57.88232
50.84801
59.16677
56.2979
60.58711
55.88173
55.11188
62.9786
56.33712
60.69043
59.7579
55.10196
60.16628
62.95976
59.67308
54.339
56.49504
49.18452
53.93954
61.72542
56.33946
52.20099
57.82371
60.36822
60.93508
59.54204
55.86515
57.36749
60.35215
61.22342
60.77043
61.17834
60.04314
60.49277
54.97783
59.34966
54.10969
58.8982
54.26911
53.92092
63.55963
56.28814
60.34845
56.94309
63.60906
60.49243
59.32446
54.80605
59.04293
55.29437
56.17383
58.61458
52.97228
55.21802
62.23886
59.48403
49.47962
55.2784
63.46871
63.05873
60.98991
55.42805
53.51476
59.47752
57.12245
57.83068
55.53363
71.01076
57.80621
56.12281
59.04457
51.96322
58.09041
58.83835
60.33604
57.21198
55.89841
58.85463
61.37472
56.94367
57.03444
55.53163
55.79436
59.85929
57.17849
53.92638
54.56797
59.08102
59.82501
55.7608
57.20692
56.57448
57.38427
55.15046
53.49407
59.83278
53.76867
62.80872
63.53952
63.64582
51.40978
59.75268
55.88943
63.96032
53.59201
55.12474
51.14227
54.70497
57.17033
61.42652
53.63269
56.7133
61.24423
53.44416
59.88537
56.48031
57.16676
59.04197
56.4553
58.01486
56.66151
59.72958
63.64263
53.46823
55.90192
59.59273
52.99724
56.06085
64.25985
55.8306
57.35661
56.92445
53.92622
54.5882
58.21578
56.11482
61.13704
54.2948
66.15919
61.42426
57.76957
62.73273
57.16092
56.3242
60.40667
59.51703
58.84441
59.98141
53.43456
55.81789
61.11775
54.60952
59.20186
60.74499
61.42113
52.19261
61.46769
58.15509
58.8436
54.11899
64.07517
56.91037
54.27386
60.78849
52.30302
57.84019
58.95975
55.03798
56.64836
57.18094
62.55994
59.76979
60.64124
63.12711
60.84257
52.97771
61.16289
61.77957
58.45309
61.65093
62.27644
58.55382
61.22298
57.00779
62.40132
56.95977
59.62424
52.83095
52.57465
54.67285
60.48774
48.81767
58.23434
59.38868
54.36205
60.48182
57.06887
62.17916
60.64386
62.61638
57.576
56.90127
55.75132
56.39616
56.24231
58.76802
52.26841
58.82468
56.46861
55.04169
61.17186
50.3375
61.44973
65.4839
63.39838
61.21399
58.964
59.61328
63.65465
56.21489
63.00768
58.47705
58.85428
60.14672
56.93066
56.71696
52.75086
54.02026
60.22431
53.0574
57.98332
61.26878
54.92182
59.47532
57.63626
57.05475
59.20045
59.72249
57.67389
61.95224
62.12931
61.53969
58.86881
54.3372
51.60265
56.6816
63.27166
63.93799
58.06869
56.66332
58.16136
58.99078
56.79948
62.3829
59.95315
57.33656
55.93294
58.83327
60.14231
56.786
55.06435
56.43351
58.13208
54.50069
55.63644
59.1962
56.97868
55.85419
59.1298
54.5752
51.20869
54.84313
61.97449
56.14675
55.02893
58.38378
53.34419
59.83956
57.82108
55.8279
53.03754
61.01471
59.15453
54.12979
58.4113
55.211
59.5224
62.19341
60.88136
60.92662
58.33061
49.26953
56.67158
58.78908
52.42795
58.89895
57.9666
57.98852
55.27026
57.00253
59.32869
57.36005
58.82606
60.64059
56.53995
55.61672
57.7223
65.52855
58.11481
56.38345
60.89223
51.2054
59.08164
61.85033
57.5549
63.41017
57.54439
59.77801
50.58863
63.12152
54.21771
57.7639
52.17266
54.35197
55.2333
64.9195
57.50192
57.29289
51.64882
60.44338
58.36048
59.26966
59.75215
54.96405
59.75887
58.81087
62.95775
56.4536
60.02847
54.59546
61.92376
59.499
60.89614
59.19617
57.76603
59.01516
57.97529
54.49491
55.10242
53.70631
54.82341
56.59546
56.11879
58.60301
50.19175
62.46013
57.96948
57.96278
53.89682
58.00543
57.73447
59.02605
60.01358
55.37721
56.02658
55.90501
55.33873
65.50096
58.01259
59.27359
55.40569
52.24129
59.7101
52.53046
61.38808
59.48411
57.80366
57.34528
58.5859
62.66672
58.65231
56.72603
62.81319
50.8242
65.62101
64.18563
56.59223
58.99851
66.369
62.77718
57.57463
61.42274
57.19545
54.88644
54.75216
57.93732
56.68956
64.48325
56.43366
61.24047
50.64166
55.10767
56.39738
60.71388
56.98115
53.77367
59.02527
56.18948
58.19078
54.66077
51.05719
57.45294
61.35949
63.88151
63.92134
59.34959
57.7983
57.54667
64.53738
64.22869
65.42471
55.33664
58.88523
57.01001
55.36586
57.94451
55.3449
57.56526
64.16698
59.88933
60.76399
57.63404
66.50214
57.46691
61.00733
55.47572
53.97503
61.46688
59.3234
55.56768
59.60022
57.28225
57.65401
53.60404
59.9599
59.81708
62.73974
58.96734
57.53209
59.46081
61.22792
54.03868
50.79288
56.84808
60.31273
58.39433
61.52355
56.35998
57.92207
64.03363
62.49739
62.35733
55.41164
60.81936
59.77462
60.98793
57.21456
58.05531
63.91181
58.02015
55.49829
51.99061
64.64974
57.30211
64.59389
52.67839
57.86027
56.62563
55.77285
55.21219
62.78005
56.68567
61.76202
56.52721
52.09016
55.37858
54.50513
55.73671
52.33952
57.0696
60.58111
59.67511
59.89228
63.9415
57.16197
53.78142
58.44037
60.94391
60.52392
66.25246
51.82161
61.22896
55.08134
56.4174
57.67515
62.2907
57.33922
61.19163
58.61096
57.71968
67.5719
61.33075
68.23594
52.41766
61.64742
54.44939
61.00089
52.48839
62.72647
62.92548
55.98091
62.9788
56.86605
59.07517
62.94061
56.73582
58.45947
64.46269
56.60823
60.80909
63.83153
62.39163
65.29329
59.31135
58.69327
57.25226
59.06189
54.32757
56.24687
57.56854
62.17183
58.83728
54.56854
57.70331
59.0642
53.60654
56.64925
57.4379
61.00838
63.76081
61.40938
59.20241
59.68192
55.01376
59.61233
65.0897
60.53669
57.92157
55.50594
58.16159
54.08237
63.3044
58.4078
61.88456
66.18627
58.05267
61.74195
67.58415
56.3192
60.51335
63.56639
58.01708
55.7306
59.22293
59.19955
60.54132
57.19699
60.30926
56.26086
61.25825
58.23933
55.15765
59.07785
56.11514
60.89584
59.72377
64.98108
56.88056
61.59766
57.05963
64.59153
56.39958
61.65376
59.52035
57.56496
57.35408
53.86839
55.11591
56.17333
58.79706
61.21043
61.94646
58.29383
62.85852
64.58322
54.01964
55.83726
59.1185
56.35315
59.04165
65.94017
57.14676
56.33496
55.13141
58.51254
55.40322
52.87973
55.54533
55.84906
49.76612
58.17989
58.97749
61.30772
58.70668
64.2113
58.14448
53.70695
55.79776
54.11716
57.77647
58.96893
56.45206
52.1577
54.36964
58.55786
61.8808
62.5785
55.73551
61.47773
62.99244
63.65856
56.60915
55.75078
61.26391
59.82095
57.91258
55.16219
54.14341
58.23376
53.53501
55.88064
61.30807
55.40264
57.88375
59.48631
54.76657
57.57286
56.29003
54.30811
57.03929
55.10092
57.90456
57.92549
59.22624
57.58469
63.8529
57.64634
51.46989
66.21505
62.85892
58.60147
55.01681
56.02625
61.94795
54.61954
54.94084
59.80152
56.68674
53.47123
57.60068
59.15152
55.42018
59.9907
59.21112
60.71138
60.77173
56.43096
60.06763
61.98109
57.26897
53.95558
66.17338
54.60309
54.52338
53.58402
53.763
59.08042
56.29985
55.55651
59.06714
53.76165
61.17874
64.32639
56.79122
63.48114
54.31745
57.68053
55.04604
54.30133
60.19645
60.17239
53.27404
54.9191
53.1596
55.78243
56.07289
54.59467
54.4467
58.56899
63.41619
58.31581
53.44875
58.76972
55.00402
62.8508
57.40923
57.18457
61.35816
56.74305
56.49283
59.00331
54.37506
55.03444
57.03852
66.7758
57.24662
56.67169
63.64108
59.94122
63.18614
61.68391
66.73373
66.3905
61.33067
64.95556
57.46103
57.25224
58.8288
52.48935
58.04705
60.90073
55.95985
55.95265
57.9647
55.80162
57.46363
57.9982
59.85554
50.29035
59.17771
57.59897
70.32219
53.25554
61.05603
62.64163
57.25721
63.37305
58.05583
63.2283
55.28707
54.1138
58.97079
65.11965
58.76507
54.30643
57.33607
57.12788
58.97497
58.51477
57.74495
57.93325
60.55137
58.19554
66.98583
58.03343
70.3892
54.56669
54.27355
56.61102
54.91183
62.09506
60.93008
51.86263
58.08358
59.54325
57.71511
54.48784
57.33982
52.95394
55.17145
58.15054
57.92615
54.58913
62.72591
54.4026
60.31049
61.78008
60.96928
58.69846
55.61992
58.92899
60.68164
58.71035
55.81903
61.54898
56.09262
57.11675
65.22629
52.10113
58.24855
56.15103
62.87875
59.45536
51.81989
54.76778
57.06912
55.39241
61.36542
56.38334
60.68112
57.28746
56.01682
57.37696
55.67549
57.80363
57.88281
57.42645
57.2096
61.93456
60.29243
56.93835
56.12957
56.41476
59.0707
58.77674
58.8601
58.46545
57.99522
53.70561
62.24219
56.84932
55.12313
60.26569
56.40395
53.27732
54.78397
56.24696
63.44156
58.48044
59.75303
56.63784
60.13103
53.46756
59.91474
60.83743
63.89614
54.51777
58.69094
55.33608
53.2045
58.9025
55.8041
60.87326
60.01477
57.68796
59.66251
60.3282
52.60234
57.21031
60.80868
61.16922
53.9005
55.60636
55.63773
59.89724
65.81427
58.32263
55.75471
59.43425
56.71322
59.7767
61.01956
56.71402
60.71691
56.14216
60.48281
56.51053
51.04677
59.99939
57.23489
60.59717
58.26564
64.86341
68.01253
56.79774
57.69346
62.07661
56.68427
58.76724
56.43506
53.52199
58.14112
55.72203
57.62904
55.02983
58.63233
54.74842
57.33979
59.39446
64.56668
62.45596
59.05123
56.22109
60.09
58.2573
59.22625
55.07421
53.99304
68.75775
64.879
57.88128
61.57927
56.97579
60.46543
56.89574
63.40043
60.09509
56.5753
58.51387
60.2737
58.36631
54.72543
62.61362
59.68823
59.72545
56.27609
60.31961
61.95105
67.90749
54.82223
56.56485
59.02749
59.40235
64.99473
62.44749
59.88338
59.85065
62.83889
56.44624
59.34591
70.85241
63.38096
59.546
54.81549
53.82012
57.60114
57.86617
60.63701
61.68677
60.85444
53.52214
59.23048
53.98487
55.91576
56.14796
56.07518
52.32545
61.84351
60.97784
62.84345
59.76897
61.97351
54.80813
51.52406
58.87443
54.93771
52.93353
65.16425
57.05751
62.84138
60.07464
56.74724
61.52982
58.37224
58.9619
56.91853
53.16288
54.90583
61.07738
64.41533
62.81459
58.01467
66.78209
55.10502
59.50629
61.66218
55.1969
55.74111
