69.37455
61.91343
58.33381
59.06099
50.81783
48.28319
63.43206
53.93555
49.82145
50.33217
53.66238
53.15396
57.65244
55.54864
43.15892
49.49214
54.22679
55.6384
49.99243
60.62099
55.88068
49.50829
55.07624
49.42191
51.77733
61.43474
54.88516
62.7109
55.2281
56.17793
49.78905
59.14526
56.58447
55.57336
49.88584
48.66802
51.73101
55.66252
56.65155
52.73012
50.22118
45.85095
44.24021
40.83563
39.90587
45.15679
49.00548
53.49017
52.80596
53.13135
61.62196
61.29917
52.76087
48.54193
48.36493
49.05428
50.92939
46.00343
53.63545
55.07836
56.28832
46.69588
44.47371
50.20935
49.65605
47.55457
49.64155
47.03864
48.7608
46.16656
48.28747
46.87366
50.40145
46.5351
53.11438
55.65322
55.09938
46.0785
51.58938
48.18728
46.59006
54.27816
53.42744
48.18176
46.45997
53.37571
45.02391
63.61155
60.36811
50.63805
44.34023
42.78903
44.78484
44.67774
45.04707
50.84344
54.90959
53.75433
49.65186
41.63805
47.73183
43.62329
48.88346
49.35031
51.98257
46.17307
52.66568
50.4466
47.22684
49.21256
47.07753
54.73351
53.04692
45.73385
48.66701
51.30861
45.78176
49.84649
55.12141
48.47597
59.92309
60.46218
55.92789
57.60553
52.31914
64.85932
60.55944
63.48852
58.03523
51.98423
54.76651
52.19724
47.33376
50.09124
56.47667
50.1087
49.46755
50.40532
56.97214
56.08308
55.17301
48.20521
46.36019
51.69597
46.80315
62.48381
51.89679
54.71594
57.00744
49.57161
51.3913
52.89087
44.60163
49.28947
48.63641
46.54648
48.16806
41.96859
41.89074
51.68432
53.20443
46.43239
52.20605
48.40669
49.17069
43.61883
53.98501
47.0044
51.40273
60.52565
51.03303
46.6342
54.00344
50.78901
49.4337
48.76861
48.51516
42.34082
46.71953
60.34789
53.98864
49.90478
52.1411
54.28626
54.28868
46.34059
45.47534
48.36383
60.24054
50.16426
57.59939
52.23778
56.34594
45.2094
53.3631
51.91815
54.85694
56.43774
46.86113
62.5906
62.37322
61.56495
54.97141
47.70891
48.95266
53.01305
45.01512
56.87985
61.62587
50.62784
55.27059
55.4212
51.63211
49.5658
56.8611
56.32876
49.60848
51.31914
45.73056
45.18251
51.99634
49.09098
41.68512
52.06591
49.20799
48.25879
50.0495
48.79496
65.21644
51.94944
58.12261
65.22988
52.08072
48.6672
47.76334
50.98297
43.02313
56.58727
49.86477
53.47537
61.24391
48.88917
55.75782
50.48833
57.37184
68.5894
53.92888
54.31326
57.66219
51.87097
48.21597
44.44006
45.56247
47.77421
48.3354
47.2294
48.69781
56.47111
54.91757
46.55097
58.84633
48.89119
46.60594
56.58825
54.32008
51.2586
44.63276
48.43622
52.49569
55.27189
58.8795
61.39469
50.27786
51.58417
56.27854
52.45399
49.84828
50.41772
49.89055
41.13567
42.18998
43.88271
44.45366
54.65213
43.4115
46.29423
58.9414
51.36831
49.16643
49.89666
52.62937
59.00411
53.43066
50.92843
44.47987
52.86759
55.12127
48.26947
51.37427
52.75
46.51175
53.56935
52.829
52.93687
53.68216
52.17248
49.22471
39.84958
47.49471
44.16098
43.23933
44.256
44.41949
47.38809
51.50588
45.2007
45.23237
47.28527
50.8236
51.85212
51.84595
46.01958
54.67719
52.48732
48.6741
50.21532
52.3888
51.83361
54.58188
55.15372
52.23058
50.48202
53.2106
59.60006
54.34176
63.76765
60.7643
50.5121
64.54531
61.76937
55.03406
51.87826
61.55046
59.73808
51.77706
48.55528
43.06401
53.64636
49.47642
49.47033
54.21995
52.98798
57.20869
55.86016
50.55634
58.40011
59.79019
53.83696
52.7337
51.34596
53.6552
51.41558
56.57901
48.25215
45.72822
52.84232
54.34356
58.23125
52.64615
55.57574
50.7067
55.25524
44.09788
43.62219
48.34096
55.07765
49.777
53.78941
54.68616
50.91817
54.16852
67.92481
60.46836
58.32717
50.01539
58.5479
48.22331
57.9235
46.35929
50.17791
48.18434
53.47389
55.26948
55.25511
49.15915
56.03847
49.7149
50.87644
53.66535
56.24979
48.34755
52.15525
56.15568
51.73596
51.49143
55.04181
46.51639
53.46237
46.13705
45.83361
58.58296
58.35941
66.57709
60.56189
58.67976
51.91581
60.52546
47.03833
47.50351
51.43233
46.93423
50.27935
52.98236
59.84831
48.13458
45.09506
53.14023
46.80453
45.74812
61.00143
48.96794
53.71083
60.95016
57.2617
60.98251
53.39136
52.75107
50.0926
48.94729
46.09721
51.80231
52.58508
55.48551
54.05993
45.72685
49.61943
53.67512
49.35367
49.75147
61.23644
47.23581
47.75446
45.16564
50.33424
45.23909
54.42193
51.84027
52.46736
42.95757
54.92068
49.68501
55.04257
54.65392
50.40983
51.85353
56.76892
49.71757
52.89884
49.94436
49.86301
47.55353
39.23012
59.81883
53.66143
54.37156
60.2004
47.53964
52.93532
46.46328
56.37034
53.8757
58.26715
70.32088
52.29618
50.76269
47.69257
48.40329
48.15942
53.06652
47.41607
44.81373
46.86656
51.27704
50.62121
57.33747
49.09609
58.90614
52.07465
53.26184
48.62619
50.25695
48.98472
54.58794
58.74867
51.16531
49.86621
57.32504
54.07819
47.23499
52.04153
57.09376
55.21408
55.46765
51.41565
53.49508
49.27265
45.85393
46.01106
54.08912
51.63632
46.41665
51.20204
58.08853
53.29812
52.03724
52.45349
50.39173
52.00024
51.05874
44.49945
46.17275
50.33646
41.83
43.57358
51.02466
44.36413
49.65937
42.82289
43.55673
44.59
45.35601
47.49066
52.56233
55.90773
54.25037
57.73499
58.11063
58.00709
55.88615
47.79662
59.78747
47.36153
47.97467
49.80985
47.4005
46.43144
49.11302
42.89397
44.11717
53.49244
50.23189
53.1866
55.14506
51.34964
49.08632
46.28498
44.1592
49.47401
50.86463
46.551
53.07641
51.01433
45.1805
49.10512
49.72248
47.90271
46.22689
49.92475
50.21038
47.77508
51.37274
63.58905
59.49485
50.90512
67.07491
52.45392
53.09175
62.14443
55.88061
52.19056
50.92516
53.18342
51.43174
50.68316
62.70638
52.25363
54.8494
49.65449
58.87798
55.45224
52.66654
52.24182
49.07731
52.60511
52.43926
41.06844
52.88124
47.17696
57.86337
45.92583
45.52856
46.04905
53.66217
57.15886
44.10457
43.95765
47.69955
48.47876
44.80308
53.56067
52.077
46.24008
49.23147
55.43131
60.46937
45.76254
58.52754
57.56577
51.40584
63.25683
56.63417
47.95542
47.97435
49.01333
50.50541
54.86858
48.98984
56.40612
59.70549
49.24109
53.63349
46.17936
51.04642
69.46481
53.74024
43.44255
54.669
46.57474
48.76399
49.23736
53.62246
56.34541
47.97252
52.12245
50.35093
55.48422
58.04443
58.80537
48.26094
47.76041
52.30341
48.44189
53.53791
52.87782
42.55366
59.0392
57.2513
51.41946
51.37979
55.2637
56.7786
48.25171
42.96103
44.46089
59.29527
55.79298
45.46613
46.23299
48.61497
50.69907
50.03941
54.74243
52.52948
57.7005
53.74093
54.63834
52.01516
52.19216
55.9837
53.62477
47.30756
55.42676
49.08329
54.04688
50.21474
48.02665
59.43513
52.99171
57.9351
47.46918
45.80544
58.86567
53.68094
53.10985
47.17771
48.80926
56.42627
55.29025
53.43402
53.28832
58.42133
53.6749
53.93737
45.6194
46.24515
51.01469
58.34244
50.75474
52.11366
57.57809
65.34246
55.4638
50.82142
55.02388
52.09341
55.37141
51.50276
45.9429
48.59205
45.83598
45.20629
48.85956
49.79034
48.01622
50.0599
48.51045
53.41481
48.71982
43.67413
47.11421
43.77008
43.47546
50.68203
56.07439
57.86552
47.86891
48.92337
53.94131
53.29363
51.42482
52.75341
65.08916
51.60461
57.68266
51.90431
61.15996
51.65856
55.23371
58.10344
52.51477
45.32685
61.73109
57.59272
62.14356
63.24388
50.07782
54.32699
56.30899
59.95033
50.72147
52.00632
51.39718
49.5486
50.15748
50.33608
46.21828
48.90876
56.34996
59.12408
57.64431
58.33137
49.12759
47.07888
54.16773
50.7815
52.57148
61.25081
58.06322
60.63056
57.48272
49.68188
47.07688
47.41554
46.22952
43.06648
51.39353
51.77371
57.73408
54.69367
50.743
53.81578
54.534
52.48879
57.27464
50.22129
51.16491
52.91649
50.68951
55.03597
50.57345
56.85585
62.83209
51.41973
51.08782
40.34522
50.72362
57.48143
52.99363
53.78314
56.42324
57.15656
53.50062
46.59275
51.49334
51.92209
47.26804
53.86457
57.75512
50.67886
43.20179
56.90504
44.25278
54.30498
52.27199
46.49087
43.70756
46.95778
54.68598
52.29633
51.94144
55.35883
49.32786
51.89306
54.85586
43.72645
48.2893
48.5942
55.40552
45.81213
51.1514
48.23177
53.75708
54.59869
52.053
49.18488
56.9394
58.87176
51.20356
47.34485
46.90996
51.43261
50.25291
52.22673
54.44838
57.97008
45.28083
49.96912
47.05798
53.61902
47.45934
47.80663
56.36826
50.84614
42.58438
52.86281
47.21221
55.34486
58.53087
50.49911
51.35924
49.18782
58.70814
53.01327
49.68275
55.48311
55.62074
50.90969
60.29977
59.94638
52.7225
52.05565
48.75481
52.55505
51.80823
49.33497
51.87529
50.49058
58.71531
49.72785
52.92079
50.02981
56.30058
45.01646
51.10198
45.34804
54.16222
61.54557
57.05195
56.18281
64.25228
56.37917
57.3463
42.17512
49.55246
62.38008
53.97091
52.50204
48.97229
56.10662
48.22987
52.83885
53.84499
46.60707
49.4709
57.34702
47.19742
47.05659
50.57786
48.69877
49.29442
57.51022
57.51158
55.67001
55.30196
54.34608
52.38944
50.92806
45.17334
51.74224
47.16544
51.13974
51.09465
55.15923
53.96437
54.00004
50.32608
55.35834
47.46519
49.85149
49.44433
50.59338
44.94166
58.25512
47.95504
47.72108
45.72688
54.38106
46.39107
59.50952
58.24545
61.83642
55.5922
58.44241
58.85353
49.91199
61.97847
50.42259
56.89294
51.51792
55.6432
50.36581
47.92055
43.41896
43.43179
45.03625
52.57889
54.27325
39.88224
52.7894
42.46858
47.04504
52.64251
46.84478
47.47001
48.69595
53.30905
45.4817
48.88416
47.28343
46.90804
46.42455
48.77499
45.71885
50.37325
51.82769
51.97894
45.13733
55.65953
51.39062
51.74952
51.44774
45.18406
51.27881
47.91207
51.92173
50.63032
58.97157
54.25478
54.53951
53.50222
40.9502
51.78985
60.67273
52.36444
50.61718
50.06858
66.27684
47.23101
51.88
54.35207
54.15411
45.50609
52.1126
47.52218
50.78377
51.1053
55.25324
52.38778
50.85769
54.25618
55.14387
46.92995
47.97526
53.8842
53.43376
48.37555
57.71829
44.57804
62.91948
51.6017
51.62315
50.93909
50.85917
57.62805
58.54365
52.326
51.40914
51.64736
44.45111
54.75433
43.25678
42.20921
53.48704
50.94117
39.54846
55.57032
56.67227
56.39622
50.75916
56.78683
56.5217
56.47794
50.93542
57.99313
55.88502
38.15909
46.26471
50.59949
49.56812
56.14167
55.54626
47.64939
47.99202
54.80473
52.25829
60.53535
53.25709
48.25306
50.75233
45.53581
47.3839
57.82737
56.05613
51.0723
54.57194
52.19127
53.188
53.41663
55.4939
50.5442
59.35684
53.76247
52.65086
58.27906
62.65331
49.40008
56.4371
53.01963
60.71878
62.55356
58.52105
53.99217
51.08037
46.99576
50.92546
39.96634
52.86053
51.84207
49.50143
46.94366
47.98288
47.13466
47.5076
47.51857
53.54297
59.94735
62.27607
53.86253
49.91733
54.72583
52.78915
59.17092
53.52774
41.76175
49.01873
52.55758
56.71547
43.69549
46.6636
50.88987
52.55309
55.56616
59.28574
60.60436
51.63021
63.74352
65.51734
64.53857
56.96751
51.97451
56.68818
53.34052
65.89555
55.82019
55.36691
52.15424
46.12339
45.18734
44.18541
47.61413
47.74881
46.81832
41.76584
57.10668
48.17812
47.01328
48.76837
51.77581
45.74439
42.28721
41.25646
50.04657
47.37259
51.14665
58.55388
46.65058
45.95031
57.28469
55.54324
50.96788
46.24254
62.00598
55.73416
53.2965
54.37789
52.22214
46.49334
46.06553
54.17057
52.52961
48.49611
53.94003
48.36909
50.99284
50.451
50.4757
46.17063
49.27249
51.88767
49.75605
44.77727
51.12526
59.90349
51.67512
51.36955
52.37294
50.28516
54.02712
52.49082
54.62512
50.78361
55.30332
53.82083
56.13827
49.91074
53.50405
56.3595
54.79561
50.18513
54.9991
50.6232
48.07387
49.48246
54.37076
47.8607
49.04822
48.58044
50.11752
51.51615
51.93497
54.46099
52.73351
67.23722
57.87184
44.97956
45.82806
46.91354
52.40682
50.16541
60.94348
48.59067
50.69948
57.42917
43.66516
49.14491
47.09544
51.20974
56.63935
44.81016
47.72627
48.7474
52.43151
48.84036
46.38215
46.58945
53.44833
57.85946
57.84204
48.42937
50.35225
46.1493
47.88194
47.17746
50.08479
42.99058
47.08361
51.68743
46.46306
44.81589
48.5986
56.74003
47.27242
50.48821
58.22034
45.34884
54.34732
52.17581
47.76857
47.01038
52.31935
46.91652
56.3125
50.25723
57.72415
55.19085
49.30848
52.88898
51.79962
53.21
51.47859
48.36089
50.00487
51.21381
52.58333
52.06753
57.38585
48.46752
50.58456
43.22092
43.67995
51.67536
54.69856
53.27793
50.20139
55.74531
54.56747
56.10179
56.35399
52.27701
46.17064
52.175
49.2092
55.35061
49.25336
58.85448
54.55522
49.32584
54.32458
55.66838
49.24716
56.3295
56.62624
54.98423
53.63384
58.97644
56.66574
54.2216
60.90616
55.06892
60.91611
48.57042
43.30118
45.99943
55.46016
58.32827
53.16674
51.70995
52.55507
48.14054
50.80362
47.53413
53.75516
51.28195
59.31303
60.62635
53.61731
44.77299
55.64902
53.04761
55.17737
60.51151
62.26554
53.20971
46.56352
50.80449
47.83057
56.31505
53.93558
51.98031
56.30428
52.19118
58.2531
49.00323
52.22315
52.80664
56.96907
57.0959
51.64477
49.70601
54.63815
52.0814
54.05664
49.38669
44.73086
54.83828
53.33027
55.13492
48.45402
44.49465
52.92479
46.25343
54.57258
44.7464
52.76954
46.8345
53.05543
56.88584
50.11715
52.44374
47.34117
45.61357
49.28981
49.21819
51.38323
57.73435
59.59249
50.82808
57.78788
48.62215
53.46362
54.03078
60.24569
51.49101
45.00367
53.54329
44.15498
47.26566
54.78481
48.93072
51.99253
45.32626
43.35759
46.43793
46.86515
43.76671
47.60845
50.33167
54.48289
44.89336
41.66764
52.87622
48.58755
55.01316
60.00529
51.84891
54.59614
42.80224
49.23596
46.89972
54.01211
53.43824
52.86992
47.76536
53.4212
58.16564
49.78711
54.46754
44.95096
49.79646
51.91427
49.15828
49.78949
56.44744
51.18875
46.69205
46.92335
53.16477
51.28378
48.575
45.91434
54.57688
44.80759
54.58098
55.57814
44.25515
54.77534
53.68194
54.38309
59.50584
59.07639
52.65661
49.50323
44.11398
53.67629
46.87512
54.24087
57.62072
50.8823
56.01979
62.21033
57.29394
61.28192
45.7006
50.98403
49.97182
55.40051
51.13272
49.45842
44.82882
53.55074
48.8666
50.55149
57.94294
58.2301
58.51731
49.0598
51.55217
60.73889
52.3606
49.67211
50.95343
60.32538
49.70576
46.61243
56.15636
59.81999
59.84603
48.564
48.92213
55.31915
46.10443
44.93372
42.80301
44.76487
46.15763
47.07214
49.16872
50.36065
43.45523
45.8868
47.99806
49.34995
46.62366
45.47829
49.73819
48.17915
38.09271
55.23083
45.33265
49.05472
45.06976
51.47004
49.79922
54.91246
55.87468
65.23084
56.52859
49.89992
57.86693
56.62942
48.80422
51.10797
54.40027
54.32919
51.67192
48.03747
53.09757
64.81726
54.08012
54.12785
46.47255
53.29542
60.48542
56.75332
60.06255
55.09279
48.66481
51.98902
47.85257
59.95079
57.14641
55.44395
51.90196
48.82601
52.74239
54.87192
49.17876
51.7562
47.0776
56.37029
55.23422
47.60663
54.56813
48.5118
51.9234
54.46241
57.52541
57.80713
47.80131
46.99276
53.62955
44.60687
46.179
52.03354
54.30916
55.77902
59.2737
43.22055
51.27415
50.89996
53.88773
60.11713
47.79535
50.54641
48.79381
40.37503
43.33758
52.76111
50.39871
51.91887
46.8275
43.94514
57.72346
48.22249
45.10024
46.6137
52.68496
54.62888
44.7662
45.79743
52.1444
53.59927
53.2936
62.21809
53.17579
52.33626
52.60305
48.55733
43.9495
46.63396
57.30257
57.45593
56.85548
52.41203
47.91485
48.9856
57.74103
53.63931
54.79443
47.66298
41.46234
49.81088
49.16291
46.39011
44.44584
51.38575
52.26215
53.99312
53.45111
60.46691
52.11273
50.37123
51.34236
53.64348
49.38837
47.07775
43.79168
47.26083
46.5296
45.26365
52.94562
48.33968
49.70087
48.61053
50.62498
46.85399
51.01275
48.12056
38.0305
37.41593
42.98406
45.90483
49.03336
54.90196
46.87737
49.43973
46.86886
55.10123
55.63403
53.11663
55.91136
60.2643
46.48696
53.02498
49.64644
54.76623
50.15213
58.50084
54.25716
45.26501
50.33095
53.85629
49.07032
47.63816
50.32689
44.25307
45.2804
45.89097
42.66771
48.02468
47.6072
54.92488
55.57184
56.33935
40.23923
46.30669
50.47894
63.02133
56.98051
58.97733
57.71247
54.00611
51.97097
49.07586
53.13396
56.29744
59.54031
52.57805
51.65497
53.14739
54.64843
42.67371
49.40872
51.74093
47.7193
52.95309
49.544
46.43551
51.95607
44.4491
44.64536
50.77305
53.0383
53.11546
54.02949
56.54126
47.82289
50.4279
58.32838
47.87017
48.75826
52.33966
44.18266
46.5546
45.05386
42.7713
54.39782
56.01993
47.36254
48.78419
50.52537
49.16987
54.51253
56.58856
51.62895
51.32443
60.54845
52.44308
50.84723
54.45754
51.21702
54.78369
49.39375
55.64791
53.22606
46.52982
48.61004
55.49558
57.15496
55.84647
47.8095
58.1661
50.25667
51.57763
59.28765
44.8183
54.77124
54.55694
54.87791
59.38376
48.23282
53.37588
46.0079
49.66166
46.35674
53.17897
57.83215
49.69915
58.3897
53.12681
52.8671
61.9042
50.31128
61.17721
58.27737
56.49724
52.47628
57.30697
49.74271
54.64988
52.86858
51.05831
44.67314
46.83715
53.60612
53.01612
48.02566
46.27073
53.73426
48.5579
52.10636
48.60968
54.92687
54.14982
48.00836
49.47675
58.98219
48.23372
51.53152
54.46007
49.93541
52.29012
57.69484
56.6476
52.36367
50.23153
44.16327
53.66901
57.86051
57.27105
56.33118
53.80344
56.88421
51.80859
47.54583
59.4484
50.61378
40.93317
43.70334
47.55837
45.49666
53.86577
53.21982
53.95752
51.1569
60.81491
51.01861
57.32029
50.68902
51.46815
52.3197
56.39247
49.41136
51.13372
59.73079
55.3708
66.2453
52.84873
48.98938
53.48304
50.0062
49.71722
47.89456
50.24808
47.6091
52.07737
48.19838
49.01023
55.85497
63.90853
56.68965
51.04983
58.50247
46.82912
56.93391
51.28452
45.09127
51.92429
49.39761
47.8283
47.34926
54.28901
51.65754
53.10302
48.61172
46.15405
48.24576
55.67619
54.34165
62.32191
60.01524
51.00011
57.89879
53.80453
51.45938
57.20243
62.69587
53.14609
48.8609
58.28908
51.13315
53.3006
49.49692
47.24726
49.04397
43.70562
40.27342
41.62273
52.63625
46.86469
49.8151
51.31732
56.65261
52.52313
50.19392
46.48875
53.7618
55.76467
51.41765
48.59164
44.95066
50.74176
45.04893
52.46104
47.05504
52.03243
50.28285
56.59044
52.15501
53.00873
58.14452
60.32954
58.13364
48.87294
56.22284
55.15012
50.62855
51.40411
53.56879
44.13619
46.24689
51.62794
49.86153
45.8152
46.87857
52.90836
44.93388
55.27792
54.0179
56.03753
49.58775
47.29021
53.07044
51.98283
47.7827
52.16058
51.71602
56.17282
49.96563
47.34035
50.08785
49.40016
50.3
58.21129
52.91597
55.83266
48.4032
52.63081
52.40953
47.90425
59.31703
61.24151
51.40348
55.08806
53.48286
53.34471
57.47164
64.21259
50.43174
51.26026
53.56355
49.5807
52.87946
50.24538
56.34089
53.23266
51.29251
44.20998
53.18328
47.00935
55.78693
51.96925
46.02954
51.35165
51.12962
55.01854
51.69957
54.73193
52.70899
48.33916
47.90494
55.86464
52.87211
52.38119
61.80179
57.53414
54.42213
47.12055
47.03372
56.43389
54.72687
56.81788
55.46855
51.67545
52.71089
44.65679
54.36974
52.61364
54.605
51.67107
55.62582
63.66725
59.52968
59.90847
50.51735
60.04886
52.60757
57.61152
49.84987
44.64874
58.12338
50.77668
54.75922
57.04014
51.7298
46.3729
50.44681
42.77243
48.22607
52.02906
43.5191
55.60946
47.62998
48.44407
56.24906
58.56635
59.18143
60.9025
56.14177
59.48661
60.17752
55.38005
57.78312
54.15987
55.53413
56.46221
51.56555
54.32336
48.72322
48.38588
52.7246
57.81943
52.11647
53.71242
55.37206
49.23622
58.79315
62.70997
60.47613
60.27135
54.09002
57.0217
57.16655
58.66873
52.73824
47.92756
52.0976
54.01996
54.27411
57.96583
57.42775
48.88195
61.16463
55.04026
55.88903
53.61677
50.08014
57.18417
58.20702
49.87396
49.91758
54.15838
50.07711
46.88075
47.66179
52.25269
57.11552
47.19227
49.44228
42.16764
44.20824
48.86537
54.37533
49.27261
44.62586
51.94619
47.72204
46.40547
44.61443
49.10769
42.33569
44.87203
50.70912
40.52977
50.84404
41.89549
44.64305
52.75787
51.10804
49.55423
60.0786
52.61883
58.60612
57.25519
53.04068
58.2741
56.3408
49.30432
49.08536
54.21529
48.01809
48.44742
56.99243
54.79718
51.92087
49.74296
47.55468
50.07621
48.29903
45.20717
38.27561
47.64721
45.53149
54.97188
52.09852
43.79937
44.08201
44.73487
61.4306
49.37782
62.05057
51.68962
54.11345
58.13015
53.88863
50.98753
52.3957
48.54223
49.63572
40.3149
56.72459
55.32545
56.81639
47.71234
55.277
53.12805
51.4761
57.20756
48.9099
56.82499
53.33284
54.87064
51.93604
50.72499
48.76665
63.13311
49.67027
54.24275
47.70968
50.67668
58.80085
48.7141
51.21694
47.98243
44.49278
50.29719
45.21193
51.46047
61.14407
52.29564
53.95683
48.85602
52.18509
49.90132
57.1608
47.80709
48.60737
48.44641
42.1989
40.75556
44.83954
49.72268
50.95218
45.17696
43.90978
50.50834
55.7489
52.06043
46.55371
51.2428
57.40469
50.13828
60.18971
51.31106
50.99605
61.3983
50.86297
52.73116
56.8943
48.23475
44.40318
41.20232
53.93302
54.5263
45.77333
43.91096
49.26086
54.75991
47.01848
50.14547
56.78409
53.06211
55.22225
50.93866
50.80103
53.13086
55.08512
51.50802
49.23905
52.84217
52.38927
56.06791
50.59155
45.96894
56.6408
58.84376
57.38614
52.31273
59.54749
43.52625
48.74501
51.26348
48.34004
41.84451
49.20187
53.31498
54.10475
48.9456
57.25888
49.2416
56.33737
51.05329
51.79615
50.27684
49.82294
51.98158
55.40909
58.4205
54.49913
57.14607
59.37503
55.70671
60.91153
43.40869
60.41784
60.11062
51.88371
53.08344
63.19987
55.29381
51.91081
53.43266
46.65797
46.38903
56.19051
47.80858
51.33037
54.59335
56.51133
50.11926
57.68542
54.9921
44.44233
53.66927
57.20357
54.78481
59.14199
45.03054
48.98605
48.54166
47.75287
48.68186
54.91119
55.44596
50.09334
51.45655
53.48155
47.78082
51.34648
50.18857
51.1334
51.36082
59.69629
62.64198
53.89054
53.63536
49.18088
46.38318
51.1493
53.91108
59.03856
49.57314
46.96548
54.34135
47.77586
53.97006
54.10648
57.58164
46.04134
48.28711
54.16237
47.09081
54.33601
46.27095
43.76876
48.24426
49.43753
51.89586
57.67538
43.88752
52.72545
56.53957
53.05827
64.92024
56.00089
51.39476
49.92596
50.11914
57.83064
49.9046
52.95012
65.8284
46.54199
48.49703
46.97396
48.71184
62.39584
52.72958
55.5384
60.05204
53.96054
46.59195
54.76664
53.82599
54.87096
47.90094
44.24127
46.45545
50.14798
51.503
55.57038
56.55287
46.38134
62.11523
64.70011
58.12204
49.19284
48.15
51.67399
59.78758
56.39829
51.75619
54.11542
57.97824
56.72269
46.92355
44.24208
53.10912
41.65088
47.15273
44.95427
53.4388
53.90347
51.03428
55.18011
57.36093
51.72387
63.12878
64.71308
62.62807
60.08226
55.0204
47.71101
48.05857
44.28186
54.85008
40.42542
50.61736
45.83044
51.74674
52.51966
60.00483
55.5422
52.09048
48.95905
47.87343
49.06393
54.6176
52.18436
46.38629
44.09181
46.83356
41.59089
47.22397
59.56337
57.41037
60.24854
52.41192
51.09337
49.60122
