factor(envID)4 factor(envID)6
-0.4235955 0.4224926
-0.2952267 1.770967
1.875378 4.51208
5.26567 6.635755
4.631945 6.587988
4.631003 6.520375
5.567159 6.563058
7.755588 8.726998
7.543935 8.517422
7.526067 8.722909
5.607917 7.858733
6.741834 8.44213
6.6961 8.665871
7.086316 7.427474
6.943955 7.954763
6.832524 8.11173
7.275919 7.903414
7.321286 8.353131
6.561781 8.111647
7.424563 8.522917
8.172387 10.03476
8.469102 10.24771
10.06923 9.919308
9.4949 11.43341
9.948756 11.21468
10.14417 11.32121
9.124359 10.68337
8.475972 10.28151
9.516843 9.991559
10.76862 12.66432
10.35951 11.86578
12.15606 12.77716
11.80528 14.2676
12.98711 15.36731
13.73768 14.70566
14.25492 14.50891
14.56084 15.16202
12.95409 14.0054
13.13061 13.49977
11.51536 13.16873
9.714994 12.04135
9.811809 10.75143
10.20923 10.72512
10.78683 12.22599
10.8356 12.47937
10.1737 11.26274
9.867819 11.71469
10.89444 12.00832
12.11064 12.34619
13.59161 13.71962
15.92521 16.31064
14.22023 14.87465
13.74851 14.89143
14.12945 14.87098
14.81136 16.65906
16.60249 17.3939
15.83261 16.93368
15.62248 17.26197
14.46983 16.04357
13.20891 15.67732
12.95572 14.33352
13.26743 14.68506
13.84579 15.45211
14.99348 15.63574
13.27549 14.77066
13.81948 14.02909
13.31975 14.87821
13.66942 15.4583
11.88303 13.14499
10.69164 12.19522
10.40313 11.21072
11.49742 12.06781
10.51673 11.59924
10.71947 11.59387
9.915539 11.91128
10.23062 11.28035
10.40077 12.18613
8.655748 9.924943
8.184737 8.843898
7.178057 9.042874
6.993505 8.696427
7.73673 9.080201
7.328033 8.41043
7.303221 8.938785
7.698836 9.090519
8.21759 9.808733
9.044467 10.62785
9.036132 9.528584
8.83251 9.082321
8.326091 9.664722
8.077612 9.615494
8.458729 10.11671
7.951041 9.607312
7.703957 9.166093
7.198237 8.6387
7.225602 9.443121
8.775606 11.33825
10.01123 10.58509
9.975911 11.40722
11.20178 12.76549
11.97866 12.3602
11.16078 12.27648
12.67766 12.90476
12.72288 14.19163
13.97759 14.47023
13.7955 16.19045
14.04716 14.66818
13.93179 16.10258
15.20149 16.82038
14.40986 17.01779
14.54703 16.25115
14.07763 15.30838
15.26982 16.66607
14.2884 16.74777
13.92867 15.60587
13.85454 14.71153
12.95601 14.69737
12.7798 13.85927
13.22849 15.16752
12.37938 13.55142
12.1105 13.73888
11.87025 13.30017
12.91762 14.31399
12.99848 12.61343
11.3857 12.96552
12.69929 13.89068
12.7623 14.33434
14.75576 15.63508
15.6988 16.54443
15.63971 15.91553
14.26847 15.82496
15.12568 16.41888
14.00737 15.19831
15.0337 15.3835
12.88584 15.29834
12.54827 14.68093
13.17431 13.86622
13.10848 14.98206
13.07291 14.13476
12.7358 14.39204
12.94962 14.33874
13.22441 14.44814
13.88888 14.8408
13.52035 14.28149
12.3732 14.9591
13.4726 14.32999
15.01844 16.09923
15.36619 16.43224
14.24665 16.04319
16.32475 16.7809
15.03038 16.58209
14.62487 16.62333
13.94334 16.15416
14.8913 16.9733
14.81973 15.02998
13.6107 15.51769
14.3868 15.315
13.77829 15.18752
13.29672 15.0295
12.47199 14.12158
10.85748 13.04016
11.13236 12.09283
10.77056 11.68856
10.06948 11.12121
9.020752 10.46384
8.535603 9.705542
6.964939 8.440027
8.559878 9.860851
9.657924 10.84906
8.921876 10.55441
8.593472 9.555437
7.983063 10.20343
9.306446 9.906608
9.47113 10.73929
8.516915 10.03023
9.384925 9.936538
7.497911 8.502821
8.847898 9.404744
5.757664 7.570686
5.547015 7.271184
6.57191 6.406478
6.060961 7.568013
5.706469 6.359926
4.257664 6.419468
4.756666 5.204438
2.723285 4.706809
4.044091 5.709211
4.349552 5.543949
4.151178 6.133687
4.657599 5.479855
3.674657 4.973142
4.677463 6.607974
4.661199 6.00313
4.13938 5.976107
3.965591 6.09038
4.016113 5.723874
5.115668 7.400311
5.383278 6.242781
5.016248 5.442944
4.242549 4.94701
3.535483 2.977216
3.27608 4.469884
2.278466 2.901376
1.168504 2.825483
1.525629 1.826434
1.139414 2.42362
2.054344 2.921826
0.6965279 2.565341
1.75713 2.663846
0.05892017 0.8268881
-1.615771 -0.4248182
-1.603305 0.6264193
0.9270078 2.401409
0.8894187 2.661091
0.3889398 2.368802
-0.3102685 0.7950411
0.2710493 2.23678
-0.5388669 0.9094549
-0.3950802 1.563017
-0.9823159 0.5315493
-0.9407458 1.04275
-0.1075175 0.8195633
-0.9471109 0.01140633
-1.701841 0.3374874
-1.120033 0.3169912
0.5882672 2.028685
2.198194 4.038646
2.143055 3.884193
2.662526 3.394099
0.7741642 2.800409
0.551096 2.053019
-0.1323752 1.035063
-0.4572134 1.040078
0.5618097 2.881122
1.395606 2.520966
0.1978618 1.21487
-0.1135826 0.70604
-0.1995865 1.408291
-1.574854 -0.3708994
-2.055037 -0.684577
-1.405288 -1.566988
-1.1666 0.3249451
-0.9888929 0.6422053
-1.653394 -0.6150641
-3.172446 -0.9245598
-1.592615 -0.342058
-2.333077 -1.681046
-2.080017 -1.434558
-3.145109 -1.780362
-1.069078 -1.150675
-1.81044 -1.061912
-2.49854 -1.203149
-1.992043 0.1222921
-0.04704188 0.493609
-1.339245 0.3373595
-1.907098 -1.34755
-1.046894 -0.03362432
-0.4193964 0.8526536
-0.4507927 1.191028
-0.8026236 0.5685318
-0.01021896 1.460043
0.1943531 1.393583
0.3414721 1.934219
2.354981 3.658565
-0.2127764 0.6183967
-0.3682246 1.693156
-0.7340468 0.4358497
-3.162996 -2.110022
-2.209524 -1.625474
-0.7731866 -0.09300577
-1.369825 0.7999105
-0.6906832 -0.06959912
-2.488386 0.3888401
0.09193964 -0.005789892
-0.3309275 0.9457421
-1.728299 -0.2580549
-3.042489 -2.336038
-4.421872 -4.218147
-3.718439 -3.455633
-4.616461 -4.496343
-5.422212 -4.14732
-6.297159 -4.159805
-6.100325 -4.865637
-6.334668 -4.982949
-5.348852 -3.920252
-6.923522 -6.264025
-8.441993 -6.889643
-9.457448 -7.559793
-8.794998 -7.30543
-8.621627 -7.637975
-8.81433 -7.276736
-8.39517 -6.702745
-7.160277 -6.22986
-8.257234 -6.8631
-6.613202 -5.458922
-7.803071 -5.625801
-7.802313 -5.832376
-8.655183 -6.741551
-9.120017 -7.619894
-9.666183 -8.172627
-9.554624 -8.624135
-9.220955 -8.179455
-8.580562 -8.331779
-7.840492 -6.564921
-5.759389 -3.519581
-7.034226 -5.192222
-7.242607 -5.974468
-8.360661 -6.833128
-8.947764 -6.939136
-8.758639 -7.983415
-7.765639 -7.427105
-9.05359 -7.842362
-9.438287 -8.001708
-9.705577 -8.343687
-8.275392 -5.564585
-6.587027 -4.929835
-5.419428 -4.099299
-6.730432 -5.18713
-5.667345 -4.53699
-6.841209 -6.037121
-7.721548 -6.20861
-7.023592 -4.745585
-7.542226 -5.625016
-7.915499 -6.951518
-8.730451 -7.13509
-8.624316 -5.923393
-7.304048 -6.309962
-8.464409 -7.983609
-8.454278 -7.015253
-6.310409 -5.176145
-5.334489 -4.534956
-4.5653 -3.200111
-3.405264 -2.828034
-2.886171 -0.560865
-3.6247 -1.555916
-2.635547 -0.8304695
-1.487713 0.07204896
-1.204392 -0.9338651
-2.056899 -0.2521447
-2.419588 -0.7008643
-1.113842 -1.03205
0.1411827 0.981983
0.2373739 1.556408
0.9118515 1.806484
0.09376006 0.4385397
-0.526175 0.12268
-0.5343249 0.4213379
-0.6898231 0.4974621
-1.539909 -0.2308962
-1.214607 0.5993904
-1.603464 1.172115
-1.519143 0.2788097
-2.547386 -1.546119
-4.810715 -3.021241
-6.154528 -4.083199
-7.163724 -6.056742
-5.145384 -4.918385
-5.666651 -4.30634
-4.837023 -3.320981
-4.433793 -3.105121
-3.924116 -2.451002
-4.053725 -2.119561
-4.256544 -1.941109
-4.632854 -2.598338
-3.737558 -1.91609
-1.768985 -0.9817065
-1.352727 -0.8677925
-1.335022 -0.02197471
-1.328228 -0.1739106
-0.5151811 0.8032241
-1.427068 -0.08908004
-0.7540645 0.5435752
0.1214341 1.561117
-1.112961 0.6402168
-2.428078 -1.427301
-2.957505 -1.295422
-2.802365 -2.753334
-4.523629 -3.089357
-5.386798 -3.538999
-4.340482 -2.950533
-4.145826 -2.803797
-3.569403 -2.00132
-2.94573 -1.724248
-3.550266 -2.069595
-4.10881 -2.681657
-2.179468 -1.407731
-3.036147 -1.357723
-2.972017 -2.232366
-3.455133 -1.632933
-3.424396 -1.706504
-3.426562 -0.8477095
-2.576177 -1.393816
-2.466325 -0.6364469
-2.570245 -1.09272
-2.196489 -1.409426
-2.775839 -1.4724
-2.873474 -0.6332586
-3.521885 -2.393275
-1.42036 -0.913443
-0.9718884 0.1838059
-0.204758 0.943823
0.4996356 2.202464
-1.002629 0.6304355
-2.161532 -1.125018
-3.931808 -3.111612
-3.780285 -2.771372
-3.721554 -2.938969
-3.520344 -1.694469
-3.768758 -2.34786
-3.315844 -2.744043
-3.731136 -2.722081
-3.677114 -2.76051
-4.547357 -4.014082
-4.957267 -3.361605
-5.768647 -4.794743
-3.846822 -3.156642
-5.533268 -3.927087
-4.799205 -3.986673
-4.220472 -2.826799
-4.087537 -2.975291
-2.671168 -1.101127
-0.7232588 -0.4567357
-0.6665957 -0.1940329
-0.3112957 1.149053
-0.2380542 0.9813167
-1.217238 0.6833618
-0.1324759 1.314818
-0.1348726 0.9790464
1.172247 1.410683
0.6501255 2.069209
1.283239 3.474948
1.641321 4.267758
3.285519 4.141019
2.995339 5.061511
3.066001 5.170267
2.98352 4.298593
2.569962 4.030809
2.060657 2.947496
2.042236 3.517056
1.172082 2.662345
0.2209165 0.766876
-0.4525609 0.462983
1.204888 2.045438
1.414402 1.453702
1.975974 2.279391
1.775818 2.875842
2.58971 3.20686
1.751958 3.429881
1.896217 3.931822
2.637343 3.649053
2.310645 3.258393
0.6297996 2.047253
1.981122 2.404384
2.984454 4.149362
3.942806 5.284342
2.409952 3.7338
3.846305 5.078771
2.865101 4.451577
5.462594 6.625912
4.225995 4.551392
3.727974 5.117382
3.647868 4.879242
3.44928 4.105274
4.457871 6.015867
3.76639 4.958194
3.712205 5.360778
3.925769 6.529191
5.183733 6.428883
4.82408 6.264411
5.521606 8.237407
6.850977 8.411562
6.834509 8.792148
6.346052 8.347724
5.939778 8.282716
5.076245 5.660127
5.98086 6.270483
4.10574 5.670396
3.929519 5.714503
3.383588 4.610654
4.95534 6.952887
3.381484 5.012796
4.483335 6.466898
4.673048 6.442995
6.153119 8.057395
5.742279 6.390326
3.97301 4.977219
5.530084 6.027764
6.729856 8.18029
8.12967 9.392761
7.692382 9.43605
8.012766 9.509512
8.71687 9.370163
7.960833 9.519033
8.748472 10.31025
8.832773 10.21414
9.098502 10.69523
9.420824 9.876496
9.563325 10.21463
8.904715 10.50218
7.900924 9.529194
9.7725 10.4413
8.970173 10.25543
6.423237 7.972963
7.536789 8.109829
8.515786 9.130291
8.850572 10.58193
8.668716 10.01899
8.764264 10.45933
9.110466 10.32051
10.15629 11.91234
9.877628 11.29632
8.947327 10.62678
9.333265 10.27609
10.9574 11.49064
11.08576 12.20859
12.49581 14.10297
12.75865 15.43271
13.88563 15.50154
14.45383 16.29788
15.63693 16.58097
15.50332 15.95662
14.53085 16.06011
15.25819 16.09427
14.58435 16.51396
13.70853 15.68664
13.37852 15.82614
14.13857 16.45281
13.33858 14.18347
13.35764 14.23824
13.20353 14.64293
14.30728 16.37278
14.96248 16.77623
14.92687 16.61324
14.72293 17.34564
16.76624 18.13762
16.58333 18.19847
15.96133 17.17044
16.30541 17.865
15.67291 15.91491
14.38085 15.13195
15.36263 15.96457
15.83838 17.52277
16.1706 18.25442
16.73966 18.12899
17.67937 18.98264
17.81292 18.33231
17.25912 17.31783
16.87214 17.71988
16.93999 19.37659
17.95583 18.30291
18.16359 19.6584
19.53277 21.03989
18.36793 19.70263
17.69573 19.01274
17.26722 18.40412
16.7286 17.66763
15.98567 17.45058
16.01432 18.37992
16.28558 17.05384
15.67281 16.64295
15.69096 16.32198
15.77359 17.08805
16.50438 17.96995
14.55997 16.56786
13.20694 15.58045
13.92355 14.45323
13.01773 14.49364
12.31669 13.47458
9.982767 11.01762
9.584991 11.02079
9.906337 11.27757
9.812343 10.38595
8.942983 11.49516
10.95294 12.74713
11.01325 12.29066
10.46591 11.91642
9.606866 10.99525
9.930626 10.98606
10.40093 10.56569
9.685075 10.73164
10.40477 10.95499
10.82806 12.19401
11.27963 12.42285
10.75823 13.68847
13.23569 14.92978
15.64727 16.01186
15.6613 16.57203
14.08769 15.48418
12.96656 15.57302
14.59224 15.55116
14.10439 15.27752
13.26654 16.03418
13.37254 14.08663
12.28847 13.99971
11.72471 12.7165
10.02315 12.97532
10.03688 12.35084
12.34143 14.3266
13.94192 15.82423
14.25812 15.2312
15.55633 16.6244
14.39116 15.19259
13.00617 14.40313
12.71011 14.53915
13.14461 14.3896
12.49008 14.16526
13.10355 14.76198
11.27995 13.4094
12.12521 13.43379
12.10068 13.88214
12.4427 14.22962
12.53162 14.35809
13.2369 15.05376
13.52348 15.47327
15.17433 16.18516
15.96541 17.64381
16.13557 17.4739
15.38966 16.5273
15.21576 16.74775
13.24422 15.45547
13.22409 14.64458
12.77406 13.92404
13.74783 14.78413
12.85541 12.85983
12.11996 12.98332
12.35242 13.50334
12.35767 13.77787
11.13501 12.72604
9.666644 10.35017
10.40315 10.88915
9.953956 10.95763
10.97717 12.51608
10.33632 12.80445
11.12116 12.18489
10.80609 12.45941
10.24431 12.08383
10.31235 12.3121
10.90555 12.68062
10.585 13.50303
10.78097 12.02605
10.91988 12.67833
12.34741 13.56933
10.19119 11.61359
8.774161 11.10308
8.356332 9.687352
7.837001 9.378263
6.644231 8.404596
5.883319 8.023635
7.071107 7.828983
6.920909 8.625052
7.858565 9.417031
8.465243 9.123374
7.746449 8.01892
8.665174 10.7402
8.608035 9.918712
7.54492 9.310699
6.956322 9.166126
9.624005 11.23434
8.951766 11.00522
9.731159 10.37986
9.985064 10.28801
8.625065 10.88445
9.389167 10.52938
10.65509 11.8896
10.30664 11.28258
7.286974 8.768079
7.061705 8.987852
5.7742 7.551383
6.282219 7.736037
5.325624 6.861583
5.619391 6.981789
4.925878 6.36165
5.261802 7.000063
6.80052 8.42194
6.855548 8.286375
6.261098 7.930666
7.248426 8.774551
6.603955 8.076336
7.794757 8.366426
6.619495 8.941435
7.363472 9.443326
8.509355 9.398763
9.37056 9.932646
7.527509 8.678688
6.729102 7.307346
8.511138 10.87696
9.25615 9.855345
8.738345 9.769392
8.118938 10.25791
8.247738 9.382157
8.371197 10.17836
7.655673 9.039034
7.163001 10.36795
8.966996 9.543102
9.153512 9.558237
9.800419 10.81292
10.00748 11.56354
10.7412 12.55194
8.277983 10.205
8.404363 9.398031
9.392149 9.887072
9.052346 10.83003
8.98151 9.743911
8.839742 9.73266
7.781524 9.589444
7.806793 9.575217
7.626133 9.218774
8.81489 9.738335
8.858261 9.86201
8.635463 10.48146
8.742907 10.94382
8.873376 10.44621
10.28 11.7169
10.38786 11.58205
11.63877 12.95079
13.1436 15.09356
13.59341 15.61041
13.39133 15.30208
13.65293 14.89519
15.56637 17.03839
17.15406 18.47365
17.81624 18.49684
19.09411 19.85504
18.50298 19.39537
18.70094 20.408
19.99937 20.68534
19.19118 20.94153
18.76773 20.04533
18.35375 19.25469
18.24054 19.00061
18.87277 19.56562
19.91201 20.59311
20.06605 21.3705
18.82006 20.29808
19.91993 21.78091
20.70704 21.7902
20.18486 21.20616
21.53978 22.23143
20.41726 21.35657
20.8126 21.44028
20.0573 22.29261
20.99797 21.94388
20.82451 22.53157
19.79791 21.40904
20.7005 22.29102
20.89726 21.99052
21.34138 21.49989
20.11193 21.50057
20.38962 21.06327
20.75906 21.55892
19.27573 22.3149
20.28273 21.51409
19.35146 21.3216
20.07537 21.02269
21.58541 22.82832
22.12937 22.76302
23.17758 24.55646
26.08854 27.08027
26.45646 28.27012
27.11621 28.16071
26.29136 28.76638
27.48969 28.72022
26.51612 27.77533
26.29654 26.4906
25.63875 26.70429
25.74268 27.11374
24.5428 26.30791
22.46239 23.4218
22.74823 24.11754
22.7595 23.08305
21.04625 22.19943
20.63676 22.05549
19.34202 21.6915
19.98713 21.2243
19.06611 20.4232
18.04461 18.82
18.36361 18.80029
16.76774 18.78685
18.0682 18.53462
16.8699 17.39595
16.61261 17.71359
15.92547 17.007
17.40831 18.36516
18.14926 19.60492
17.89898 19.53195
18.45251 19.88241
18.37866 19.37727
16.71167 18.46381
13.99022 16.19874
15.33474 16.15543
16.03139 16.18987
14.62016 15.59455
14.15037 14.66644
13.90131 14.24284
13.39609 14.83672
13.19894 14.56807
14.44873 15.3432
13.14169 14.42709
13.19531 14.55638
10.95094 12.72143
10.91729 11.40203
9.877785 11.69627
11.342 12.67471
11.70352 13.85256
11.477 12.54981
10.934 11.9955
9.144899 10.92615
8.347537 9.107518
7.990714 9.391146
7.541343 7.316492
6.208086 7.974771
5.794582 6.844945
4.835147 6.981821
6.080241 7.385578
6.269839 6.688745
5.697268 6.70793
4.751866 6.456476
4.056842 5.152714
3.548147 5.337541
4.120893 4.884457
2.885554 4.852234
2.898152 4.511123
1.61552 2.9051
1.661172 2.587576
0.4455526 1.951327
1.132149 2.106757
0.5844423 2.635838
0.6034382 2.294323
-0.663814 0.02034116
-2.305771 -1.176458
-3.680196 -2.59591
-2.562908 -1.824287
-3.968596 -2.718873
-4.272736 -2.739348
-4.368171 -3.144735
-3.765811 -2.498513
-3.171011 -1.850002
-2.476426 -1.247996
-1.664596 -1.499286
-1.564293 -1.21569
-0.4238938 -0.3480559
-1.737942 -0.4077725
-0.7439902 0.9497462
-1.79502 -0.5022441
-0.304659 0.3134474
-0.8983956 0.7542425
-0.5752707 1.367267
0.6678538 1.919966
0.1921468 1.687425
0.3196929 1.925101
1.433377 2.022712
0.9015073 2.068385
1.162211 1.549913
1.048638 2.622474
1.679659 3.043846
1.089179 1.62014
0.9425791 2.383912
2.151767 2.74991
1.479967 2.888343
2.090158 2.763232
0.7218251 2.389124
2.094302 2.670467
2.971499 3.699097
1.776262 3.910594
2.646578 3.819951
2.24601 3.095763
1.751121 4.08715
1.21156 3.320652
1.623366 2.965151
0.470803 2.322893
0.5261674 1.261637
0.39013 1.580395
0.2767155 0.3387975
-0.7565636 1.349881
-0.3107868 0.7014688
-0.7012763 1.006467
0.4762331 1.512618
1.857647 2.45904
0.9371618 0.8470574
1.718843 3.61998
2.636861 3.532627
3.626657 4.060864
1.974142 4.11222
2.12023 3.924769
2.289671 2.983709
1.68074 2.92167
1.104566 2.30653
2.02962 3.001861
1.656855 2.816679
1.198518 2.999049
1.604226 3.821349
2.165919 3.244976
2.274686 3.020187
2.446244 4.397229
2.640523 4.002714
1.967044 2.853468
1.203373 2.093694
0.121865 1.503725
-0.4513112 1.825798
0.4588638 2.132085
0.2345407 1.113477
-0.294655 1.237834
0.8654659 2.165393
0.9122744 2.183321
1.906114 2.568275
0.422306 2.036149
0.04312557 0.583412
0.6197092 1.266994
-1.423088 0.8713571
0.8436332 2.0316
-0.2010998 1.493143
0.6871107 1.947587
2.401818 2.943352
1.13501 2.787432
1.479819 2.402983
1.810945 2.887443
0.5076272 2.855471
1.926975 2.885464
1.027753 2.710802
1.728617 1.991206
2.207288 3.858771
2.171101 3.287139
1.296597 2.912688
1.873116 3.73586
2.016831 2.991198
1.53647 1.892563
2.34982 4.113261
0.5673859 2.172362
-0.1506684 1.973367
1.049844 2.718187
1.454646 2.821523
0.3171071 1.285882
-0.5071279 2.296267
0.2461405 0.8348344
0.9944597 1.434992
-0.1256079 0.7488638
1.068648 2.057051
1.668141 3.194318
2.721899 3.438489
2.305531 4.225788
1.948031 4.268511
2.738652 4.008037
2.910063 3.914455
2.795929 3.310126
1.10422 2.345992
0.2886988 2.119648
-0.2212131 1.551618
0.1006418 1.777355
0.06709325 1.269384
-0.2741999 1.12788
0.6140136 1.847845
-0.6562746 0.3100278
-0.05485128 1.713403
0.9404481 2.596608
1.253731 2.348458
2.086187 3.331296
0.6739978 2.164171
-0.3353315 1.957584
1.240804 3.721631
2.559613 2.199647
1.957641 3.181491
0.8777629 2.122432
0.06126283 1.403293
0.7677471 2.020941
1.967005 2.100132
0.8419996 2.402317
2.27594 3.500517
3.048996 3.341548
2.400647 3.259666
1.525727 1.908601
1.280343 1.817714
1.120573 1.768633
1.006569 1.091355
-1.239541 0.1335437
-0.9006111 -0.6801816
-0.8366192 0.4634462
-0.9415588 0.6870226
-0.7613576 1.175413
0.5313185 1.566566
1.575906 2.312822
1.466552 2.857567
0.8205672 2.76208
1.177629 1.895131
0.2802254 1.679432
0.9938343 2.217399
0.5405932 1.834247
0.1235189 0.5895336
-0.03954054 0.7009587
-0.3335897 1.601223
-0.1435377 0.1473355
-0.7530326 0.6021262
-2.317146 -0.9001537
-2.147242 -0.7765132
-3.51029 -3.049515
-3.78916 -2.081632
-5.133058 -3.278009
-5.472395 -4.5
-5.034844 -4.286897
-4.692678 -3.658083
-4.694374 -2.516594
-4.029392 -2.084384
-3.809034 -2.499858
-4.191853 -2.021929
-4.671548 -2.860128
-4.587181 -3.604945
-3.8401 -2.832397
-4.014264 -2.059897
-2.718397 -1.644001
-2.019899 -0.6966307
-2.790704 -1.936829
-3.833544 -1.404992
-3.599373 -2.111645
-4.568659 -2.385877
-4.889419 -2.810319
-5.300007 -3.14551
-4.296041 -2.863789
-5.181657 -3.067512
-5.853461 -4.166491
-5.771577 -4.351248
-7.442338 -5.657904
-7.798293 -5.961949
-6.950775 -6.087909
-7.762266 -6.80248
-7.730345 -5.901026
-6.25029 -7.103867
-9.309935 -7.900474
-10.35484 -9.53423
-11.08824 -9.419732
-10.18516 -9.111981
-11.45593 -10.21583
-12.47259 -10.74882
-12.37281 -10.6501
-12.75788 -11.07568
-12.17772 -10.4211
-13.28453 -11.94738
-12.94691 -11.10294
-12.11016 -10.84478
-11.64682 -10.91826
-13.18059 -11.58987
-13.32325 -12.19598
-12.97137 -12.4564
-13.077 -11.65985
-13.39677 -11.1865
-14.94869 -13.76964
-16.20944 -14.50924
-15.36016 -14.61908
-16.27413 -14.94769
-16.29821 -15.21633
-16.2914 -15.15147
-15.70858 -15.80556
-16.22563 -14.69202
-16.09607 -15.63311
-15.43566 -13.54922
-14.09315 -13.24926
-14.86282 -13.6717
-14.59674 -13.43214
-14.44358 -13.47352
-14.57537 -13.36167
-13.87192 -13.53092
-16.10927 -15.06353
-14.94049 -14.10443
-14.84288 -12.84629
-14.9441 -13.85707
-15.33235 -14.10577
-15.77805 -14.34355
-15.50824 -14.10475
-14.66887 -14.01298
-14.11195 -13.26579
-13.16041 -11.98301
-12.49928 -11.43418
-14.75919 -12.85222
-13.42142 -12.54803
-13.42504 -12.1682
-13.49046 -12.14447
-14.5044 -13.31981
-14.02951 -13.21437
-14.85162 -12.6487
-16.07842 -14.73703
-16.56052 -15.70302
-19.22114 -18.23746
-19.75009 -18.30309
-18.78235 -18.58257
-19.08735 -18.34759
-18.34907 -17.26376
-18.06643 -16.56767
-18.7867 -17.98297
-19.82058 -18.60563
-20.3346 -17.99677
-19.65636 -19.35358
-19.12223 -17.41252
-18.99166 -16.96611
-19.97063 -18.13694
-19.1986 -18.04248
-19.21159 -18.0673
-20.63542 -18.48361
-20.82746 -20.62213
-20.33269 -19.15039
-20.02122 -19.00855
-21.78555 -20.99206
-23.05005 -21.73562
-23.90817 -21.97702
-21.96497 -19.71871
-22.13222 -19.70058
-23.08585 -22.27878
-22.52297 -20.65984
-22.6503 -21.86183
-21.07051 -19.07104
-21.90282 -19.97645
-22.34607 -20.24854
-22.79215 -21.00106
-22.41174 -20.89255
-21.72947 -20.44486
-22.03321 -20.87078
-23.21612 -21.06457
-22.86844 -22.51021
-24.3024 -22.57162
-22.56891 -20.62195
-23.29563 -22.02916
-23.951 -21.5921
-21.68538 -21.38755
-22.63962 -21.02193
-21.18635 -20.82083
-20.42834 -18.81825
-21.33306 -19.98318
-22.23775 -20.67814
-22.66736 -21.81794
-20.14168 -19.90286
-20.99266 -19.2882
-18.97179 -18.24124
-18.72149 -17.26489
-18.5723 -17.36776
-19.68036 -18.87631
-18.24036 -17.34926
-19.50025 -17.47771
-19.67527 -18.06299
-18.70182 -18.41993
-18.69164 -16.74299
-18.44453 -16.18587
-18.03185 -17.09981
-18.88957 -18.10432
-18.25286 -17.7874
-17.5112 -16.1863
-16.77488 -14.73826
-16.21085 -15.37742
-15.64085 -14.61624
-16.36114 -14.6656
-15.38661 -15.26805
-15.95997 -14.52674
-16.66501 -14.4076
-15.58169 -14.01304
-15.19888 -14.74292
-17.40121 -15.44855
-15.39279 -14.19151
-15.83538 -14.93326
-17.24221 -16.22306
-17.93456 -15.54244
-17.00814 -16.73707
-16.97249 -16.94606
-18.12471 -17.21528
-17.56904 -16.82134
-18.9613 -18.0415
-18.61095 -17.51359
-18.96413 -17.90039
-19.22323 -18.77237
-19.17286 -18.35755
-19.26831 -17.71153
-18.26587 -16.73007
-19.04334 -17.64771
-19.75931 -17.23584
-19.90879 -17.58944
-20.20476 -17.31583
-18.60528 -17.99002
-18.44457 -17.23754
-19.89473 -17.68854
-19.53048 -17.79905
-17.87263 -17.49649
-18.13009 -16.32603
-17.08101 -16.04305
-17.67448 -15.31546
-16.48764 -14.88132
-16.45598 -15.07503
-16.08501 -14.43349
-14.06791 -13.94362
-13.51273 -12.27408
-14.40458 -13.40418
-14.55424 -13.7577
-15.00373 -12.99643
-13.89408 -12.51959
-13.85824 -12.65509
-12.6038 -11.06589
-14.79626 -12.43769
-13.15856 -12.24436
-13.07382 -11.6168
-12.80994 -11.23634
-13.01761 -11.54023
-11.98839 -11.33558
-12.30525 -9.456772
-11.02561 -9.207995
-8.644593 -8.062681
-9.798605 -8.850634
-10.48572 -8.584847
-10.46248 -9.966722
-10.72748 -8.806955
-11.09599 -9.602414
-11.43814 -9.835134
-11.22547 -11.13705
-12.18459 -11.01804
-13.79704 -11.78971
-12.20937 -11.40819
-11.62469 -10.08841
-13.53861 -10.68088
-12.03229 -11.70758
-13.01129 -11.8589
-13.5316 -10.33139
-13.89812 -12.69257
-14.04887 -11.32039
-13.61763 -12.91375
-13.5369 -11.5725
-12.53764 -11.42443
-12.385 -11.85985
-13.23805 -10.91555
-12.9604 -11.03629
-13.10485 -12.58139
-12.00641 -10.96568
-12.33651 -10.3459
-10.59909 -9.507155
-10.09683 -8.400058
-10.75236 -9.968229
-10.75834 -8.665103
-9.372875 -8.179124
-8.741333 -7.204547
-8.855999 -7.459675
-8.894075 -6.712833
-8.03263 -8.449377
-9.417114 -8.523298
-10.3986 -10.1686
-11.31015 -9.767417
-11.72513 -10.06085
-12.81035 -12.05896
-13.59577 -12.44997
-13.8143 -13.33851
-15.48973 -15.09107
-14.89581 -14.44488
-15.81334 -14.25117
-15.68965 -15.12434
-15.9763 -14.38919
-15.71265 -13.14299
-16.3471 -15.73443
-18.06543 -16.19241
-17.74274 -15.88707
-18.98478 -18.40876
-19.0933 -18.03732
-16.98174 -16.45518
-16.19081 -16.75845
-16.23752 -14.69823
-14.894 -14.71275
-15.07271 -13.74051
-16.39196 -14.28247
-17.19775 -15.63234
-18.11563 -16.86273
-17.27813 -17.6544
-18.59168 -17.728
-20.15892 -19.64083
-20.89366 -20.82173
-20.90009 -20.58322
-21.84317 -21.05112
-19.49347 -19.14989
-20.62111 -19.01681
-20.11626 -18.60467
-21.81397 -19.70714
-20.27345 -19.32726
-20.60547 -18.89249
-19.39079 -18.53182
-18.49693 -17.88184
-18.91942 -16.28219
-17.41256 -15.76828
-16.41916 -14.57949
-15.36645 -14.01496
-14.77568 -13.66719
-14.9785 -12.74671
-13.88744 -13.36765
-14.75704 -14.01148
-13.58869 -12.38492
-14.11008 -12.17221
-14.86074 -12.19659
-13.58071 -12.64289
-12.53084 -11.8552
-11.94652 -10.85257
-12.15183 -10.42321
-11.5586 -10.14401
-10.6612 -8.889213
-10.28695 -8.056248
-10.91382 -9.630264
-10.52728 -9.122021
-11.10902 -9.270071
-10.36289 -8.330533
-11.11456 -9.041426
-10.82535 -9.991636
-12.03141 -10.65063
-13.47974 -12.43661
-12.55314 -10.98332
-12.7202 -11.31829
-14.49074 -12.42748
-12.34109 -11.60858
-13.70214 -13.21103
-13.48802 -12.59141
-12.16355 -11.70481
-12.10474 -10.5072
-11.50591 -10.3946
-10.80709 -10.23027
-11.33686 -10.2207
-12.43361 -11.20924
-12.79191 -11.10186
-12.94452 -12.29513
-14.47512 -12.99537
-14.31848 -12.89854
-14.56037 -11.56906
-13.79143 -12.6414
-14.1183 -12.98231
-12.1783 -11.8209
-12.72759 -11.51482
-12.85441 -11.68417
-12.96367 -11.13894
-13.21227 -11.74367
-12.47247 -12.07714
-12.6712 -10.85674
-11.43479 -10.88746
-13.90247 -12.53947
-11.97542 -10.52496
-11.6886 -9.527534
-11.98508 -10.68056
-12.33548 -10.32333
-10.32702 -9.497814
-9.939643 -8.856205
-8.956465 -7.743698
-9.246856 -8.227217
-8.928642 -8.71428
-8.892095 -6.887682
-9.493561 -7.575701
-8.596657 -6.885851
-9.431438 -7.754437
-9.297701 -6.834778
-8.302794 -8.190837
-9.174189 -8.266712
-8.37975 -8.363133
-8.640823 -7.528605
-8.580126 -6.311271
-8.15228 -7.107298
-6.799704 -5.90244
-7.044141 -5.692288
-7.126006 -6.548735
-6.942347 -5.773683
-6.524224 -5.657994
-5.688583 -4.687761
-6.410358 -4.751355
-7.125638 -5.776459
-6.865657 -5.170703
-7.593498 -5.811328
-7.02838 -6.087946
-7.693476 -7.34867
-8.338818 -6.507456
-5.889937 -6.189424
-7.781323 -6.513195
-7.24584 -5.956598
-7.56363 -6.816043
-7.917543 -6.460098
-7.49382 -6.956682
-8.019467 -7.009201
-8.580106 -7.314408
-7.986629 -6.954341
-7.023344 -5.876959
-8.437243 -7.175263
-9.597924 -7.854045
-8.87877 -8.332007
-8.709372 -7.752875
-7.228478 -5.975643
-7.057853 -6.376512
-7.277182 -6.248406
-7.256019 -5.504836
-7.332637 -6.134262
-7.361742 -6.025834
-7.73506 -6.093692
-7.971405 -8.078519
-8.200089 -7.360536
-7.416681 -6.686261
-7.127591 -6.576244
-7.966588 -5.82355
-6.471361 -5.230861
-6.76757 -6.437443
-7.14993 -6.200744
-9.083941 -7.714816
-8.635991 -7.497408
-7.169769 -5.473736
-6.667523 -5.121616
-6.23981 -4.52881
-5.966235 -4.218442
-5.74634 -4.40984
-5.847395 -4.13856
-4.775526 -3.455008
-5.3948 -3.489023
-4.699526 -4.316499
-4.807422 -4.830433
-5.737836 -3.610871
-4.813357 -4.067162
-4.166462 -3.463594
-3.542585 -2.74861
-3.228472 -2.679734
-3.75648 -3.025848
-4.025896 -2.545727
-4.874296 -3.075799
-3.889982 -1.523025
-3.01968 -1.604425
-2.499684 -1.922516
-2.568347 -1.248533
-3.268729 -2.808271
-4.081555 -3.263288
-5.452008 -3.950064
-6.40213 -5.240289
-5.269416 -3.992415
-5.978303 -4.988395
-6.681198 -4.417745
-6.670363 -5.697999
-8.140331 -7.54581
-8.531033 -7.823899
-7.963857 -5.345944
-6.48806 -3.784601
-4.277625 -3.652645
-5.769009 -3.862892
-5.331155 -3.065577
-4.789297 -3.700445
-5.290171 -3.680727
-4.306716 -3.116359
-5.384787 -4.662082
-5.538909 -4.203268
-6.297044 -4.341326
-5.884366 -4.203157
-4.416051 -3.172022
-3.499872 -3.096525
-2.45219 -1.354881
-1.495187 0.1253121
-0.8802434 0.6896529
-0.6032795 -0.3133657
-0.4990361 0.3839348
-0.6255773 0.2389889
-0.1375974 1.585809
-0.1310171 1.64371
0.657497 2.474173
1.602112 2.774979
2.814047 4.225137
4.167068 4.895029
3.535086 5.300302
4.117975 6.109167
5.801864 5.737057
3.969909 5.417822
5.834374 6.680452
4.662038 6.05721
5.411486 5.831979
6.596993 8.18768
4.986023 5.362466
5.454655 5.935914
6.548377 7.177699
7.441873 8.624011
6.843086 7.38511
6.219499 7.40276
5.455966 6.506666
2.319135 3.865854
1.702994 3.227889
2.091253 3.182305
2.370437 3.438226
2.983049 4.093817
2.891489 3.542469
1.204731 2.996729
1.752153 2.991744
0.387501 2.644922
0.286599 1.565628
-0.8753346 1.060932
-0.2991015 0.6392038
-1.854777 -1.136503
-2.951831 -0.6206971
-2.429955 -1.441774
-3.081813 -1.56907
-2.432569 -2.098858
-3.067202 -1.936406
-2.993628 -1.735785
-3.805479 -2.995757
-4.251337 -3.688992
-3.801064 -2.595771
-2.77336 -2.295007
-2.437608 -0.8677885
-2.640394 -0.7270228
-3.662013 -1.701211
-3.200682 -2.357467
-3.718721 -2.016453
-3.637936 -2.186181
-3.622804 -2.233505
-5.263821 -3.719817
-4.859273 -3.7272
-6.57981 -4.918408
-5.44158 -4.170481
-4.979087 -3.794252
-5.589213 -4.307104
-5.036302 -3.576542
-3.960672 -2.756079
-3.627204 -2.312611
-5.897742 -4.999455
-6.77146 -5.277813
-6.049372 -4.6423
-4.892032 -3.979232
-6.857648 -6.038807
-7.121939 -6.539308
-7.147898 -6.246031
-7.593383 -6.767189
-6.997975 -5.121801
-7.009171 -4.975277
-6.894202 -4.423064
-6.627012 -5.016004
-5.669505 -4.217836
-5.481256 -3.867423
-6.26081 -4.641402
-6.673174 -5.067138
-6.279813 -5.003724
-7.075103 -5.553594
-7.834084 -5.734156
-6.328307 -4.36959
-5.243492 -4.935303
-5.937073 -5.082017
-6.286478 -5.397088
-7.702917 -5.844368
-7.41459 -5.845716
-7.31148 -6.74888
-6.672369 -6.64613
-6.742819 -5.361752
-7.63023 -5.866732
-6.084837 -4.43411
-6.842414 -6.336264
-7.521595 -6.445655
-6.568997 -5.796291
-6.529918 -5.696969
-8.499239 -6.843628
-7.518215 -6.532267
-7.151388 -7.205336
-7.22446 -5.370798
-5.827579 -5.19727
-5.256847 -4.714124
-4.773598 -3.41742
-5.361509 -4.411884
-4.511847 -3.385492
-3.512736 -1.949185
-2.215446 -0.931261
-0.2303018 1.540472
-0.1136444 1.460797
-0.09406504 2.247542
0.9538946 1.625044
0.3120693 1.807418
0.832168 2.220247
1.523373 2.467148
2.813197 2.899367
2.539188 3.675715
1.774955 3.2027
0.7400069 2.852073
1.529016 2.644862
0.7509412 2.157903
1.468649 2.75583
1.497223 2.451229
0.8886566 1.958967
-0.162504 1.501863
-0.4394425 1.097801
0.4587259 1.595646
-0.6180773 0.9347791
0.0002818922 0.9070198
-1.180192 0.9998327
-2.653565 -1.187962
-2.998199 -2.401378
-2.373793 -1.850207
-2.201268 -2.30459
-2.493616 -1.583359
-1.881001 -0.5747216
-2.048849 -0.06394127
-3.017099 -2.181421
-3.728245 -1.75796
-3.268103 -2.381388
-2.673748 -1.326191
-2.699225 -1.526501
-3.456688 -2.149745
-2.76816 -1.939845
-2.99264 -2.378723
-5.05708 -3.47338
-4.233829 -2.110511
-4.506733 -2.343031
-2.372298 -1.833809
-4.026759 -3.196941
-6.247853 -4.045886
-5.309017 -3.878751
-5.613008 -3.516674
-4.691526 -2.640914
-3.992129 -4.046159
-3.016293 -1.454516
-3.09082 -1.153572
-2.753822 -1.347928
-2.80265 -1.620519
-2.856085 -2.527184
-2.983238 -2.359491
-2.950452 -1.458262
-3.100119 -0.9136057
-1.220773 -0.3532276
-2.289515 -1.403224
-1.171396 0.237642
-0.3219779 0.06253946
-2.503719 -1.590691
-3.210497 -1.570117
-2.239624 -1.257111
-2.011861 -0.5881361
-2.336954 -0.644502
-3.505022 -1.319767
-2.752833 -2.195387
-2.808304 -0.653517
-2.718835 -1.223829
-2.756788 -1.408984
-3.210429 -1.918507
-3.312522 -1.437442
-3.751263 -1.728201
-2.97441 -2.12463
-4.02732 -3.200565
-4.405221 -1.994644
-3.227149 -2.448423
-5.001006 -4.743383
-4.950535 -3.189197
-5.027895 -4.236768
-5.381011 -4.17571
-6.009213 -5.02923
-4.675916 -4.376409
-5.444702 -3.625787
-4.768334 -4.034809
-5.67708 -3.935257
-4.061022 -2.139206
-2.698621 -1.860905
-1.281765 0.9674874
-0.3712935 0.9254418
0.4373001 1.695785
-0.3249086 2.246456
-0.2875252 2.260542
1.119327 2.881699
1.225423 3.092897
0.3256676 3.169863
0.05758466 1.912207
0.4122424 1.577327
0.7746666 2.066877
0.144472 2.621273
-0.3498985 1.787241
-1.076628 0.03742162
-1.47634 0.4790051
-0.8659726 0.2886769
0.3731017 1.017108
0.2016624 1.460565
-0.03689395 2.233859
1.725079 2.799418
3.153547 3.202281
3.670209 3.70158
3.791765 5.246279
4.497149 6.101786
5.256768 5.631592
5.073626 7.476947
6.239304 6.904942
6.349751 6.859056
5.971646 7.357473
5.745879 7.774578
6.706334 8.294447
7.212399 8.160841
8.360966 9.166871
8.476678 9.916737
9.986615 11.64927
11.1726 11.7427
10.65891 12.008
10.37651 12.71678
11.82096 12.84836
10.44461 12.24658
9.865244 11.02303
10.10053 11.59631
10.599 11.64272
9.840495 11.30846
10.09566 12.02728
9.938931 12.04175
9.607297 10.10295
8.660755 9.210936
9.213378 10.03514
8.974984 10.58899
9.344284 10.56853
10.50855 10.9489
9.555099 10.1631
8.735152 10.16608
9.414619 10.51051
9.794751 10.43869
10.0695 10.65047
8.505053 9.81475
7.893472 9.248025
7.860329 9.607676
8.375618 9.239808
9.472199 10.9844
11.07812 12.1693
14.56368 14.71737
12.8061 13.90402
13.76485 14.77296
11.74649 13.39205
12.18385 13.07375
12.06174 13.08268
9.778264 11.18776
10.24407 11.18587
9.015153 10.45169
7.495435 10.03491
10.18384 10.98876
11.58241 12.77804
10.24559 12.45085
11.37373 13.27005
12.09334 13.35942
11.37978 13.22885
11.11414 13.15384
8.965713 10.7918
10.03173 11.15383
9.05783 10.82
8.722906 10.22724
9.477014 10.52041
10.34474 11.07736
9.442253 11.17362
8.691745 9.480306
9.098759 10.64967
10.06908 11.37302
11.13649 11.95501
9.860339 10.95987
9.8492 11.94116
9.617113 9.530491
10.06189 11.02549
10.12847 12.04047
9.780751 11.0023
9.657558 9.775312
9.717045 10.94099
9.971479 10.60169
7.862757 8.889472
8.205468 8.601229
7.476498 9.797388
8.116433 9.636592
7.103798 7.63649
8.043445 9.232871
7.245975 7.947039
6.983655 8.354902
8.056287 8.910229
7.361321 6.398951
7.18762 9.033451
8.593619 9.91042
8.563344 10.49809
8.917467 10.18626
9.23136 11.9999
11.37774 12.04181
11.53332 12.58694
11.60994 12.79419
10.52695 11.88199
11.3371 11.51238
10.47491 11.30075
9.034148 9.986181
10.11028 10.30206
11.38553 12.13107
12.28439 13.60083
11.23949 12.61503
11.93751 12.01729
11.39749 11.57084
11.41825 13.25341
11.78561 13.11307
10.86284 13.71261
10.97339 12.67851
10.96397 12.32058
11.90554 13.56486
12.15323 13.83273
11.62407 12.09924
11.29478 12.10715
11.33372 12.99598
11.54456 12.98857
12.41269 13.70179
12.60221 13.76772
12.45281 14.37818
13.87997 15.54445
13.264 15.55372
14.23093 15.37849
15.09407 17.54116
13.99835 15.16011
13.31783 13.54207
13.42077 14.31516
13.83567 15.35402
12.10537 12.84082
12.74234 14.31844
11.5042 13.80204
10.84915 12.47479
10.51533 11.52799
9.444814 11.26975
9.656644 11.14192
8.803396 9.588502
7.035289 8.338795
7.523017 8.361459
5.780563 6.834866
6.753281 7.200172
7.181128 7.963769
6.675885 8.474199
7.442397 8.503314
7.673957 7.657887
5.956076 8.01898
6.754376 8.125036
6.705718 8.418713
6.727593 7.597171
8.23141 9.962527
8.623474 10.75648
8.581301 9.572828
8.944005 10.5594
8.812517 10.62861
7.890254 9.479671
8.169129 9.277185
8.282226 9.390872
8.431359 10.30869
7.972039 9.949848
9.275993 10.49495
9.444535 10.42487
9.77527 10.67823
10.69416 11.811
11.45826 12.16704
11.39018 12.6055
11.86951 13.39722
12.96454 14.48274
12.48937 14.01593
12.76686 13.97455
12.49185 12.7584
12.70804 15.09261
14.06748 14.67932
13.93154 14.70743
13.21465 13.64797
11.26185 12.16239
8.739899 10.75958
10.35839 11.095
8.6826 10.27619
7.721157 8.760531
8.496481 8.779048
7.39139 8.177925
9.195004 10.02027
8.66143 9.903764
10.05763 11.35322
11.06246 12.06192
10.98687 12.93544
12.11756 12.80903
12.61265 13.04906
13.19241 14.2061
13.42127 15.24328
13.19021 13.92297
13.77411 13.91162
13.5721 14.29693
13.32765 14.37912
13.64285 14.68872
13.01817 13.97768
14.17404 15.207
14.04029 15.53364
16.6595 17.66075
17.92831 19.62472
16.79713 18.60003
16.08442 16.79692
16.53309 17.65048
16.97074 17.86448
17.23599 18.72695
18.36138 18.53786
16.53337 17.61327
16.59558 17.71772
16.17257 17.87653
16.83536 17.69465
16.25722 17.62889
15.45974 17.10571
14.88822 16.84975
15.16547 16.03029
14.88461 15.64481
15.93703 16.7935
16.6351 17.1196
15.19613 15.98957
14.16288 15.77311
13.12075 14.92342
12.57716 14.76565
12.05903 13.57995
12.26185 14.37358
13.00315 14.47874
13.51811 13.60007
12.30456 13.30212
11.54352 13.58001
12.27245 13.82666
13.41721 15.60601
14.10654 14.73651
13.66132 15.19368
13.55805 14.17606
13.56677 13.64602
13.02291 14.79455
12.58391 14.15492
13.07583 14.2466
12.12963 12.77834
13.26517 13.75708
13.21187 14.4224
13.06953 15.00164
12.89271 12.4312
11.55386 12.80991
14.22536 13.92383
11.5328 12.3872
11.63697 13.21325
10.22161 11.97968
10.1041 10.7069
10.16919 11.89671
9.889152 11.33888
9.461325 10.35985
11.18492 11.85073
9.409816 11.06632
10.88743 12.03118
10.99992 12.02527
11.16064 12.70572
10.3771 12.0635
11.57264 12.60176
11.88435 13.3234
10.73122 11.76757
10.72168 11.77943
11.06452 12.11229
10.02764 10.89121
9.586716 12.17332
9.474817 10.77476
9.918019 11.43161
9.433475 11.1899
9.963931 11.02162
9.560815 11.33718
11.20029 12.52991
12.146 13.01577
12.34104 14.09064
13.32899 15.71002
14.27209 16.56164
13.52896 15.60127
14.19632 15.83218
14.54268 14.76178
13.69322 15.10279
12.99708 14.20865
12.02129 13.06284
12.60498 13.52347
12.15216 13.28489
12.22989 13.62662
12.38064 13.01328
13.26837 15.31489
13.29976 15.21887
13.91551 16.52724
14.29228 15.81916
14.99475 15.38654
15.15572 15.97092
14.78237 16.77249
15.30114 17.6221
16.14607 17.31625
16.61398 17.52427
14.28346 16.0802
14.47695 15.76288
14.24762 14.90829
15.23224 16.1445
14.38151 16.09523
14.09229 15.73028
13.66307 15.48866
14.75698 16.72353
15.27433 15.86795
15.42916 17.00336
13.28643 15.03
14.78494 16.04647
15.94431 16.60236
15.44721 16.4605
16.52996 17.3381
17.02613 18.42701
17.19446 18.25923
16.37283 18.18902
16.4041 17.93976
16.70494 17.56906
17.56787 18.63819
16.38851 18.85407
16.45592 17.54416
16.71998 17.8063
15.30583 17.65326
17.43773 18.75049
17.67441 20.1963
17.84228 19.2138
18.41184 19.83331
20.30576 21.04377
19.9676 22.23063
20.13672 20.40479
20.90263 20.4959
19.40907 21.46726
19.91582 20.71345
19.71312 20.95571
20.34938 20.8351
19.82023 21.98475
20.05097 20.85045
19.02788 20.50995
18.28876 20.29184
17.72043 19.43246
18.41587 20.12698
20.26917 21.11604
20.08037 21.46665
21.02588 22.16838
20.10401 21.47271
19.46766 21.20283
19.56241 20.22557
18.59823 20.48786
18.54311 18.89696
18.36578 19.12937
18.81088 20.38491
19.77428 21.00109
21.42854 22.51928
20.96746 22.91077
22.56212 23.29504
23.38736 25.32977
23.28261 24.85644
22.56317 24.57091
23.03782 24.89215
21.95664 22.53001
18.69816 21.30936
18.79333 20.42284
19.62442 20.61887
18.9688 20.59484
19.75752 21.75133
20.2529 20.91248
19.6744 20.66829
19.43182 20.2517
18.31964 20.94679
19.46506 20.21369
18.99317 20.35845
17.63254 18.85903
16.57304 17.57788
16.52154 16.26261
15.68781 17.45212
14.63871 16.60335
14.13224 15.89487
14.28226 16.31059
14.34112 14.6715
15.13165 15.82041
14.07284 15.45369
13.96659 15.02991
12.84657 14.18048
14.2138 16.01522
15.16981 16.52511
13.4746 15.05636
13.13862 15.16381
12.483 15.35887
13.96001 14.86646
14.09198 15.13242
14.18261 16.50443
13.93443 15.02697
15.31505 17.09195
14.84541 16.4301
13.98044 14.9426
12.9163 14.8149
13.0627 14.18063
11.43817 12.65
10.48261 11.45713
10.40665 11.90368
11.79393 11.75751
10.40817 11.69187
11.21741 11.84606
10.45976 11.85986
10.43387 11.14641
10.3893 12.47099
12.39491 13.17766
11.70156 12.63495
10.45235 11.23333
9.10627 10.22053
8.595616 9.3085
7.511084 9.102868
6.335849 7.268964
8.098737 9.708321
5.418642 6.947357
6.43682 8.176785
7.911706 8.488515
7.976127 10.04532
9.381454 10.95282
8.537887 10.67775
11.3795 12.36282
10.57496 12.06761
11.55373 12.96663
11.687 13.43211
11.30825 12.691
12.01113 12.56557
11.89967 14.6898
12.88468 14.14738
14.16323 15.14349
14.01241 16.5659
15.25578 16.47844
15.28044 16.99246
15.70022 16.26924
16.3674 17.15242
16.80364 17.91722
15.82474 16.81275
15.49735 16.71423
15.48641 15.7945
14.36076 15.14003
14.27487 15.50668
13.65622 15.02078
13.72577 14.66499
12.38771 14.84601
13.00659 14.22322
12.79517 13.79991
13.01939 14.28838
14.04867 14.97862
13.46806 14.45823
13.71168 16.02451
14.00432 15.39311
14.73693 15.10802
13.65845 14.09033
13.59717 14.39218
12.53678 13.01594
12.41251 13.54551
12.76167 13.98853
12.55881 14.30904
12.99529 14.47298
11.63283 13.11288
13.12229 13.75605
13.3352 14.73449
11.46969 13.94308
11.56339 14.67449
11.28433 12.71949
12.101 13.93217
11.73869 12.9035
12.67578 13.81935
12.48036 13.24746
11.13237 12.33719
10.57353 11.8688
10.58488 12.80711
12.76901 13.67525
11.65364 12.6174
12.15181 14.25243
11.56351 13.22209
12.09778 13.29622
13.24638 14.48725
14.16901 15.55376
14.98931 17.13974
13.91588 15.33729
14.29124 16.24487
15.29913 17.82204
15.65225 16.24758
14.76136 16.07345
15.19499 16.54815
13.54239 14.30633
13.69418 13.78055
12.20717 13.2983
12.02633 12.60663
12.41263 13.85687
12.16558 13.74494
11.74685 13.11112
10.75185 12.73797
10.82728 12.04701
10.91768 13.39766
13.53462 14.38287
12.54941 14.08275
13.22877 16.25648
14.06291 15.10847
14.70771 15.44002
13.83518 14.97516
13.87187 15.40144
13.73561 15.13146
13.16783 12.97864
11.63753 12.12803
10.45377 11.97928
11.47461 12.45111
10.21079 12.69479
12.16409 12.8472
11.67227 11.97346
8.743189 10.35232
8.969649 11.02266
8.892239 10.65356
9.242015 9.684657
10.73116 11.02048
11.09754 11.38178
9.556186 10.3858
10.05921 10.82097
11.66791 12.47502
11.73739 12.38974
9.09611 10.78014
10.26312 11.65695
10.92275 12.23075
8.918886 9.881878
10.27182 10.69796
9.071827 9.927997
7.66735 8.466512
7.462961 8.270407
6.414311 7.858024
8.056768 8.78759
10.26278 11.30141
8.86426 9.782475
9.42244 10.28648
8.236835 8.919066
7.548995 8.917357
6.83423 8.138967
6.771276 8.129002
7.250228 8.18025
6.560394 8.842299
7.786376 8.225113
8.277844 9.291858
8.101413 8.708861
7.874876 9.385578
7.577458 9.328739
9.216396 10.39153
10.0409 11.45027
11.00616 12.61462
11.02229 12.36345
8.945634 10.48389
7.014239 8.830152
7.701477 9.217203
7.766134 9.102231
7.704817 7.682085
7.15038 8.752868
7.270934 8.688336
7.051676 7.750831
8.343828 9.319131
8.366267 9.710827
7.572963 10.15852
9.965836 12.14787
9.547266 12.44605
9.955854 10.84383
8.881025 9.813305
8.471547 9.751553
7.815311 9.26221
7.980724 10.05143
8.053622 9.445878
6.699873 8.380627
3.246182 5.507353
3.699546 5.289346
3.880103 6.053193
3.598933 5.415343
2.341133 3.848602
3.596719 4.020467
4.205333 4.249341
4.223798 6.175927
6.566154 7.144805
6.34009 7.832452
6.986533 8.352865
6.956451 7.283175
5.398006 6.957062
5.23707 6.112115
5.102627 7.229482
5.744057 6.734928
5.175604 6.918951
4.683632 6.405001
4.593369 5.39882
3.790574 6.089767
5.424842 6.456456
3.88495 4.990066
2.258614 4.000416
3.009109 4.896711
3.162727 5.349803
4.518917 6.233073
3.90792 4.797538
3.369404 4.525448
3.997715 5.494284
3.184737 4.663528
5.230365 5.511322
5.216662 6.773363
3.414714 4.891661
3.056502 4.895735
4.246549 4.582225
3.035437 4.597571
3.775431 4.957495
5.496245 6.703963
5.532738 6.335841
4.68412 6.561228
3.25391 4.632109
4.358937 5.39679
2.822 4.555938
1.54492 2.887079
1.164451 2.811993
2.384251 4.203716
2.898104 5.293413
4.160451 4.685174
4.726727 5.184575
4.523823 5.058567
4.52876 5.646346
5.342362 6.268486
4.100775 5.811546
4.579227 6.242448
5.284819 6.238444
6.189198 8.24724
7.077697 8.200677
5.543555 6.929547
4.200139 6.449448
2.872971 4.979156
3.61259 5.695403
4.120247 6.033832
5.523068 6.645487
4.986042 7.286791
5.504489 7.216487
4.866693 6.277081
5.510951 6.972564
6.287506 7.281564
3.862372 5.484688
4.970197 5.423992
5.753775 6.821971
6.830484 9.004753
6.90413 8.514147
7.486381 8.112223
6.870322 7.997174
6.784261 8.711753
6.556222 7.903702
6.944308 7.786933
6.0375 7.89748
7.045468 8.575143
7.468803 8.99
7.066983 8.401657
7.328395 8.921259
6.425193 8.789398
7.646167 8.720265
7.13848 8.983273
5.598761 8.167331
3.993425 5.771367
4.809657 5.54951
3.083055 5.226201
4.424336 5.121354
4.901889 6.851271
5.600289 6.464173
4.348128 5.725283
2.676947 4.814302
2.69787 4.559903
1.537329 2.262586
0.2623822 1.634033
-2.059737 0.2427391
-0.7357957 0.4235277
-1.435746 -0.05433573
-1.119944 -0.3751771
-1.531616 -0.3328327
-2.91735 -1.228783
-2.068 -0.8590433
-1.94267 -0.8336872
-1.022926 0.3573078
-1.001242 -0.2261091
-1.365294 0.53475
-0.7851198 -0.507447
-0.2879783 -0.1714769
-1.161314 -0.4431581
-1.664567 -0.4822118
-1.051024 0.5504994
-1.734447 0.3522853
-1.139805 0.6874528
-2.336153 -0.3252676
-1.549464 -0.6617653
-2.443526 -1.301479
-3.117542 -1.822074
-3.991211 -2.239828
-2.852111 -1.663142
-2.4258 -1.671687
-2.506704 -1.015463
-3.000331 -1.761128
-2.398497 -0.5257386
-1.873193 -1.028511
-2.905947 -1.494547
-2.881104 -0.9840026
-1.229924 -1.010981
-2.084954 -0.2645989
-2.858442 -1.356933
-4.266314 -3.029635
-4.038743 -3.036973
-4.953033 -4.0505
-4.918925 -3.165536
-6.657483 -5.563164
-8.271581 -6.342828
-7.208506 -5.535662
-6.262884 -5.325344
-6.882765 -5.670539
-8.651029 -7.030873
-7.090074 -5.505848
-7.190282 -6.100613
-7.228734 -4.886895
-7.122525 -6.519226
-5.946453 -4.98492
-7.981197 -6.002632
-7.64031 -6.118827
-7.817281 -6.730063
-6.299741 -4.703143
-6.093793 -3.978714
-5.779885 -4.061868
-5.295585 -3.914486
-4.922632 -3.790585
-5.206235 -3.853614
-5.723609 -4.393578
-6.517928 -4.882426
-6.651057 -5.295455
-6.402666 -4.624991
-6.187448 -5.031286
-4.030038 -2.625077
-3.665927 -2.27195
-4.571617 -3.639948
-4.371269 -3.333686
-4.551469 -3.160974
-4.436988 -3.087452
-4.58077 -3.379298
-4.657051 -3.197258
-5.39193 -4.65704
-7.645194 -6.02687
-6.962805 -5.505074
-4.980571 -3.054064
-5.116762 -3.423865
-5.634768 -4.589053
-6.022904 -4.502291
-7.251261 -6.361322
-7.488258 -6.409988
-5.744265 -5.413542
-6.819229 -5.512742
