3.06332
1.935923
1.542031
1.028822
0.9490401
0.8576598
1.012936
0.9780857
0.7434863
0.7440034
0.9024325
0.834116
0.7463143
0.6541732
0.685221
0.8016017
0.948755
0.7697106
0.7947038
0.8817187
0.8198749
0.8385705
0.9700396
0.9568173
0.9519656
0.818568
0.7226661
0.6468808
0.7766105
0.7915786
0.7624175
0.7051484
0.7694192
0.9518953
0.9154799
0.9022471
0.7667654
0.8355057
0.8634489
0.6497583
0.6900001
0.6388338
0.8156803
0.7412229
0.9160563
0.9459395
0.7847452
0.838921
0.7516194
0.8687095
0.6909495
0.7285476
0.7366724
0.7377801
0.8279781
0.9702195
0.7328055
1.018086
0.7559336
0.5559707
0.7192711
0.7909841
0.8465191
0.8495117
1.04631
0.7683175
0.7524562
0.8391732
0.7169189
0.8921188
0.8926083
0.655217
0.6387874
0.8156862
0.8672441
0.9441628
0.8080394
0.8521065
0.7074937
0.8706057
0.9354076
0.840245
0.895417
0.8072384
0.6172502
0.6947407
0.6542427
0.8765271
0.7005406
0.7379913
0.7081648
0.9133225
0.7881842
0.7352303
1.134816
0.6811461
0.8714092
0.7779976
0.7236276
0.534867
0.7493046
0.8587402
0.731781
0.9981124
0.8634643
0.8218272
0.6323487
0.7980099
0.7338169
0.6960196
0.6863435
0.8969676
0.8447129
1.068972
0.9679462
0.8394436
0.7489106
0.7550165
0.8552837
0.7772684
0.5710331
0.7024502
0.8556815
0.9447836
1.030837
0.7724536
0.9834288
0.7755112
1.106537
0.8793707
0.7815225
0.7156978
0.8398376
0.9214775
0.9183229
1.086865
0.800375
0.767998
0.9509544
0.854
0.7616834
0.7188169
0.7720317
0.8062951
0.9660628
0.9787423
0.7772254
0.7963108
0.720004
0.6783924
0.9040448
0.7760615
0.7708874
0.8652446
0.8580614
1.118498
0.8551698
0.6736644
0.8274153
0.8379811
0.5680862
0.8653953
0.7319936
0.6998779
0.7641933
0.7271315
0.8679838
0.7330583
0.786938
0.6341233
0.7829541
0.7162801
0.7718415
0.6834129
0.734216
0.9164747
0.8110796
0.7141335
0.754831
0.8110735
0.9966234
0.8765958
0.7379201
0.7266671
0.7574802
0.6553858
0.8324858
1.051617
0.7288306
0.8024949
0.9632769
0.9090483
0.7739909
0.923556
0.9080961
0.8577912
0.9636522
0.859081
0.8926174
0.839457
0.8458622
0.6749033
0.6250098
0.6509311
0.7390046
0.6428706
0.8898856
1.091943
0.7801795
0.9401912
0.8298963
0.7647141
0.8198489
0.7995893
0.996237
1.050835
0.7033756
0.9816586
0.9336272
1.065133
0.7814434
0.6708988
0.5902276
0.6906494
0.906531
0.9594496
0.8610425
0.8213987
0.7169717
0.7913335
0.800688
0.8102641
0.8548975
0.8122034
0.8297368
0.8431363
0.7642845
0.7123121
0.8292398
0.8032224
0.7130827
0.7650418
0.8576451
0.7813508
0.8366086
0.8233616
0.7309954
0.8055638
0.7683205
0.8472861
0.7491628
0.7851864
0.8272763
0.8170337
0.6558509
0.8885353
0.823194
0.8440617
0.7244798
0.9114366
0.5818177
0.7783168
0.8796382
0.5988818
0.8099647
0.6751169
0.6712661
0.7997604
0.8181023
0.6119495
0.6356446
0.7557606
0.691249
0.9419776
0.8817459
0.76908
0.8609982
0.6945454
0.9052376
0.6980744
0.7576957
0.7801053
0.9925249
0.8567219
0.8696606
0.6406444
0.5603623
0.7432992
0.6565871
0.6928988
0.6835449
0.8641084
0.6837368
0.7061602
0.8879764
0.8825858
1.006504
0.8596261
0.7763604
0.6754753
0.7460081
0.8139629
0.6967846
0.8621369
1.043025
0.8199953
0.7593376
1.094846
0.8047985
0.8225638
0.8877165
0.8352525
0.6911136
0.7872605
0.739755
0.684667
0.7206077
0.8925479
0.8714577
0.8503656
0.810228
0.7570558
0.6761574
0.8712957
0.7941711
0.8214995
0.7015103
0.7720745
0.7263749
0.7204587
0.7800183
0.8422193
0.8616558
0.7314864
0.6516251
0.755805
0.8040532
0.7350391
0.7705972
0.7456507
0.824403
0.7186152
0.9808036
0.8367487
0.7750675
0.715069
1.006678
0.6681752
0.832407
0.8382767
0.6018207
0.7725376
0.7525265
0.838201
0.653869
0.988877
0.8791768
0.7852197
0.8009689
0.7631915
0.774644
0.8007087
0.8632766
0.7837897
0.6779007
0.9186613
0.7543653
0.9397385
0.8099064
0.8739079
0.815428
0.8064877
0.6419453
0.6209523
0.6739383
0.913152
0.9082729
0.9142842
0.9697131
0.8294391
1.000257
0.777263
0.866177
1.010303
0.7684701
0.8715922
0.8550451
0.6744184
0.8022023
0.983152
0.7547571
0.5409452
0.8097034
0.7664926
0.912332
0.6630922
0.7682796
0.8559913
0.8418437
0.8022961
1.048293
0.824132
0.895497
0.7589505
0.7948695
0.7735534
0.8964599
0.8402311
0.5905005
0.7142592
0.7671668
0.8127639
0.8850207
0.8440728
0.9420974
0.7572531
0.7124509
0.6363574
0.6899221
0.6590504
0.9347303
0.7444332
0.7894338
0.7085863
0.8408086
0.960688
0.887371
0.8403271
0.8762917
0.8310585
0.731919
0.9640766
0.6342699
0.7715372
0.8023437
0.6980834
0.8198353
0.7459264
0.9104261
1.030234
0.8384076
0.826067
0.9072107
0.8165907
0.6785731
0.8978559
0.9332827
0.8599876
0.7004508
0.837315
0.7342493
0.6534833
0.5623693
0.6223194
0.6825216
0.8252016
0.8142814
0.8847187
0.6169216
0.7339023
0.8782541
0.6942245
0.6913661
1.06695
0.6799192
0.773198
0.8781321
0.8782801
0.8134319
0.5272262
0.9078595
0.8706499
0.8627561
0.6628403
0.7164475
0.8196371
0.8642686
0.6805836
0.8851434
0.9101072
0.6757628
0.8427039
0.7717109
0.8757705
0.990624
0.9215519
0.6627109
0.6631516
0.6756023
0.7892248
0.8533457
0.7643597
0.833746
0.762658
0.7838069
0.8495877
0.9280608
0.7880177
0.9142333
0.6495095
0.5829421
0.7907528
0.8299574
0.7533173
0.8897576
0.7723554
0.6485018
0.7923519
0.9363991
0.6387019
0.8646535
0.8208947
0.8489839
0.6316852
0.7162695
0.7877368
0.6138458
0.7924252
0.7371841
0.8830764
0.9360754
0.8183329
0.6443921
0.6990958
0.8193524
0.8566008
0.9478078
0.9052733
0.7904523
0.7090172
0.7899264
1.10448
0.8924838
0.7754027
0.865404
0.7745112
0.7397071
0.6468333
0.8401176
0.8689362
1.003443
0.7028083
0.5599155
0.8760125
0.6765538
0.6556442
0.8815247
0.5700537
0.614612
0.7156985
0.7181225
0.7489444
0.61976
0.8763954
0.7324601
0.6946208
0.8143527
0.8627677
0.6533792
0.8809188
1.045599
0.8665583
0.8649575
0.8700535
1.025606
0.7457621
0.6560085
0.8051228
0.7294734
0.7308995
0.666214
0.7399176
0.7535448
0.793634
0.7062748
0.9911657
0.8210062
0.7446042
0.665972
0.7433017
0.7188166
0.6755629
0.7841722
0.7897977
0.7372639
0.7692061
0.6925627
0.8970735
0.8286207
0.7230571
0.8065481
0.7439897
0.7286736
0.8366857
0.8239365
0.7867263
0.8080025
0.8661094
0.7670457
0.7575607
0.7451539
0.6415355
0.8489756
0.654623
0.7005255
0.7660991
0.7322705
1.11297
0.6364282
0.7665768
0.7885154
0.9002227
0.8916082
0.8585794
0.7893537
0.9254144
0.765445
0.8162681
0.7292112
0.7552541
0.9241236
0.6796755
0.7572654
0.6617179
0.7226977
0.9487911
0.8165987
0.6881812
0.9176286
0.9293463
0.8251848
1.007579
0.762585
0.8866793
0.6629925
0.6991976
0.6791629
0.886369
0.9074938
0.7564516
0.7712548
0.6197448
0.7087996
0.7626011
0.8839908
0.7508901
0.7224629
0.6855866
0.6106943
0.6845459
0.8302611
0.6625451
0.8771424
0.735513
0.7791974
0.8869543
0.7874661
0.8340145
0.9983101
0.9211792
0.777112
0.734866
0.7536733
0.6145243
0.6622204
0.8333068
0.659104
0.7868219
0.6519637
0.782687
0.8037031
0.7003672
0.6327858
1.087827
0.793356
0.6309838
0.7045818
0.7056978
0.7893861
0.6999556
0.6576038
0.7364504
0.8970838
0.9103827
0.8838374
0.8728273
0.7076868
0.7234806
0.806209
0.9091135
0.7638307
0.8825519
0.799694
0.6269686
0.9182216
0.8638749
0.7609383
0.7093961
0.9598714
0.8853893
0.8643054
0.6634087
0.8493168
0.8512022
1.087814
0.9568328
0.9941005
0.8110917
0.8525387
0.7619363
0.8430988
0.7670104
1.000816
0.9236973
0.6826184
0.6230763
0.8848281
0.7599901
0.6289964
1.010314
0.9430075
0.8202585
0.7907886
0.6651086
0.722597
0.7982212
0.723856
0.8146431
0.8735229
0.9121408
0.9894881
0.821957
0.8500823
0.6445172
0.7126045
0.6057438
0.594198
0.5836401
0.9502147
0.7770548
0.5440153
0.7557387
0.8364964
0.8148269
0.6430609
0.6999899
0.778856
0.8556831
0.7165508
0.6185055
0.8218656
0.6682374
0.8914275
0.6676424
0.8000103
0.8055437
0.7438213
0.8847586
0.9896103
0.7870936
0.8285392
0.8337487
0.8770525
0.7252878
0.7247456
0.8507781
0.6726808
0.8262767
0.6294744
0.714381
0.7070349
0.9114194
0.6410701
1.186881
0.902552
0.6928686
0.7886841
0.8745308
0.7994447
0.8250739
0.8680449
0.6345311
0.6903152
0.8033206
0.5442792
0.7998821
1.038227
0.7335374
0.9181948
1.025517
0.8113896
0.7260989
1.074113
0.8904528
0.6908748
0.8575084
0.5370726
0.799128
0.8054432
0.866068
0.8680332
0.6338111
0.8279911
0.7032184
0.7872592
0.7968351
0.6517316
0.8861029
0.7424963
0.6637327
0.8395017
0.8368492
0.9419369
0.6509016
0.8685812
0.7746309
0.755489
0.689931
0.9646601
0.7964589
0.682104
0.8158148
0.598418
0.6079851
0.6756228
0.905831
0.6275548
0.792839
0.8711565
0.7494436
0.9441929
0.8841255
0.8084418
0.8543009
0.8043398
0.6768834
0.7654804
0.7309698
0.6739588
0.7234495
0.7038116
0.925563
0.7892768
0.8588922
1.089195
1.011579
0.7927052
0.7488735
0.8792215
0.6039924
0.8361406
0.7318046
0.8705373
0.7553145
0.7921058
0.7447629
0.8994254
0.8022644
0.6307251
0.7727059
0.5726847
0.8082374
0.7683149
0.7425856
0.8600109
0.9456361
0.7426398
0.6687323
0.7684926
0.7621498
0.765873
0.7113882
0.7150763
0.6550212
0.8213026
0.7647514
0.8580127
0.8210918
0.8150178
0.7741832
0.7143422
0.9637134
0.8801543
0.8450273
0.777108
0.7953281
0.6132682
0.8204854
0.9136309
0.6949611
0.6416899
0.6846349
0.6327472
0.786382
0.8528893
1.135639
0.8004492
0.6801217
0.8732151
0.6648733
0.7133362
0.8348695
0.6827637
0.8325287
0.8142812
0.7900048
0.9594579
0.8253511
0.7423381
1.054063
1.049072
0.8284986
0.9759138
0.8385032
0.8734332
0.9592409
0.6284305
0.9225164
0.7590639
0.817692
0.805091
0.8279837
0.8829443
1.089968
0.6492574
0.7041711
0.90417
0.8232503
0.8046935
0.8155458
0.701524
0.7106971
0.7597433
0.8806373
0.6483702
0.9228252
1.103976
0.8497882
0.7827612
0.7320514
0.8741921
0.6850581
0.6550492
0.5954448
0.7935521
0.861751
0.742166
0.7918113
0.738648
0.7429897
0.9265277
1.001949
0.6774728
0.7671704
0.7653758
0.8999508
0.715213
0.7279102
0.6992135
0.7686997
0.6621031
0.6827644
0.6765466
0.6684959
0.5993924
0.7932133
0.7257259
0.8062149
0.8474947
0.8934729
0.9072173
0.7731399
0.6233988
0.8518967
0.7175978
0.608099
0.737495
0.7098339
0.7969605
0.8312929
0.6351847
0.7625357
0.7832358
0.9177612
1.02452
0.7210746
0.6518739
0.6776241
0.8992158
0.8074312
0.7474008
0.818855
0.807118
0.8050714
0.7096048
0.689619
0.6842056
0.7657086
0.876759
0.6121924
0.6796332
0.7659525
0.7800147
0.8270818
0.6325037
0.9173765
0.7930487
0.8087194
0.9662771
0.7745516
0.7545251
0.8906247
0.8704721
0.9704628
0.8267302
0.8556645
0.8393575
0.8395047
0.666971
0.7090212
0.9214432
0.9257523
0.8015871
0.7207901
0.6980851
0.864424
0.8548609
0.7730192
0.7349876
0.9156651
0.7765609
0.7690744
0.8848502
0.9801748
0.7458925
0.8201765
0.97601
1.047214
1.020582
0.7144163
0.8509438
0.7121529
0.840293
0.7999028
0.5934029
0.6628644
0.6370211
0.654793
0.9031971
0.6985101
0.5768484
0.6448138
0.7922642
0.6958907
0.7394279
0.7727288
0.7076347
0.5885253
0.6412714
0.8324075
0.8326646
1.058478
0.7607461
0.9740665
0.6857163
0.657667
0.7151388
0.828237
0.8303547
0.8350381
0.7677795
0.7977448
0.7439145
0.7518747
0.780802
0.8143628
0.7248486
1.205207
0.8578388
0.9919195
0.8198261
0.7773484
0.6739736
0.8680804
0.657529
0.758644
0.7702358
0.6703166
0.6575403
0.7500155
0.7485995
0.7693882
0.7810269
0.7861588
0.8091164
0.739625
0.8265439
0.9372646
0.8203384
0.8711099
0.8908913
0.8264912
0.7455797
1.089409
0.876067
0.7635882
0.9202328
0.8206479
0.7308554
1.01489
0.8391856
0.742727
0.9935265
0.6537406
0.7638996
0.8326233
0.70828
0.8244593
0.7226288
0.7114716
0.708785
0.7576805
0.6143193
0.7925306
0.7388825
0.7400224
0.7918066
0.8370494
0.7854547
0.8041112
0.6533644
0.9135119
0.7961632
0.8965721
0.7209313
0.7055919
0.8563801
0.7595333
0.7657839
0.6412273
1.021833
0.8433877
0.7833608
0.7353875
0.7415037
0.8192067
0.8965377
0.8007985
0.855518
0.9589455
1.032481
0.8127847
0.8609341
0.9669586
0.7394732
0.8856275
0.6497772
0.8512638
0.8146882
0.7757836
0.7797215
0.9312958
0.9062621
0.804513
0.8173301
0.8467421
0.8029557
0.7625743
0.7227224
0.8861122
0.6648548
0.7296832
0.6583623
0.7017147
0.8020112
0.7338413
0.6408936
0.9100215
0.7178265
0.6876279
0.8325207
0.8089307
0.6598509
0.7473916
0.9617717
0.8497345
0.8210772
0.8699525
0.9632204
0.8607709
1.011753
0.6908322
0.8699092
0.9870136
0.9755007
0.7136641
0.6587377
0.5699254
0.8159933
0.7301814
0.8255036
0.8419147
0.7248446
0.8180185
0.6131563
0.7854177
0.7457095
0.5836909
0.6955829
0.7599863
0.9510179
0.7171355
0.830592
0.7308708
0.7604866
0.8734877
0.8478043
0.7210285
0.6744245
0.6493106
0.677094
0.8618393
0.8148864
0.7910488
0.6812272
0.7993884
0.8989882
0.7938391
0.6559595
0.6333689
0.7174789
0.7855393
0.8036267
0.7794987
0.8662832
0.7381537
0.878083
0.8850208
0.7361918
0.6335697
0.7766334
0.6712996
0.9733322
0.8544478
0.7914021
0.8156981
0.7204318
0.8117205
1.077622
0.7986392
0.8958917
0.7118807
0.9804942
0.6615501
0.8420306
0.7548189
0.9689255
0.8019074
0.7706203
0.9241325
0.7860552
0.6429581
0.8586008
1.126042
0.7816836
0.8530391
0.9428489
0.798955
0.8115172
0.8120988
0.6377089
0.736652
0.9318483
0.9758379
0.9017015
1.046808
0.7798727
0.7567566
0.8264731
0.7116884
0.7071891
0.8490099
0.9259921
0.9985179
0.9650878
0.7088068
0.8736112
0.8710811
0.7380662
0.8722358
0.7636499
0.8719562
0.8429925
0.8722878
0.8575805
0.8855624
0.6791182
0.8413305
0.8444151
0.7802057
0.9190438
1.100739
0.7642085
0.8845558
0.8256376
0.7635337
0.894042
0.9745211
0.740219
0.7733499
0.7480211
0.8901138
0.8769569
0.8820449
0.8786656
0.7586325
0.5643563
0.7979051
0.6783223
0.689364
0.6395202
0.7256701
0.9019028
0.7872931
