0.0130665
0.01159688
0.01142668
0.01904846
0.01837047
0.01109767
0.01460527
0.0138715
0.0149438
0.01628385
0.01630069
0.01609002
0.01067382
0.01162463
0.01333104
0.01693481
0.01639437
0.01272841
0.01937072
0.02075818
0.01672602
0.01461036
0.01787508
0.01419906
0.01396061
0.01460369
0.01551416
0.0126277
0.01389572
0.01173116
0.01064563
0.01132157
0.01656336
0.01090579
0.01299696
0.01559218
0.01570543
0.01528154
0.0134048
0.0107145
0.0155384
0.01257609
0.01567402
0.01681182
0.01871358
0.02149628
0.01916703
0.01701302
0.01199612
0.01207763
0.01166972
0.01240741
0.01019729
0.0114212
0.01604253
0.01721579
0.01574798
0.01859338
0.01720013
0.01496223
0.01676142
0.01584575
0.01953346
0.01468488
0.01515751
0.01959602
0.0121918
0.01153605
0.01899934
0.0180487
0.0147619
0.01820543
0.01214304
0.01431931
0.01272232
0.01482397
0.01287665
0.01341658
0.01378036
0.01443875
0.01325448
0.01007158
0.01266382
0.0135278
0.0196596
0.01919135
0.02253283
0.01751259
0.01731645
0.01686997
0.01793613
0.01250302
0.01194446
0.01710195
0.01826436
0.01481707
0.01662762
0.01870485
0.01468307
0.01671877
0.01655066
0.01348092
0.01194071
0.0129194
0.01361966
0.01713768
0.01644317
0.0166551
0.01906584
0.017889
0.01768673
0.01882024
0.01265429
0.02039646
0.01312468
0.01747315
0.01896006
0.01458942
0.01608115
0.01508817
0.01302748
0.0152143
0.01390465
0.01331309
0.01277823
0.01705768
0.01360358
0.01812286
0.01683875
0.01404703
0.01271781
0.01220938
0.0159099
0.01143724
0.01049777
0.01303949
0.01237028
0.01062019
0.01437893
0.01450285
0.01235233
0.01508108
0.01451535
0.01398354
0.01725797
0.01506398
0.01455897
0.01242623
0.01412435
0.01308213
0.01075855
0.02035008
0.01369243
0.01764277
0.0123296
0.01719514
0.01330549
0.01104463
0.01836271
0.0185307
0.01340888
0.01472088
0.01306483
0.01865366
0.01456848
0.01056649
0.01723557
0.01742869
0.01485439
0.01270834
0.01264384
0.01835313
0.0193507
0.01663707
0.01270716
0.01466233
0.01358056
0.01274289
0.01206051
0.01485387
0.01615715
0.01766655
0.01695184
0.0177928
0.01695811
0.01636313
0.0136854
0.01492913
0.01698313
0.01776254
0.0168377
0.01508743
0.01635722
0.01802606
0.01596381
0.01246157
0.01420291
0.01196719
0.01357614
0.009847035
0.0123872
0.01087665
0.01163923
0.01312829
0.01322147
0.01112041
0.01039676
0.01445708
0.01625342
0.015649
0.01900572
0.01244297
0.01503723
0.01283878
0.01255764
0.01510448
0.01647767
0.01613361
0.01785393
0.01644971
0.01715368
0.01476949
0.01661175
0.01368426
0.01533581
0.01651702
0.01320363
0.01294464
0.01674905
0.01590498
0.01312931
0.01390529
0.01493498
0.01635436
0.01673045
0.01666962
0.01900092
0.01673342
0.01519906
0.01627767
0.01330828
0.0110771
0.0189757
0.01184113
0.01019482
0.01496447
0.01334927
0.01395276
0.01457785
0.011701
0.0130165
0.0142026
0.01473909
0.0161395
0.01702299
0.01531058
0.02078079
0.01577679
0.022349
0.01589226
0.01414821
0.01460725
0.01512068
0.01477565
0.01054495
0.0154413
0.01774093
0.0168911
0.01339376
0.01840414
0.02212214
0.02110858
0.01483887
0.01450274
0.01222361
0.01223202
0.01130827
0.01317762
0.01573931
0.01340375
0.0181199
0.0167578
0.014357
0.01301243
0.01727941
0.01588622
0.01338682
0.01857532
0.01131008
0.01039498
0.009607586
0.01506521
0.01578696
0.01496247
0.01694698
0.01576578
0.01355657
0.0169554
0.0147136
0.01401498
0.01767342
0.01100738
0.01361748
0.01764151
0.01602658
0.01560921
0.01270801
0.01214048
0.01280693
0.01162597
0.01406296
0.01226023
0.01429232
0.0160099
0.01581349
0.01687236
0.0133069
0.01148731
0.007447001
0.008354588
0.01560853
0.01690442
0.01989465
0.018929
0.02256616
0.01876503
0.01093495
0.01082277
0.01848686
0.01872396
0.01870374
0.01524636
0.0153928
0.0114508
0.01167391
0.01032754
0.01131489
0.01168939
0.01296915
0.01444924
0.01516665
0.01309885
0.01303449
0.01185448
0.01390858
0.01808507
0.01475156
0.01293539
0.01371018
0.01442833
0.0173054
0.01879576
0.01728052
0.01376696
0.01390029
0.01431475
0.01490461
0.01586851
0.01753932
0.01833839
0.01960762
0.02253394
0.01284085
0.01731989
0.01559601
0.0151713
0.01280012
0.01676307
0.0152547
0.01424131
0.01381575
0.01284479
0.01287376
0.02063161
0.01418862
0.01576739
0.01330517
0.01354706
0.01404003
0.01236215
0.01336848
0.01654027
0.01468717
0.01168916
0.01444309
0.01093978
0.01156333
0.01714203
0.01359051
0.02039095
0.02236125
0.01804525
0.01812606
0.01698423
0.0114858
0.01436605
0.01416777
0.01173955
0.01194016
0.01148725
0.01334312
0.01352026
0.01374515
0.01693015
0.0178116
0.01311669
0.0132909
0.02062943
0.01257988
0.01555038
0.01832908
0.01982595
0.01706137
0.01482208
0.01658632
0.01631165
0.01087669
0.01287661
0.01539385
0.01663128
0.01797649
0.01773831
0.01353515
0.01936292
0.02233921
0.01819517
0.01214329
0.01100475
0.01253141
0.01190188
0.01503622
0.01025951
0.01151204
0.01295539
0.0114427
0.01483433
0.01304322
0.01427082
0.01546092
0.01387325
0.01639201
0.01298846
0.01066765
0.01355829
0.01194064
0.01554833
0.01396345
0.01951502
0.02113639
0.01375038
0.0183838
0.01219834
0.01382537
0.01347814
0.01492518
0.01701342
0.01495995
0.02053407
0.0146952
0.01057934
0.01541703
0.01121701
0.01513978
0.01117053
0.01403667
0.01215462
0.01117867
0.009934271
0.01298432
0.01356404
0.01424866
0.01197047
0.01294186
0.01348077
0.01472085
0.01317364
0.01443336
0.01364781
0.01281883
0.01591156
0.01480794
0.01572117
0.02004721
0.01398508
0.01089878
0.01344448
0.01189829
0.009480972
0.009563395
0.01307504
0.01606592
0.01264544
0.01257352
0.01692477
0.01835528
0.01605498
0.01121064
0.01580478
0.01627668
0.01381389
0.0120765
0.01185372
0.01368442
0.0148653
0.01708792
0.01917917
0.01989702
0.01503701
0.0144505
0.01738638
0.01236214
0.01573059
0.01616453
0.01187693
0.01157106
0.01831577
0.01430184
0.01248073
0.01747222
0.013912
0.01171054
0.01243195
0.01334279
0.01403651
0.0165557
0.01624473
0.01717718
0.01480316
0.01592733
0.01107373
0.0111469
0.01267608
0.01242225
0.01051941
0.0193375
0.01636068
0.01316038
0.01409462
0.01867356
0.01672994
0.01767643
0.0118444
0.01469357
0.01389958
0.0148493
0.01258167
0.01358849
0.01444873
0.01671456
0.01409466
0.01378521
0.01681845
0.01526779
0.01657595
0.01239705
0.01282606
0.01056197
0.0117742
0.01694155
0.02036309
0.02013941
0.01229033
0.01398617
0.01170465
0.01636139
0.01242681
0.01158755
0.01037714
0.01265154
0.01243704
0.01325685
0.01896244
0.01361602
0.01245727
0.01199336
0.0101462
0.01337858
0.0156384
0.0221378
0.01833534
0.01561879
0.02416278
0.01824429
0.01232733
0.01200777
0.01885295
0.01692432
0.0173011
0.01580658
0.01384504
0.01111507
0.01310849
0.01647569
0.01192916
0.01312432
0.01755782
0.01901768
0.01797841
0.01446115
0.01246374
0.01329271
0.01419602
0.01476191
0.01438121
0.01245018
0.01176515
0.01482481
0.02304318
0.01202161
0.0153989
0.01630401
0.01841717
0.01730534
0.01582343
0.01423463
0.01732549
0.01426297
0.01412445
0.01539108
0.01560548
0.0157976
0.01521494
0.01533031
0.01232051
0.01096976
0.01208362
0.01789599
0.01847079
0.01481347
0.01895139
0.01577267
0.01838968
0.01477723
0.01672699
0.01938631
0.02090553
0.02488428
0.01329187
0.01539752
0.01384213
0.013419
0.01131639
0.008815549
0.01458254
0.0149469
0.01519437
0.01554251
0.01601647
0.01082498
0.01322816
0.01268516
0.01470343
0.0153512
0.01431861
0.01350593
0.01665869
0.01666902
0.01763627
0.01378349
0.01352404
0.01383702
0.01115067
0.009566777
0.010836
0.01304403
0.01369903
0.01183295
0.008666681
0.01331163
0.02129476
0.01574893
0.01468787
0.01766425
0.01221632
0.01466863
0.01538671
0.01378699
0.01627518
0.01153793
0.01553111
0.0129825
0.01399136
0.0163522
0.01531258
0.009562331
0.0113535
0.01368085
0.01113978
0.009752298
0.01386088
0.01591973
0.01786007
0.0198626
0.01404011
0.01100162
0.01136976
0.01079145
0.01400022
0.01838977
0.01070516
0.01315487
0.01237016
0.01475253
0.01835778
0.01364696
0.01813238
0.01810609
0.01767153
0.01485492
0.01625306
0.01099824
0.01255339
0.01254102
0.01268565
0.01251704
0.01220834
0.0176242
0.01524522
0.0178275
0.0153913
0.0178488
0.01721456
0.01105475
0.01307839
0.01289421
0.01651175
0.01380534
0.01719799
0.01744955
0.01782681
0.01591971
0.01471978
0.0144803
0.0162353
0.01491716
0.0136363
0.0154507
0.01503157
0.01583688
0.01575317
0.01842505
0.01681701
0.01726069
0.0143143
0.01185226
0.01273439
0.01778654
0.01893151
0.01971722
0.01596877
0.0172511
0.01562266
0.01448592
0.01022102
0.01143089
0.01211635
0.01166797
0.01661538
0.01344731
0.01690756
0.02497385
0.02126201
0.01417558
0.01618166
0.01571872
0.01596326
0.01483669
0.01911902
0.01872161
0.01845738
0.01360397
0.01329739
0.01439371
0.01305846
0.01129604
0.01566668
0.0137275
0.01317977
0.01376781
0.01788712
0.01211665
0.01485712
0.01578492
0.01530248
0.01275726
0.01834872
0.01308942
0.01292474
0.01259351
0.01344274
0.01065079
0.01420571
0.01518877
0.01457222
0.0135802
0.01363422
0.01397909
0.0122048
0.01707423
0.02047208
0.0174594
0.01472239
0.0176074
0.01469931
0.01652692
0.01771951
0.01762367
0.01769522
0.01551071
0.02113961
0.01675396
0.01540733
0.01675387
0.01417678
0.01579355
0.0171346
0.01976351
0.01221586
0.01280188
0.01134953
0.0131171
0.01229253
0.01965552
0.01369448
0.01252182
0.01369133
0.01480347
0.01207867
0.01497331
0.02224039
0.01986717
0.01268115
0.01237347
0.01057267
0.01314443
0.01462882
0.01736479
0.01535657
0.012334
0.01565393
0.01026965
0.01246396
0.01050733
0.01336153
0.01505448
0.01095429
0.01201355
0.01425817
0.01296427
0.01356393
0.01310659
0.01392909
0.01793433
0.01748052
0.01432022
0.01384141
0.0117831
0.01133586
0.01402358
0.01275023
0.01830724
0.01852559
0.01653427
0.01344875
0.01392316
0.01766375
0.01413923
0.01752089
0.01689378
0.01690711
0.02517286
0.01515584
0.01384974
0.01645872
0.01886214
0.01635555
0.01383596
0.01662361
0.0199992
0.01968941
0.01818124
0.01483921
0.0146853
0.01807687
0.01520334
0.01028901
0.0121056
0.01139424
0.01094932
0.01156875
0.01198793
0.01282505
0.01303028
0.01469494
0.01437936
0.01803045
0.01628796
0.01411011
0.012777
0.01466548
0.01402872
0.01427023
0.01393035
0.01214595
0.01307469
0.01245197
0.01235029
0.01049662
0.01103347
0.01653538
0.01567017
0.01250535
0.01271185
0.01346982
0.01507319
0.01223332
0.01683938
0.0160967
0.01742384
0.01403342
0.01524895
0.01417242
0.01469536
0.01224703
0.01332477
0.01894059
0.01342133
0.01369321
0.01409162
0.01723181
0.01886334
0.01607811
0.0185866
0.01935128
0.01991398
0.01677515
0.01746367
0.01395592
0.01440206
0.0140079
0.01142572
0.01284759
0.01474761
0.01773829
0.01585113
0.01729636
0.01555212
0.01342585
0.01104512
0.008441343
0.0140863
0.01399099
0.01332021
0.01473027
0.01457214
0.0142031
0.01682143
0.01712533
0.01281358
0.01273253
0.01815595
0.01632071
0.01346584
0.01613624
0.01480196
0.01943034
0.01667201
0.01912541
0.01404088
0.01223585
0.01802527
0.01366777
0.02369651
0.01964127
0.01844651
0.01943366
0.01799216
0.01519257
0.0186908
0.01659402
0.01713541
0.01440172
0.01294088
0.01358234
0.0129963
0.01548982
0.01389871
0.01649361
0.01171817
0.01366967
0.01475362
0.01507906
0.01601321
0.01242311
0.01264634
0.01293898
0.01486128
0.01499346
0.01722296
0.01474029
0.01367292
0.01309371
0.01213189
0.01804062
0.01586348
0.01603998
0.01755293
0.01543211
0.01417715
0.01471472
0.01394372
0.01724869
0.01355865
0.01421457
0.01452051
0.01560732
0.01418358
0.01296741
0.01333034
0.01605633
0.01313192
0.01147019
0.01549999
0.01570168
0.01627942
0.01416068
0.01281104
0.008884777
0.009311345
0.01007312
0.0141484
0.01258279
0.01689652
0.01136873
0.01505896
0.01668501
0.01222408
0.009954783
0.01132071
0.01129083
0.01405258
0.01794975
0.01711978
0.01834815
0.02208982
0.01636423
0.01415757
0.01590956
0.01900858
0.0182099
0.01440821
0.01410264
0.01576491
0.01477674
0.01603351
0.01672383
0.01665574
0.01486027
0.01445966
0.01227096
0.01626023
0.01639978
0.01595475
0.01916775
0.01917134
0.0191725
0.01359259
0.01542693
0.014455
0.01279482
0.0141374
0.01298365
0.01192288
0.01347856
0.01467154
0.01732343
0.01480008
0.01481251
0.01403552
0.01040814
0.01052581
0.01086376
0.0121382
0.01161944
0.01067437
0.01161881
0.01578273
0.01861542
0.01484613
0.01081864
0.01064861
0.01322944
0.01088312
0.01289371
0.0147851
0.01493694
0.01207805
0.01247032
0.01187247
0.01138338
0.01303554
0.0185456
0.01937058
0.01807762
0.01784078
0.01865638
0.02009023
0.01423055
0.01034503
0.01319
0.01450617
0.01359173
0.01409283
0.01160855
0.01338543
0.01704972
0.01337451
0.01074765
0.01458622
0.0138174
0.01477946
0.01325413
0.01372603
0.01032608
0.01175074
0.01226952
0.01133686
0.01573612
0.01427056
0.01610629
0.01620769
0.01185947
0.01219174
0.01322076
0.0137549
0.01416019
0.01447171
0.01451896
0.01796465
0.01377173
0.01599808
0.01609292
0.0182788
0.01473989
0.01319238
0.0111498
0.01159888
0.01428662
0.01341491
0.01312731
0.01549009
0.01308272
0.01594768
0.01330909
0.01347478
0.0138268
0.01891052
0.01473881
0.0162161
0.01370786
0.01620898
0.01286699
0.01103253
0.01368595
0.01357003
0.01421934
0.009215345
0.01258798
0.01159363
0.009884322
0.01447207
0.01601505
0.01507532
0.01512009
0.01494071
0.01692405
0.01889213
0.01588804
0.01548904
0.01453227
0.01713629
0.01380218
0.01574349
0.01180601
0.01716299
0.0163105
0.01120011
0.01182331
0.01326474
0.01261476
0.01336381
0.01139219
0.01274755
0.01165694
0.01338653
0.01365734
0.01647032
0.01980966
0.01715177
0.01819156
0.017745
0.01300847
0.01536144
0.0159752
0.01549784
0.01250879
0.01078361
0.01507156
0.01319875
0.01247989
0.01305711
0.01518954
0.01345101
0.01605701
0.01520169
0.01394354
0.02066831
0.01156086
0.01898475
0.01334548
0.01497973
0.01025075
0.01267559
0.01371651
0.01341171
0.0152142
0.01617423
0.01590055
0.01325972
0.01283234
0.01287761
0.01316904
0.009618553
0.01258333
0.01284662
0.01178213
0.01344994
0.01446464
0.0145119
0.0155541
0.01280992
0.01543784
0.01738944
0.01462659
0.01671322
0.01659061
0.01691328
0.01828739
0.02003578
0.02016131
0.01459307
0.01391916
0.01210241
0.01101337
0.01341704
0.0143255
0.01672277
0.01576132
0.01493345
0.0152311
0.01169409
0.01417759
0.01142109
0.01598824
0.01682036
0.01267232
0.01634503
0.0165944
0.01884475
0.01671705
0.01498535
0.01501844
0.01351645
0.01393128
0.01289113
0.01480684
0.01586887
0.01490586
0.0169405
0.01458489
0.01416709
0.01602936
0.01174036
0.01394768
0.0132398
0.01158014
0.01309339
0.01186128
0.01472722
0.01762153
0.01736594
0.01718545
0.01908028
0.01894146
0.01373562
0.01862427
0.01667484
0.01562722
0.01379506
0.01391719
0.01335484
0.01309139
0.01734497
0.01460871
0.01455688
0.01480298
0.01756289
0.01622811
0.01477185
0.01829899
0.01309314
0.01480008
0.01970105
0.01468944
0.01732553
0.01436413
0.01352364
0.01210712
0.01066461
0.008570849
0.01343527
0.01589833
0.01484453
0.01569751
0.01350263
0.01802688
0.01434608
0.01420572
0.01780651
0.01962541
0.01687547
0.0125328
0.01322084
0.01595325
0.01110654
0.01412238
0.01422029
0.01605545
0.01337667
0.01467804
0.0163081
0.01641337
0.01402999
0.01401342
0.01487059
0.01413881
0.01337531
0.01457714
0.01380924
0.01443062
0.02391815
0.01781817
0.02047567
0.01773457
0.01914781
0.01832288
0.01827108
0.0124814
0.01471648
0.01453446
0.01386684
0.01449623
0.01915649
0.0218282
0.01912082
0.01852553
0.01382907
0.01246296
0.01597619
0.01418055
0.01314406
0.01147715
0.01354727
0.01160307
0.01868416
0.0118358
0.01591754
0.01650808
0.01510514
0.01415219
0.01240049
0.01555136
0.01281221
0.01310054
0.008530603
0.008849786
0.01707087
0.01273637
0.01147188
0.01528729
0.01183767
0.01075123
0.01408503
0.01434688
0.02110932
0.01479798
0.01407681
0.01445782
0.01777878
0.01617545
0.01470022
0.01460023
0.01242365
0.01823579
0.01763399
0.01708245
0.01272378
0.01235691
0.01333369
0.01288294
0.01312772
0.01446773
0.01460143
0.01274835
0.01231934
0.01725174
0.0153364
0.01618644
0.01446679
0.01640806
0.01963666
0.01273433
0.01731709
0.01773766
0.01668453
0.01319705
0.01417134
0.01763956
0.01505283
0.01407297
0.01542037
0.01373964
0.01278918
0.01297188
0.01497961
0.01329014
0.01345689
0.01510249
0.01433974
0.01154332
0.01543365
0.01247057
0.01400309
0.01481053
0.01796083
0.01948689
0.01596346
0.01499146
0.01985212
0.01578182
0.01852225
0.02150748
0.01312927
0.01665936
0.01468271
0.01541272
0.01541574
0.01300546
0.01483458
0.01390095
0.01696849
0.01777107
0.01557829
0.01019953
0.0154646
0.0120245
0.01348753
0.01186777
0.01265918
0.01560041
0.01385209
0.01479152
0.01995304
0.01557373
0.01553457
0.01346618
0.01281563
0.01890223
0.01259937
0.01335232
0.009226832
0.009468092
0.01383274
0.01135865
0.01361019
0.01815171
0.01124272
0.009448198
0.01181578
0.01812185
0.01673154
0.01166628
0.01609243
0.01116183
0.01441253
0.01155434
0.01341056
0.01492539
0.01224204
0.01724435
0.01944981
0.01342646
0.01627657
0.01048607
0.009486804
0.01552696
0.0230807
0.01639209
0.01212444
0.01229682
0.01192063
0.01359353
0.01566824
0.02391575
0.0145802
0.01645456
0.0198993
0.02174038
0.01473918
0.01686174
0.01254203
0.0109289
0.01239558
0.01400102
0.01636651
0.02034976
0.01453942
0.01677636
0.01974535
0.01331001
0.01557604
0.01234905
0.01395241
0.01176337
0.0153945
0.01268677
0.02113546
0.01318437
0.0141672
0.01257298
0.01444879
0.01295495
0.01328638
0.01539385
0.0129238
0.01351971
0.0131293
0.01594994
0.01308709
0.01633097
0.0171992
0.01537946
0.0114972
0.01403213
0.01831786
0.01643802
0.01478007
0.01801725
0.01517584
0.01208815
0.01331902
0.0142619
0.01425568
0.01164883
0.01286148
0.01334895
0.01225774
0.01487841
0.0115094
0.01212946
0.01492798
0.01763748
0.0133625
0.01279263
0.01228368
0.01351773
0.01567913
0.01663929
0.01809963
0.01547155
0.01751079
0.01618561
0.0165557
0.01568532
0.01539595
0.01404624
0.01401935
0.01300621
0.01418341
0.01589246
0.01259128
0.01174502
0.01040102
0.01090148
0.01452501
0.01420561
0.01221313
0.01317765
0.01738159
0.01479213
0.01500688
0.01336911
0.01315152
0.01375603
0.01374938
0.01863411
0.02147263
0.01480184
0.01217007
0.01094267
0.01365935
0.01472771
0.01829716
0.01299386
0.01272381
0.01563371
0.01368706
0.01431802
0.0158012
0.01472014
0.01537957
0.01239598
0.01431104
0.01384737
0.01365025
0.0106212
0.01290578
0.01448365
0.02060494
0.02110523
0.0180831
0.01790451
0.01510369
0.01923444
0.01359875
0.01481407
0.0165061
0.01576912
0.01498437
0.01541162
0.01199978
0.01537129
0.01535841
0.01267227
0.01178013
0.01249564
0.009384156
0.01640302
0.01451799
0.01571968
0.01642841
0.01613232
0.01445571
0.01377955
0.01847744
0.01776934
0.0181104
0.0131383
0.01264418
0.009429101
0.01212808
0.01243678
0.01441335
0.01630772
0.01444326
0.01223359
0.01738239
0.01626969
0.01409807
0.01311802
0.01339631
0.01482047
0.01339166
0.01565134
0.01188167
0.01420116
0.01417902
0.01232055
0.0174933
0.01804566
0.02333907
0.01674487
0.01879518
0.014325
0.01706249
0.01657626
0.01724497
0.01856034
0.01809173
0.01602734
0.01454146
0.01491599
0.01432777
0.01704971
0.02203878
0.01379446
0.01508176
0.01463195
0.01385854
0.01190033
0.01367121
0.01653395
0.01652736
0.01565226
0.01544394
0.0142363
0.01406167
0.01263355
0.01248991
0.0118272
0.01434531
0.0151332
0.01710206
0.01234484
0.01489107
0.01516533
0.01315636
0.013404
0.01586014
0.01363594
0.01345301
0.01376077
0.01465436
0.01347442
0.0137492
0.01381552
0.0130012
0.01760972
0.01314746
0.01745579
0.01911721
0.01575856
0.01491658
0.01204646
0.0114179
0.01565171
0.01580258
0.01899381
0.01493096
0.01828585
0.01492827
0.01591403
0.01729823
0.01543247
0.01602336
0.01398219
0.01744935
0.01508087
0.01753013
0.01602764
0.02128356
0.01938293
0.01656165
0.01472948
0.01760865
0.01583356
0.015343
0.01734104
0.01587232
0.01649017
0.01274732
0.01292749
0.0160339
0.01540472
0.01441197
0.01473898
0.01267932
0.01316352
0.01988297
0.01477654
0.0141593
0.01437607
0.01553726
0.01497375
0.0134746
0.01534743
0.01299772
0.01158855
0.01374944
0.01443327
0.01398201
0.01844208
0.01361416
0.01162797
0.01333667
0.01318128
0.01180221
0.01417266
0.01540376
0.01496114
0.01798493
0.01367444
0.01582494
0.01540666
0.01632203
0.01263926
0.01368979
0.01275606
0.01184244
0.01196214
0.01554451
0.01260006
0.01864555
0.01459247
0.01909249
0.01504323
0.01112378
0.01320389
0.01930998
0.01651052
0.01311012
0.01612843
0.01236944
0.01316903
0.01156952
0.01271507
0.01471845
0.01095144
0.01172367
0.01465812
0.0189676
0.0171488
0.01827326
0.01518846
0.01636105
0.01252432
0.01258412
0.01298874
0.01337361
0.01295662
0.01318812
0.01405563
0.01631006
0.01471686
0.0127704
0.01030687
0.01709114
0.01576203
0.01364626
0.01778403
0.01652807
0.01532234
0.01636627
0.01258792
0.01355108
0.01452488
0.01866923
0.0136623
0.0128494
0.01264037
0.01495052
0.01373659
0.0140478
0.0132209
0.01559969
0.01322308
0.01539861
0.01729357
0.015856
0.02061137
0.01495941
0.01746319
0.01523225
0.01342803
0.01490578
0.02031843
0.01711391
0.01306257
0.01216289
0.0124923
0.01318907
0.01351706
0.01188752
0.0127878
0.01509749
0.01272205
0.0147217
0.01240152
0.01191986
0.01111102
0.01466653
0.01861819
0.02112492
0.01363412
0.01194766
0.01222146
0.01282652
0.01206167
0.01225384
0.009309301
0.01514862
0.01409441
0.01411792
0.01516188
0.0133022
0.01423922
0.01651893
0.01252102
0.01708853
0.01570445
0.01615214
0.01534218
0.01430226
0.01567613
0.01591563
0.01307739
0.01851342
0.0174344
0.01523769
0.01705312
0.01616053
0.01239014
0.01510149
0.009151593
0.01463249
0.01444991
0.01336199
0.0145347
0.01602559
0.01280004
0.01472404
0.01803832
0.02087918
0.01647067
0.01982208
0.01244643
0.01137403
0.01042818
0.01217115
0.01225088
0.009565256
0.008784102
0.01367616
0.01445728
0.02158717
0.01521688
0.01791322
0.01686281
0.01402395
0.0140059
0.01198488
0.0132474
0.01391686
0.01278374
0.01233332
0.01542932
0.01487566
0.01455301
0.01599547
0.01358072
0.01432318
0.01701231
0.01785977
0.01739958
0.01141217
0.01311313
0.01781846
0.01651765
0.0146846
0.01334286
0.01205319
0.01413787
0.01369027
0.01282187
0.01461553
0.01374858
0.01584959
0.008734572
0.01101091
0.0127034
0.0155562
0.01358094
0.01473485
0.01360412
0.01252053
0.01232827
0.01565212
0.01235979
0.01496179
0.01649613
0.01469924
0.01490155
0.01232913
0.01294076
0.01036427
0.01568081
0.0143646
0.01515201
0.01506399
0.01415223
0.0137584
0.00879261
0.0154941
0.01464777
0.01637975
0.01083916
0.01310074
0.01740038
0.01426088
0.01691499
0.01922797
0.01816102
0.02292236
0.01871659
0.01555222
0.0215196
0.01718165
0.0163137
0.01982356
0.01342442
0.01226998
0.01296989
0.01197539
0.01184093
0.01427971
0.01792326
0.01590964
0.01982667
0.01364743
0.01290739
0.01501102
0.01610681
0.01481601
0.01431387
0.01197952
0.01158983
0.01699571
0.01424441
0.01350473
0.01931
0.01568891
0.01394832
0.01268806
0.01778541
0.01883
0.01907207
0.01667557
0.0129993
0.01629639
0.01268331
0.01303751
0.01540367
0.01093878
0.01292916
0.01627734
0.01435653
0.01393274
0.01197745
0.01463259
0.01371615
0.01404347
0.01891649
0.01437949
0.01816013
0.01677172
0.01277514
0.01133858
0.01587659
0.01196755
0.0111792
0.01280377
0.02044325
0.0164646
0.01667419
0.01760337
0.01864049
0.01904893
0.01424549
0.01685967
0.01248675
0.01368928
0.01358958
0.01281789
0.01190558
0.01301139
0.01525039
0.01672927
0.01320984
0.01124273
0.01411539
0.01551458
0.009173929
0.01051608
0.01153516
0.01294702
0.01233683
0.01576501
0.01962767
0.01580302
0.01216698
0.01222159
0.01729211
0.01442739
0.01397958
0.01192373
0.01152585
0.01599621
0.01355369
0.01373833
0.01311304
0.0145078
0.01332819
0.009006192
0.01474981
0.01300592
0.01226983
0.009529407
0.01036398
0.0129598
0.01916307
0.01551445
0.01295557
0.0132661
0.01695498
0.01524053
0.01523964
0.01144879
0.01299501
0.01230523
0.01221783
0.0131674
0.01333982
0.01865245
0.01751712
0.01684422
0.01517556
0.01469983
0.01437998
0.01442629
0.01184624
0.01467457
0.01630468
0.01810434
0.01384995
0.01840674
0.01277957
0.0155136
0.0152479
0.01322224
0.01292176
0.01777372
0.01794029
0.01580018
0.02093996
0.01885786
0.01768697
0.01535581
0.01733405
0.01398144
0.01379657
0.0163726
0.01573042
0.01154197
0.01823928
0.01531507
0.01248195
0.01796505
0.01740212
0.01295494
0.01821937
0.009920212
0.01035123
0.01448471
0.01697846
0.01352477
0.01103596
0.01300626
0.01483666
0.01271928
0.0149271
0.01515577
0.01586217
0.01869126
0.02202127
0.01764831
0.01714669
0.01387297
0.0160262
0.01269896
0.01407958
0.01378084
0.0123736
0.009840689
0.01264187
0.0140085
0.01331154
0.01417894
0.01385629
0.01138408
0.01926983
0.01754258
0.01782217
0.01505706
0.01332997
0.01273421
0.01088152
0.01107092
0.01088547
0.01492093
0.01800457
0.01267148
0.01263086
0.01272457
0.01071673
0.01650939
0.02148279
0.01510878
0.01520262
0.02267768
0.0146354
0.01447188
0.01951677
0.01591707
0.01935799
0.01417689
0.01129082
0.01344387
0.01089089
0.01490864
0.01262472
0.0157845
0.01255503
0.0140181
0.01822121
0.01448655
0.01262359
0.02040998
0.0167328
0.01266549
0.01733504
0.01416026
0.01476215
0.01410167
0.01068988
0.008053359
0.008427868
0.0125031
0.01446651
0.01466585
0.01896861
0.01979634
0.01451794
0.01524361
0.02064567
0.01446358
0.01463445
0.02057356
0.0151194
0.0139185
0.01377386
0.01162075
0.0135567
0.01199928
0.01567198
0.0139786
0.01577916
0.01880523
0.01476605
0.01663163
0.01373203
0.01568613
0.01719887
0.01549823
0.01990762
0.02212946
0.01892087
0.01505823
0.01070526
0.01132712
0.01351749
0.01125502
0.01493481
0.01614682
0.01443369
0.01365993
0.01193256
0.01317031
0.01388584
0.01549518
0.01244065
0.01856471
0.01819895
0.01564321
0.02079141
0.01806877
0.01734596
0.01421827
0.01432679
0.0174537
0.01729159
0.01357857
0.01559609
0.01696873
0.01781884
0.01134791
0.01376077
0.01405016
0.01137963
0.01025081
0.01305512
0.01212754
0.01548223
0.01855534
0.0167429
0.01617588
0.01494876
0.01437116
0.01468992
0.01333071
0.01366568
0.01753329
0.01869544
0.01598427
0.009993692
0.01211093
0.01316233
0.01342576
0.01377022
0.0145588
0.01419159
0.01183118
0.01396614
0.017046
0.01155084
0.01230327
0.01618671
0.01455206
0.01594622
0.01434285
0.01610635
0.01175267
0.01120457
0.01412542
0.01453897
0.01561198
0.01644608
0.01466388
0.01166645
0.01164738
0.0142871
0.01855886
0.01618165
0.01707861
0.01972127
0.01573223
0.01624289
0.01234418
0.01641114
0.01456007
0.01886976
0.01393731
0.01478935
0.01543175
0.01307046
0.01084003
0.01054927
0.01182579
0.01286571
0.01436598
0.01679757
0.01263657
0.007114428
0.01436127
0.01406964
0.01446254
0.01720387
0.01775684
0.01589608
0.01790548
0.01371031
0.01680148
0.01447118
0.01421048
0.01554429
0.01689941
0.01831657
0.01478606
0.01844425
0.01822781
0.01379561
0.01187174
0.01186602
0.01518626
0.01808411
0.01504209
0.0118474
0.01341662
0.01459517
0.01569783
0.01578412
0.01427959
0.0161617
0.0185513
0.01622245
0.01686891
0.01586452
0.01809514
0.01489943
0.01108344
0.01242371
