9.220471
18.61097
27.25654
56.58587
69.70477
77.55186
96.88421
80.41391
107.1315
89.21225
99.80128
94.99323
103.3531
112.2882
116.2662
123.806
93.87983
110.3478
102.454
100.3213
113.5169
104.3417
117.1807
97.12137
95.9276
94.81296
88.22354
113.5187
113.5415
115.8458
120.7823
99.91365
91.23154
100.3919
106.268
103.0471
112.7595
98.34787
94.66098
97.65168
93.38088
99.80463
99.71025
85.15062
99.62416
107.9645
93.44495
91.87818
89.22748
94.82265
115.7537
100.0798
97.44894
99.44818
91.9558
92.66923
105.0456
113.6855
118.8647
111.4679
111.2817
121.1212
97.61022
83.59821
93.28119
91.963
103.5922
80.52255
104.5912
98.9904
101.4512
100.2958
110.8759
105.0774
100.7151
104.3361
95.89711
109.3159
94.99808
101.7128
103.8169
102.8784
104.092
118.7039
94.28718
102.916
109.0785
97.30168
111.3558
102.5349
99.75896
114.9709
87.13517
104.4794
95.61033
110.9889
102.2202
100.0795
109.9637
120.4498
103.7502
100.0542
95.83252
78.01719
101.4386
107.3569
97.68103
113.08
94.00984
114.083
100.2699
94.68131
84.84387
86.82981
100.787
89.40169
97.61774
96.30791
102.2636
105.7474
88.18315
96.87123
105.1149
98.67047
88.84722
103.6488
93.74259
98.64419
89.68132
93.55775
87.19764
93.65902
107.7166
106.3362
102.2455
75.51042
98.52807
91.93824
89.82006
85.52523
101.4646
116.0408
96.69633
94.31935
86.89456
90.72832
110.332
88.77074
111.454
129.6906
102.1321
108.3752
105.2134
101.014
109.6849
91.56286
85.91611
121.6501
120.5721
110.5389
119.0317
112.2349
112.6318
110.8675
124.2115
106.8848
98.96377
96.27596
98.83295
100.0015
99.58956
104.5585
108.1001
128.3635
94.98805
107.0293
123.8053
89.96133
105.2203
101.9144
97.92768
96.81686
89.07977
99.08199
100.9761
93.78106
110.8944
91.40245
98.53091
86.10044
99.89085
97.80058
110.9858
101.8481
94.16836
91.82611
106.3852
104.5914
107.9598
89.50692
108.808
130.9361
104.7156
114.9195
98.95394
102.952
111.2418
95.71881
91.44036
99.5828
103.2825
128.0733
95.55709
91.23094
82.38039
90.68002
103.3949
119.1274
99.00708
92.59273
101.2448
97.99865
93.30142
120.9654
107.1042
91.59364
91.74817
89.77622
83.85987
110.8898
107.9586
81.15561
128.115
100.6385
89.01355
88.48726
88.22877
109.3365
110.93
126.3961
108.8889
107.1135
113.9213
106.0916
110.7511
111.3673
117.5313
98.76105
116.2604
116.4786
117.1522
95.95274
114.3203
96.93482
108.6673
111.1716
128.98
95.79278
91.27437
83.25069
79.13603
98.66441
99.34
98.07269
88.34683
96.06956
93.8004
101.7968
115.1929
112.0595
92.318
122.3805
91.22034
102.1841
89.36545
83.41153
92.08466
122.4714
104.5863
94.44417
110.9181
120.7313
101.7606
107.5849
114.0637
111.0792
106.6647
85.37925
110.52
116.9166
103.9921
99.87964
108.7494
97.89237
91.69343
92.30401
111.0219
81.11136
96.44727
95.58699
117.5368
96.03462
101.3565
88.92875
104.29
106.5602
101.8264
101.992
116.4028
92.7769
104.147
111.995
101.4278
109.61
94.39729
105.704
103.7949
113.262
100.2093
106.4979
102.9699
112.4721
117.5786
105.4234
102.9489
106.9227
123.8452
113.2829
115.0937
119.3138
109.5492
100.7717
104.5925
99.46709
92.79399
101.9655
100.3633
105.3762
99.02006
98.59534
107.8262
117.3772
104.4782
104.4183
103.1537
97.12441
102.8534
101.7395
99.74904
109.6914
106.0351
109.6554
84.64152
102.2185
101.0541
115.2548
119.4308
118.5893
99.82322
115.1993
83.15026
96.20662
99.69533
110.5334
103.8903
109.2439
95.74688
101.9849
103.9041
104.4393
106.1044
100.3813
107.8921
102.3724
101.4648
105.0114
95.1005
81.90096
104.9202
92.75016
107.9633
102.7695
98.55664
104.3273
125.2465
107.4907
89.93363
96.47017
112.6154
108.7984
113.6118
104.0881
102.3359
100.8237
89.73495
90.21716
100.9231
80.82005
90.53125
104.5727
75.96249
98.27763
97.53612
91.74706
100.6998
111.2884
95.91168
90.51533
100.6005
86.48344
96.11823
96.11373
111.4051
88.90514
85.44476
87.19657
103.8193
101.4431
100.6379
100.9103
112.193
102.9032
99.07055
100.1047
101.579
94.74369
99.6907
104.6866
86.36438
113.0367
93.25993
92.41659
110.6436
106.4502
104.2312
117.7344
107.3139
97.4051
92.7345
111.8122
113.8566
77.79556
106.1496
78.914
106.6268
113.0304
115.3924
108.1818
104.7459
96.79366
89.56472
99.84883
111.7896
93.29366
96.08486
113.3321
120.8568
125.4066
104.8594
130.5437
113.0019
112.0108
132.0954
103.764
102.8572
112.6363
101.8426
106.024
116.7216
102.8061
88.1385
92.28993
111
100.6557
94.31091
102.4011
101.8493
87.50899
97.08307
89.36228
97.71537
86.22775
92.21947
90.06817
97.09525
117.8252
107.5169
106.1661
107.5121
93.02729
104.8851
109.4273
83.85324
110.1117
107.3668
106.5391
99.19196
96.05056
104.7628
83.46033
102.4207
111.0265
101.7004
104.112
97.85152
102.339
100.0314
110.9505
98.18603
102.6679
103.6583
105.7039
124.2043
112.6504
131.6723
99.84065
117.3486
107.893
107.2761
115.8434
107.2576
104.0061
107.4613
110.0978
111.5889
112.648
99.95283
114.9536
101.1456
106.3433
94.86538
97.93215
88.57995
97.09295
93.69258
107.7439
93.49786
106.4788
92.68717
78.68174
97.01728
94.61507
114.6651
99.1586
113.4104
89.30208
95.22097
105.6779
80.91204
110.7402
108.1543
102.2319
116.5338
95.03147
104.3594
92.46805
103.882
98.73799
108.9192
95.77562
118.8938
103.8113
98.48909
111.3139
86.85595
103.2284
116.8888
108.5451
112.9223
118.4825
114.3517
92.87159
90.09896
86.58373
114.3255
115.8661
109.2243
111.6933
99.4534
116.0249
110.4794
123.5311
126.4579
112.4678
92.29502
79.38421
107.9178
98.58365
113.652
118.6705
110.9233
115.9273
92.58663
97.44742
114.699
108.1748
104.2868
116.1957
106.9884
102.5836
101.7105
100.7986
107.0537
99.53912
111.2922
109.3937
109.8006
110.2151
85.28302
95.98703
101.4662
90.11626
131.5424
118.1453
101.9102
96.92987
107.2221
129.5018
111.7058
103.8612
105.4859
83.11209
100.0775
128.647
119.477
96.15715
84.41188
87.55514
94.77616
100.299
109.1487
96.79934
87.19764
88.29344
107.7518
121.077
100.664
95.06589
98.91155
97.81953
104.0396
113.0812
110.4481
94.83646
125.964
107.2379
101.9495
111.9094
132.8227
102.0146
96.22064
87.97991
112.3313
103.9649
108.1526
93.791
100.5136
87.53854
88.86631
98.92165
80.64881
99.69945
100.7192
99.36345
100.6173
104.6287
102.5465
98.77777
98.78405
106.1441
83.43877
108.9354
104.0089
88.80482
88.92059
106.7906
109.8737
100.3365
102.3879
121.4717
104.502
98.81487
117.9423
109.7996
118.4657
96.70431
102.7843
87.02698
96.4816
111.9826
113.1417
107.8051
98.73556
113.7941
102.2947
98.70792
86.77225
100.4439
122.5571
103.761
94.75574
100.0796
97.44742
125.1924
111.1651
97.38105
85.77659
98.8941
94.09677
104.51
101.6476
102.6558
104.4843
112.9397
90.27471
100.7278
117.8645
120.8315
112.5625
104.9067
111.8216
138.202
117.4654
124.8512
105.5762
99.51978
111.5799
99.1066
97.00299
109.9988
101.3382
104.8438
110.6312
83.37594
102.055
96.23489
101.8783
101.3358
101.1559
108.3375
102.9473
115.0686
97.92997
100.0415
91.40588
104.9521
103.1894
109.6711
104.6161
106.0099
111.7618
112.5181
101.3768
91.30993
103.4315
108.2015
119.2419
103.855
125.7369
125.3719
114.8748
101.2492
90.55068
92.65995
83.57135
111.7844
100.1067
111.621
112.6781
126.582
103.6329
95.33069
104.7832
104.4515
107.9732
100.3105
112.2354
124.5263
91.86141
115.0166
111.7691
141.4707
106.246
107.9071
114.3288
100.2486
106.1045
113.6203
107.9161
110.5351
104.2686
102.0086
100.3007
104.6401
111.4506
100.2709
122.0473
127.2391
103.6526
118.179
96.21827
97.34674
109.912
131.9388
125.2594
106.2843
114.1531
114.2182
88.5975
90.18925
111.6819
94.18681
102.9554
101.1198
102.5482
114.3025
111.6111
105.8193
102.6731
108.7856
104.8362
110.329
124.0015
110.2171
108.5872
110.9227
91.95605
90.08044
92.43372
101.1655
99.82395
111.3648
94.55322
97.62508
108.1452
92.94876
109.3607
101.8688
104.9945
106.7846
118.1674
118.8393
109.3553
76.30912
83.92778
108.8466
105.5396
83.26696
106.5281
101.1323
108.5572
94.06478
82.28899
105.9722
116.5808
92.2605
93.92846
126.7708
120.2688
116.079
114.7433
83.88002
92.1664
95.55242
108.0299
118.7167
140.0519
113.8305
116.9274
116.7457
112.764
115.3307
101.9465
114.0953
114.8667
84.86615
109.0638
91.90337
110.9411
96.80918
103.2969
87.8184
106.6997
94.74192
104.4554
108.8913
123.3075
101.946
118.6167
124.8731
123.1002
112.1732
95.10017
103.8469
101.3365
100.8613
108.6668
109.5444
94.0174
97.34208
113.8057
131.2402
99.96177
108.6724
121.8115
102.502
101.1239
99.02899
99.50502
115.0665
90.06273
100.1476
116.933
94.29528
99.65402
99.90986
81.62339
85.47973
93.09718
89.95049
93.94529
106.3604
82.48623
114.1161
101.5985
106.9489
100.0268
102.5132
124.0915
106.5512
84.00879
99.06828
90.38533
95.458
90.98086
115.3927
109.6615
112.9376
93.85074
97.71474
122.7792
104.4107
115.9216
105.5067
87.38163
85.95241
130.8066
110.8422
117.1926
104.4167
102.1905
102.6947
101.4532
85.04882
79.7765
97.2446
118.573
97.00906
85.77046
123.1551
106.2202
102.3714
99.1825
93.64429
113.7066
95.56397
89.05236
87.44522
117.8021
103.3203
92.54259
85.69001
99.33651
95.67319
94.916
107.9542
100.8433
95.17047
112.4727
110.3155
105.3221
92.31079
88.09027
68.46309
107.8966
113.4772
112.9774
100.762
97.82564
97.84931
108.4151
96.58566
89.19786
91.6712
115.1171
104.9408
127.324
119.9181
108.8967
107.4228
105.9535
108.2299
115.787
117.6737
98.09543
103.2267
107.0477
112.617
107.9851
98.42189
94.32647
95.62735
87.76695
104.382
96.93374
106.7508
110.2748
103.8661
93.77914
110.2944
94.46122
110.5651
105.741
96.09197
105.4848
109.5781
91.54984
100.6072
84.21594
121.2296
106.7215
108.7772
107.9074
80.03961
93.59722
86.7922
128.354
105.8937
115.6957
100.22
100.4966
124.171
113.132
103.8859
99.42984
88.12267
100.4116
104.9119
108.999
102.2301
112.2463
87.20909
104.4128
107.9689
107.9759
105.7715
95.6609
104.5255
87.85888
83.45529
106.4202
90.01656
89.56038
107.3486
115.1915
121.3759
104.8421
120.4708
113.3308
96.49399
93.74661
94.93383
108.0461
138.2942
116.2888
100.0837
112.9483
117.3479
89.5378
96.5366
113.8462
120.2445
115.6876
98.55104
92.73147
108.0808
92.98487
90.31944
111.3517
116.0446
74.82925
120.2209
106.1371
94.61667
106.2335
93.76667
90.19426
117.5499
105.9941
97.91398
101.8036
95.81908
115.4346
99.65509
100.7723
118.8882
114.6933
101.9664
91.98806
111.4932
87.08994
99.56273
102.0498
95.92462
103.4548
81.41224
95.17562
91.22768
118.3645
92.88787
121.2745
109.1389
113.2381
113.7859
112.0576
121.0993
114.8122
104.9905
124.2939
92.62805
99.79527
86.28634
93.31421
112.4463
109.2941
92.09045
94.02196
108.8543
106.3127
118.2325
101.0132
102.6392
100.9624
105.0398
110.581
113.3814
119.8676
118.922
92.68616
105.0206
96.27024
107.9309
106.3863
115.8052
109.0574
111.1868
94.21489
91.9314
115.88
119.4545
106.6281
97.93205
81.87547
101.5985
104.341
80.0535
81.89326
85.98198
116.7933
104.7723
81.42469
96.03235
105.6687
128.1602
110.7249
107.381
106.9101
90.25748
96.31572
111.2543
96.13059
105.8176
112.5096
105.4583
110.0509
88.69006
83.86785
116.8209
96.33985
100.5083
93.10788
104.3835
87.71966
100.4473
100.0182
102.1472
106.676
105.8018
108.2412
115.7396
130.1517
130.5177
108.7651
117.1789
106.4583
100.1766
111.0023
105.1413
111.2455
118.9738
117.9955
92.13414
95.69434
102.2777
98.13657
100.4785
102.7481
89.93174
83.75984
71.54525
90.0243
91.92427
89.96135
94.43424
77.64755
90.67567
101.6454
102.5552
108.5522
109.5492
115.0055
98.99462
112.6021
106.8525
92.27015
91.20929
115.3002
94.98946
97.52075
103.604
106.1391
95.51304
105.978
94.38389
92.86225
99.64186
99.93087
107.8319
117.5584
96.31616
92.15761
90.08196
91.85977
104.1192
110.7132
87.16388
84.26014
105.9081
91.42999
93.3214
100.119
95.98383
86.31829
97.401
83.41954
94.64381
111.6084
118.0205
111.9425
111.643
103.725
117.0517
111.2444
97.59143
101.1484
97.96737
103.7254
109.4224
133.8728
96.15044
108.9442
118.8816
91.86953
98.52221
102.6807
86.54766
129.0634
81.92179
99.55537
98.94623
100.8131
90.94559
92.91271
96.80023
79.08924
93.42829
81.43122
94.0395
98.20444
116.6484
97.59499
122.0691
115.2603
100.5089
98.26038
105.0774
102.9658
113.0408
114.0923
97.41688
112.3975
92.1787
90.30146
96.57252
94.92097
103.6941
99.86512
106.9736
84.25135
106.0947
124.1753
95.3306
97.74851
106.6785
