3.514183
2.836065
1.483929
0.9401366
0.7981309
0.5945474
0.7054197
0.5738033
0.5486485
0.5357177
0.5433804
0.4525964
0.4007452
0.5151168
0.5010194
0.5938056
0.5341562
0.5033272
0.5532695
0.7581087
0.5762235
0.4749527
0.763015
0.7626436
0.6341545
0.5454272
0.5745248
0.4097538
0.4843927
0.5733825
0.7186588
0.557633
0.7677185
0.6844997
0.4834465
0.4626418
0.5474708
0.8171923
0.5104446
0.5121613
0.5697733
0.6499897
0.5822012
0.6385254
0.5393113
0.4965519
0.557194
0.6710966
0.6315365
0.4367539
0.6592822
0.5994769
0.5329825
0.5435513
0.4991829
0.5807579
0.5002889
0.6657265
0.6035527
0.707314
0.4979405
0.4766127
0.541281
0.6507161
0.5739108
0.5783598
0.6150421
0.4771299
0.4697667
0.5961191
0.4912209
0.5749894
0.4738805
0.5424215
0.6395091
0.6032168
0.5607567
0.5624291
0.6321895
0.4840376
0.4835414
0.6630091
0.4897683
0.4371431
0.4916162
0.6838952
0.6234532
0.6282339
0.4783126
0.5658577
0.6694512
0.6209331
0.7486981
0.6751399
0.6334738
0.5990374
0.7623817
0.5314848
0.4289274
0.4813045
0.668908
0.6538913
0.4167339
0.617012
0.6226433
0.5157769
0.4950747
0.5017244
0.7015922
0.5452956
0.5451736
0.6711565
0.5092624
0.4491224
0.5802163
0.5289541
0.7455878
0.5133748
0.5200127
0.4549543
0.5176354
0.5521114
0.5666245
0.6591961
0.6919022
0.6254084
0.6092161
0.7454279
0.6146105
0.538219
0.4602698
0.548116
0.6750049
0.6863777
0.6592288
0.5105691
0.5129765
0.6113397
0.4956833
0.592837
0.6478693
0.5432354
0.5022864
0.581584
0.5957679
0.5877829
0.5161872
0.4981069
0.5543558
0.4868163
0.4297352
0.5826876
0.6049012
0.553907
0.5166956
0.5762756
0.5500071
0.5464845
0.4944733
0.5897095
0.5557576
0.4159333
0.6324262
0.5482784
0.5697224
0.5461304
0.7504521
0.8146008
0.5963576
0.7501232
0.6920712
0.5408998
0.5246633
0.486605
0.5889224
0.5026951
0.4510445
0.4683101
0.6098556
0.5672405
0.4891762
0.6941631
0.6973692
0.6145457
0.7143846
0.6185413
0.5193012
0.5115152
0.5013862
0.5979135
0.5122422
0.546659
0.6307867
0.4645624
0.4944405
0.6389835
0.5093467
0.5602717
0.5589241
0.5539999
0.5631422
0.5528171
0.5399682
0.4071463
0.509996
0.5522791
0.4740747
0.6791148
0.4759711
0.7482594
0.6279289
0.6598492
0.8611341
0.6237877
0.59013
0.6947447
0.5443552
0.5472825
0.4753208
0.5327561
0.5905777
0.4830498
0.5690304
0.4630036
0.4517746
0.5614094
0.590723
0.6060656
0.5830253
0.4344691
0.5091857
0.4839052
0.5225787
0.5259423
0.5788373
0.6677037
0.7157939
0.5468043
0.4689758
0.5837187
0.6610368
0.6710967
0.6915947
0.475662
0.5193954
0.5959754
0.4048935
0.4689532
0.5170472
0.7129547
0.7098172
0.4815604
0.416188
0.6045729
0.5062883
0.3682805
0.5393783
0.5008092
0.5627746
0.5363251
0.4830766
0.5441387
0.4403592
0.6087812
0.4985164
0.5798772
0.4945171
0.4774424
0.5283846
0.4916199
0.4946405
0.5040263
0.5633592
0.5144453
0.5717978
0.5018333
0.6045435
0.6303641
0.5622613
0.5838279
0.4123226
0.5108227
0.5776064
0.5169188
0.5383169
0.5059542
0.4772749
0.5527741
0.4919132
0.5220252
0.59347
0.6657865
0.5652452
0.4812282
0.4955867
0.4963845
0.7235989
0.7378936
0.6031196
0.5979927
0.6433929
0.4585255
0.5227738
0.4914767
0.5795091
0.6281276
0.4968077
0.4895358
0.613255
0.7516241
0.4404791
0.49236
0.3949245
0.5301087
0.5269409
0.4714223
0.5872994
0.6232349
0.6800077
0.5856582
0.5801942
0.5207438
0.5193441
0.6912751
0.5841755
0.5691821
0.4922886
0.5554567
0.696854
0.4752998
0.5271764
0.5340085
0.8480247
0.5881941
0.6796053
0.4686305
0.5599764
0.400065
0.4888767
0.6591134
0.6158192
0.6484006
0.7555588
0.8131961
0.7229838
0.5451984
0.5492347
0.4630197
0.5512569
0.5761601
0.5963633
0.5054389
0.5628764
0.5133406
0.5834368
0.6298039
0.672122
0.5806014
0.5688077
0.4608725
0.6477413
0.6791515
0.5391792
0.6332784
0.6772711
0.6270124
0.6112375
0.6229645
0.7987403
0.5334395
0.6562835
0.8284439
0.5495819
0.6410841
0.5520257
0.5426239
0.5976084
0.5849823
0.4760762
0.5428128
0.7043631
0.56603
0.609159
0.5195408
0.6130406
0.5313931
0.6999756
0.709011
0.7400488
0.6440458
0.5039988
0.4501914
0.5306314
0.5115176
0.7583394
0.5632671
0.5938035
0.6727002
0.4365785
0.5669216
0.846932
0.5625505
0.5171074
0.5590605
0.4038734
0.6730487
0.7643344
0.5932464
0.66004
0.6581422
0.5354343
0.5462259
0.5228785
0.6223035
0.5211907
0.6863562
0.6243544
0.4344428
0.4560267
0.5987466
0.6439275
0.4994636
0.4499236
0.638701
0.5891529
0.569372
0.6525457
0.6163853
0.6353414
0.566259
0.6274178
0.6929446
0.4121916
0.5094904
0.6050211
0.5351803
0.5347941
0.4274474
0.5084144
0.7227195
0.6545085
0.7189951
0.591578
0.4981839
0.5390736
0.6295153
0.4784995
0.5706122
0.7226504
0.6874741
0.65981
0.5976851
0.5775606
0.7162771
0.5913215
0.4356003
0.5063009
0.4919867
0.4884199
0.5110916
0.4613741
0.5012745
0.4721261
0.7027304
0.5150885
0.5845967
0.6535836
0.628851
0.4856236
0.5713256
0.591868
0.5932095
0.6744338
0.6579006
0.95057
0.6222569
0.5423821
0.5511842
0.5708839
0.5308554
0.6153391
0.5126009
0.5125025
0.5549845
0.7202118
0.5135133
0.5182089
0.5831361
0.4857355
0.5798223
0.5381514
0.536844
0.4389169
0.5806645
0.6060197
0.6130929
0.4548334
0.493238
0.6839472
0.5641436
0.4301964
0.380483
0.4983496
0.4197176
0.5140484
0.5154313
0.4638597
0.6044793
0.4553174
0.5232295
0.4815638
0.5307659
0.5684621
0.469609
0.5643098
0.5176065
0.4644903
0.5056696
0.5689183
0.6058129
0.6920443
0.4288348
0.4685851
0.617111
0.5915052
0.6557253
0.5066164
0.6132215
0.6021518
0.7370183
0.5599013
0.6198896
0.5855863
0.5971554
0.8284398
0.5979354
0.6077211
0.4742606
0.5210466
0.5132213
0.4595593
0.5386665
0.7471917
0.4983221
0.5540772
0.6663221
0.6631383
0.4730139
0.5387336
0.5512329
0.5320506
0.4415913
0.5867252
0.5049695
0.5474046
0.485498
0.6098834
0.5505059
0.6216437
0.5262405
0.3966103
0.4824966
0.4254679
0.5853583
0.6722899
0.4682497
0.5765344
0.6489875
0.607897
0.4173028
0.5321314
0.5289353
0.4552869
0.4791973
0.6268373
0.7925411
0.5732298
0.6830168
0.4654487
0.5214173
0.5554849
0.3805804
0.5185578
0.4191802
0.4945714
0.5786249
0.524435
0.582865
0.5147926
0.5465565
0.4607149
0.5634784
0.5734974
0.5177346
0.5592429
0.4711527
0.6186624
0.469132
0.5716781
0.813476
0.6075306
0.5998496
0.6671368
0.7328527
0.5221049
0.520549
0.5739177
0.9058373
0.5679954
0.5121699
0.4798376
0.5441944
0.6167154
0.6341347
0.6092138
0.5712838
0.7155287
0.5676462
0.4687643
0.5100489
0.6202727
0.4356396
0.3702063
0.4446098
0.4882118
0.5374719
0.4291866
0.4958548
0.6426872
0.475615
0.6941483
0.8319486
0.6300971
0.6484434
0.4655242
0.4955314
0.454957
0.4965622
0.4706726
0.6399057
0.5642632
0.5761588
0.4453319
0.5155361
0.4984441
0.6844914
0.4873463
0.6136619
0.4762476
0.6180941
0.5761399
0.4125302
0.4444647
0.4500944
0.5608277
0.4214052
0.4716079
0.5340892
0.6544782
0.7150532
0.6474302
0.5283689
0.6594297
0.7723567
0.5825621
0.4484407
0.5698609
0.5727818
0.4802764
0.6131699
0.6145839
0.514057
0.6097201
0.6069111
0.3888677
0.5339391
0.4347374
0.5625169
0.4922109
0.5262124
0.6452999
0.538322
0.5182601
0.4929482
0.495346
0.47072
0.626226
0.5202762
0.5463912
0.5335277
0.62137
0.5547238
0.4505482
0.4006547
0.413925
0.5011384
0.8615222
0.785633
0.4676625
0.4366016
0.4284521
0.6065896
0.4678608
0.5150687
0.5176403
0.7189216
0.5863592
0.5163711
0.5910711
0.4421375
0.619614
0.5278143
0.6831099
0.6342807
0.5252955
0.5536352
0.5144666
0.5148367
0.5071343
0.5846324
0.7254527
0.5333753
0.4992965
0.6210742
0.5132622
0.5939401
0.5464165
0.4128306
0.5808284
0.6483275
0.5401568
0.4923965
0.583977
0.5359191
0.5919093
0.5646024
0.4604709
0.4227268
0.4270172
0.5566684
0.5488233
0.5812421
0.5343457
0.5820726
0.5822252
0.5319919
0.5562478
0.59582
0.4350972
0.4281616
0.6025751
0.6366276
0.56442
0.6492647
0.6005986
0.6346034
0.5197561
0.6440983
0.4970375
0.5463075
0.6634571
0.6354774
0.5437952
0.6555957
0.5878796
0.7980838
0.428663
0.5322006
0.5987452
0.8346015
0.5846008
0.7164855
0.4841584
0.5094426
0.6336945
0.4510156
0.4089837
0.6236032
0.4938472
0.5389334
0.5421927
0.4884283
0.4569283
0.5957511
0.6727607
0.7951333
0.7858147
0.7388712
0.6199712
0.5779079
0.5781371
0.5843578
0.6905567
0.6727767
0.5812582
0.4778557
0.4466134
0.4875826
0.4226517
0.5472645
0.5581885
0.5767021
0.5504351
0.4806534
0.6024152
0.6037896
0.6091363
0.5625228
0.6499211
0.6110516
0.4619911
0.6942649
0.6780114
0.5922863
0.5672485
0.5365816
0.5087613
0.519774
0.4269177
0.5228101
0.4635613
0.4998268
0.4693878
0.4402635
0.5425646
0.4652504
0.6319576
0.6642901
0.4895059
0.486571
0.6307618
0.5916456
0.7494455
0.4905933
0.4654608
0.4447732
0.5977878
0.4675073
0.5413203
0.6046035
0.4776578
0.4816507
0.6414414
0.6062998
0.5347782
0.6210317
0.5813515
0.5512395
0.6198009
0.8660697
0.6300992
0.4152585
0.6186168
0.5828978
0.5525536
0.4969615
0.4292595
0.4932349
0.4721223
0.5763795
0.7469124
0.5015088
0.4868224
0.4746551
0.4790079
0.4249306
0.6784936
0.5771117
0.6340793
0.6304379
0.8163029
0.5760326
0.5756638
0.562043
0.5354204
0.741453
0.6084021
0.6094559
0.5985145
0.4972114
0.4103573
0.4594017
0.5628336
0.5244211
0.5243048
0.532199
0.474075
0.6844847
0.6098043
0.5353121
0.4920791
0.4249313
0.438727
0.6151867
0.5619398
0.5170061
0.4160641
0.4277117
0.575522
0.4152505
0.5193509
0.595601
0.4753592
0.6431466
0.7073541
0.5651076
0.6288949
0.4943942
0.4786271
0.5845941
0.7001069
0.4282278
0.6125795
0.6794579
0.6113149
0.634969
0.6663087
0.5425382
0.5366197
0.6372049
0.4761056
0.5351767
0.5222802
0.6131987
0.7027022
0.6048517
0.7265468
0.8075391
0.5948665
0.5220185
0.4906661
0.5107693
0.4688677
0.4346473
0.488793
0.5391677
0.6067397
0.7086499
0.513087
0.4854627
0.4508758
0.4870439
0.440616
0.6341895
0.5048328
0.5614105
0.4206918
0.5458092
0.4221267
0.6290529
0.490698
0.511946
0.5474468
0.5780732
0.5878629
0.6411587
0.5204823
0.5121863
0.6199691
0.662048
0.5083382
0.483761
0.5334138
0.4971429
0.5405469
0.5021604
0.5070303
0.6149182
0.6028389
0.5364416
0.6191046
0.6579295
0.708677
0.4942832
0.6344474
0.6274295
0.6020528
0.4747156
0.5223131
0.536095
0.7221726
0.4757568
0.5732412
0.4589771
0.4532242
0.5162659
0.5425519
0.4974555
0.5740691
0.5018767
0.5559775
0.6216316
0.5750531
0.5576554
0.4809695
0.51645
0.5799836
0.5808527
0.5030059
0.6477291
0.6530421
0.5096978
0.552242
0.4172669
0.4519461
0.6338835
0.4970742
0.4818776
0.5727938
0.8487632
0.6889002
0.4841638
0.6200807
0.4948588
0.4338613
0.5381671
0.5349599
0.6024723
0.5543561
0.4942456
0.5947565
0.6261009
0.4170082
0.6581166
0.5822857
0.6061378
0.5002152
0.5186834
0.5147881
0.5648771
0.4140433
0.5673423
0.6484834
0.5865845
0.4290552
0.5628335
0.6364558
0.7782853
0.6421668
0.5693113
0.640753
0.5646097
0.5993683
0.5098884
0.6256975
0.5026907
0.6021332
0.4951077
0.5556594
0.4879389
0.585722
0.526422
0.457461
0.4811297
0.4741628
0.6037342
0.5956343
0.5948853
0.5940509
0.6513839
0.6533501
0.5213339
0.5911818
0.5379681
0.4238227
0.4373591
0.436569
0.5754945
0.5080632
0.458522
0.5858496
0.6885684
0.4963268
0.4643664
0.5192682
0.5739976
0.5559823
0.5298675
0.7510426
0.6707895
0.6300839
0.5966589
0.4247167
0.4739842
0.6496133
0.8317548
0.6513428
0.7393957
0.5572913
0.5159214
0.672019
0.6493937
0.4597793
0.5299559
0.4410406
0.5164011
0.5466445
0.5198025
0.6172326
0.4915149
0.552569
0.5835108
0.5270376
0.5670727
0.713068
0.5190248
0.6467685
0.5464651
0.5390459
0.5672724
0.5895413
0.5268855
0.662324
0.4808334
0.538925
0.571061
0.4834275
0.7086971
0.7311247
0.7694896
0.5074986
0.5136217
0.4163477
0.4859796
0.6546865
0.6195376
0.4335131
0.5492803
0.466052
0.6983757
0.5219293
0.6729481
0.5953921
0.4756072
0.53507
0.4648478
0.5680467
0.5837153
0.5309819
0.4494676
0.5770207
0.7161616
0.6175139
0.7444469
0.4659265
0.6005933
0.4793394
0.5417617
0.6119003
0.7202464
0.6164435
0.5272334
0.577424
0.6560559
0.4626214
0.5514254
0.6224435
0.6827878
0.4864295
0.4547294
0.47406
0.4355212
0.5205581
0.5971945
0.5531172
0.54653
0.5965197
0.5505999
0.4563443
0.5008112
0.4755597
0.5676428
0.5547582
0.6065811
0.5706488
0.5149225
0.4596926
0.661034
0.5883097
0.4753155
0.6178306
0.5831368
0.5981167
0.483886
0.485016
0.5543543
0.5770611
0.4494081
0.4925255
0.4918907
0.4949985
0.4725471
0.4601233
0.4898577
0.5617256
0.5522168
0.5242783
0.5695647
0.6055603
0.4921487
0.500135
0.4615017
0.5240341
0.5303591
0.6188786
0.546387
0.5604185
0.475303
0.4267054
0.4982913
0.5855465
0.7449075
0.5439156
0.5503953
0.4206774
0.5073272
0.6319991
0.5872516
0.4818105
0.4985485
0.7286178
0.5893823
0.5955088
0.8466747
0.7374934
0.5877738
0.4993854
0.505912
0.5250664
0.5505303
0.5787628
0.5740452
0.6352398
0.4635764
0.6029342
0.6716473
0.4964555
0.6118919
0.5995715
0.6416141
0.4409748
0.5785387
0.7673458
0.8048758
0.526034
0.445577
0.5660307
0.4955014
0.6788384
0.7500422
0.5989141
0.4907103
0.6406852
0.5203266
0.4993212
0.5284497
0.4791117
0.6047222
0.7199921
0.5513248
0.4792004
0.458953
0.510841
0.5628278
0.5989209
0.6256882
0.6170682
0.6354933
0.714959
0.5891606
0.4366225
0.4686183
0.5257548
0.5850496
0.7154532
0.4661847
0.4965639
0.5382307
0.6105836
0.7313608
0.7296646
0.6706481
0.6941598
0.5514831
0.5440799
0.5587115
0.5795546
0.5217439
0.5560315
0.4744065
0.6225448
0.4874802
0.512224
0.7643315
0.6025497
0.5377826
0.6453088
0.4577057
0.4431448
0.658203
0.5888659
0.4295689
0.6781545
0.4437672
0.5437289
0.5797361
0.4931799
0.5421217
0.541241
0.5835974
0.6434596
0.5746318
0.6050457
0.5933434
0.4823183
0.5668079
0.5273178
0.5710961
0.5639882
0.6126914
0.5550123
0.7083711
0.481617
0.6674577
