0.9956384
1.004849
0.9953868
0.9994008
1.012711
1.024078
1.009709
1.007114
1.013762
1.002903
1.003893
0.9955945
0.995068
0.9991483
1.002997
1.007664
1.004319
1.001774
1.00467
1.003457
1.004504
1.005224
1.004395
0.9965279
1.011193
1.014879
1.028341
1.013092
1.002005
1.000063
1.011317
1.010557
0.9989167
0.9941682
1.004275
1.010954
1.003965
1.001602
0.9893301
1.014621
0.9934558
1.010726
0.999663
1.015935
0.986339
0.9962354
1.013226
0.9997284
0.9888231
0.9963949
1.003785
0.9985291
1.005123
1.019554
1.007319
1.016666
0.9980409
1.010126
1.002202
1.01116
1.005865
1.004811
1.000538
0.9998384
1.014587
1.015876
0.9992947
1.001374
0.9966272
1.010829
1.009389
0.9994686
0.999969
1.017569
1.006824
1.002215
1.006961
1.018312
1.006892
0.9973443
0.9952048
1.00682
0.9836459
1.000429
1.002489
1.008035
1.003517
1.011408
0.9941477
0.9966206
1.005755
0.9982182
0.9990623
1.013397
1.01529
0.9986691
0.9867082
0.9960669
1.001576
0.9993967
0.9994859
0.9989538
1.000089
0.986904
0.992937
1.000843
1.001119
0.9948491
1.007764
1.001967
1.012468
0.9963914
0.9929486
0.9934031
0.9979059
1.00432
0.9983053
1.000394
1.006274
1.006791
0.9930597
1.012016
1.010792
1.00833
1.004782
0.9862979
0.9967817
0.9933808
1.001542
1.017525
1.015492
1.001796
1.000311
1.000575
0.9916327
0.9987355
0.9988435
1.002552
0.9997107
1.018623
1.016162
1.005082
1.009324
1.011533
0.9940658
1.009749
0.9999208
1.004935
0.9768737
0.9940727
0.9986649
1.0106
1.002433
1.004019
1.012671
1.006554
1.005381
1.00325
0.9998034
1.014285
1.013816
1.006156
1.005778
1.00659
0.9993308
1.012143
1.009195
1.014302
0.9999789
1.006716
1.018944
0.9994906
0.9938038
0.9856014
1.003948
0.9978022
0.997817
1.010239
1.008896
1.009084
1.00899
1.012912
0.9951696
1.003243
0.9945443
0.9965923
0.9946479
1.013745
0.9946917
1.013792
1.001912
1.024873
1.020116
1.004064
1.00831
0.9974156
1.008756
1.01883
1.004128
0.9957791
0.998714
1.004871
1.009031
1.001836
1.004194
1.001138
0.9947266
0.9936261
1.017038
1.013193
0.9934316
1.001858
0.9902856
1.015819
1.00073
0.9855731
1.00238
1.002738
1.005752
0.9920984
0.9881761
0.9912927
0.9951336
0.9983123
1.000248
1.006884
1.017871
0.9970115
1.006253
1.022704
0.9979307
1.022034
1.006845
1.012601
1.00937
1.002211
0.9975194
0.9928846
1.002877
0.9907018
1.000719
1.006119
0.9976717
1.00943
0.9959219
1.008342
1.009855
1.006664
0.9890194
0.9910262
0.9932969
1.006314
1.019322
1.004114
1.009487
0.9996665
1.013805
1.005181
1.009383
1.034015
1.002508
0.9980501
0.9910558
0.9977993
1.005212
1.00081
1.018092
0.9955385
0.9981825
1.005835
1.006271
1.013089
0.9948922
0.995781
0.9983839
1.000226
1.011157
1.000821
1.007619
1.012675
1.001504
0.9938999
1.001244
1.003943
1.003999
1.008779
1.015339
0.9952439
1.006049
0.990371
1.009874
1.009251
1.011529
0.9870771
0.9943048
1.011022
1.001986
0.991476
1.001648
1.00986
1.010668
0.9977869
0.9977508
0.9929979
1.004223
0.9915882
1.012183
0.993722
1.006813
0.9971573
0.9971508
1.002826
1.005174
1.019136
1.010999
0.9981005
0.9826273
1.007678
1.006697
0.997037
1.006637
0.9974745
1.002025
1.001021
1.00659
1.00333
1.016091
0.9903714
1.007595
0.9940129
1.000111
0.9958558
1.001188
0.9964693
1.005573
0.9938114
0.9987877
0.9905515
0.9905894
0.9975057
1.001234
1.00961
1.012735
1.00611
1.005464
1.01057
1.009838
1.010254
0.9967405
0.9967529
1.007049
1.004973
0.9952223
1.002842
0.9852362
1.010206
1.004117
0.9973555
0.9906803
1.010674
1.012811
1.007032
1.009535
1.012039
1.007181
1.013768
0.9980756
1.009613
1.004276
1.011549
1.017028
1.006388
1.008168
1.000017
1.004911
1.011481
1.000113
0.9899168
1.008602
1.0068
1.002632
0.9980377
0.9996459
1.017697
1.003849
0.9929637
0.9806039
1.006937
1.02998
0.9848183
0.9958795
1.007098
0.9970667
1.005834
1.003776
0.9997222
1.018429
0.9943463
0.9886073
0.9850015
0.9790344
1.007603
0.995093
1.005427
1.005273
1.008862
1.009078
1.001427
1.00332
1.00956
1.008876
1.002121
1.01273
0.9942668
1.011872
0.9868438
1.010483
1.008983
0.989534
0.9994675
0.9921754
0.9892309
1.003282
0.9976375
0.9926303
1.005036
1.008885
1.00623
1.017023
1.013492
0.999931
1.005029
1.011742
0.9985633
0.993745
0.9832038
1.005251
1.003273
0.9956536
1.009992
1.002797
0.9928212
1.0081
1.012757
1.002569
1.004714
1.013254
1.006185
1.008847
1.006114
1.001558
0.9920189
1.002777
1.002929
1.015734
0.9855377
1.010433
0.9865821
1.010473
1.005728
1.008205
1.004246
1.003108
0.986127
1.010598
0.9947902
1.003334
0.9907037
0.9987862
0.9941515
1.007632
1.007944
0.9878527
1.002672
1.009196
1.002429
0.9900442
1.011812
0.9873227
1.001792
1.00862
1.000614
0.9998
1.012832
0.993714
0.9998403
1.006788
1.002343
0.9872744
1.0054
0.9845061
1.009935
1.006611
1.007742
0.9920919
0.9881252
1.008625
1.00551
0.9968912
0.9993187
1.002482
1.008052
1.015754
1.008779
0.9925861
0.9993241
1.0083
1.018999
1.000673
0.9955465
1.012997
1.007985
0.9967874
1.008906
1.007853
1.016898
1.006458
1.005182
0.9916444
1.002954
0.9970576
0.9994885
1.005662
1.004145
1.006994
0.9982589
1.009028
1.01215
1.01515
1.00742
0.9848217
1.005983
0.996072
1.007859
0.9953672
1.014607
0.9953083
1.005834
1.004535
1.001034
1.006785
1.012336
1.014851
0.9953045
1.016767
1.00811
0.9862997
0.9850319
1.017407
0.9930812
1.011635
1.003746
1.008854
1.015785
1.017306
1.011971
0.9912477
0.9917649
0.9888596
1.01829
0.9977995
1.009957
1.011004
1.012142
1.012463
1.003002
1.012811
1.013119
0.9875038
0.9879796
1.004069
0.9986844
1.001381
0.9935988
1.003147
1.020959
1.013902
0.9980512
0.9938139
0.9886
1.008834
1.015637
1.000377
0.9968059
0.9974736
0.9970414
0.997578
0.9951609
1.001611
0.9957366
1.001986
1.008555
1.005995
1.001578
1.009099
1.006532
1.00387
1.003276
1.00459
1.006065
1.020769
1.012476
1.002045
1.009239
1.017798
1.024339
1.010119
1.011895
1.003011
0.9952008
0.9969564
1.002589
1.01133
0.9999245
1.000328
0.9990567
0.9966251
1.000078
0.9950372
1.000738
0.9852686
1.005842
1.010273
0.9928222
1.000257
0.9973925
1.011704
1.012247
0.9983669
1.001426
1.003372
1.01296
1.00798
1.00929
0.9960071
0.9943453
1.006788
1.007666
0.9986901
0.9908681
1.003761
1.000351
0.9842427
1.014255
1.002356
0.9913826
1.009022
1.006166
1.007115
1.006709
1.007675
1.013951
1.003676
1.002383
0.9970915
1.02256
1.004921
0.9971276
1.00589
1.012814
1.008871
1.006024
0.9933257
1.019091
1.008187
1.009348
1.008494
1.000755
0.9969672
0.9976748
1.009079
1.010136
0.9947642
0.9991011
0.9941903
1.012226
1.007066
1.002814
1.002827
1.014171
1.003255
0.9974818
1.012824
1.001422
1.01211
0.9819101
0.9951325
0.9964182
1.000663
0.9926423
1.014378
0.9993599
1.003388
0.9984546
0.9981731
1.001416
1.009625
0.9982853
0.9995537
0.9888595
1.001136
1.009479
0.9963522
1.02284
1.014896
0.9911427
0.9779572
1.013108
1.000077
1.008554
1.008164
1.003982
1.002659
1.006522
1.00516
1.004295
1.001781
1.005564
0.9899156
1.010162
1.008991
0.9953291
0.9918904
0.9975757
1.008667
0.9986825
1.003886
1.015946
1.022466
0.9963518
1.027934
1.016428
0.9950361
1.002653
1.009415
1.002845
1.00353
1.008351
1.001407
1.009673
0.9929817
1.013526
0.9933414
1.00554
1.015081
1.002446
1.010546
1.007401
1.000298
1.004782
0.9954593
0.9951633
1.00193
1.006121
0.9994643
0.9955671
1.002727
1.002856
1.002676
1.005282
0.9976507
1.011277
1.007571
1.006131
1.008869
1.007968
0.9924612
1.004199
1.020299
1.010066
1.009877
0.987119
1.001039
1.008432
1.006358
1.008681
0.9967553
1.003639
1.003967
0.9987097
0.9896467
1.016965
1.003723
0.9978238
0.9932513
0.9925856
0.9991056
0.9996563
1.004836
1.004059
1.008249
0.9999911
1.004835
0.9992444
0.989708
0.996409
1.015931
0.9928026
1.00641
0.9898346
0.9901327
0.9964187
0.9972525
0.9834572
0.9988169
0.9923076
0.9938838
1.01175
1.005893
1.004983
1.006724
1.004849
0.9998972
1.001433
1.010493
0.9974239
0.995157
1.012926
0.9832594
1.00163
1.004326
0.9968704
1.009554
1.000004
1.000494
1.005285
1.003494
1.01462
1.002867
0.9880429
1.005763
1.009157
1.016185
1.003014
0.9975042
1.008324
1.012641
1.011313
0.9983865
1.000307
1.007979
1.006107
1.012567
1.003025
1.008284
0.9947043
1.015917
1.00244
0.9823649
0.9910266
0.9981887
0.9966389
1.000091
1.007151
1.003535
1.001371
0.9983742
1.006227
0.9955738
1.008293
1.011214
1.01934
1.004991
0.9973337
0.9951646
1.002859
1.028266
0.9971099
0.9946264
1.011392
0.994831
1.005038
1.002262
0.9932452
1.022004
1.01258
0.9987832
0.9964524
1.000017
0.9988319
1.011585
1.008489
1.002885
1.004674
1.009486
0.9983382
1.018861
0.993311
0.9913062
0.9999047
0.9935837
1.000886
1.003106
0.9882642
1.000428
1.006432
0.9931364
0.9999913
1.010585
1.002777
0.9942632
0.9938887
1.002148
1.008167
1.002758
0.9986084
1.008518
1.011231
1.009307
0.9995303
0.9937579
1.002595
0.9898971
0.9998624
1.003677
1.005254
1.006742
0.9984489
1.009391
1.011437
1.018925
0.9945412
1.010072
1.007519
1.009544
0.9976036
1.01383
0.990147
1.00035
1.006506
0.9960714
1.002406
1.003569
1.003534
0.9939477
0.9990533
1.014866
1.005162
1.000414
1.001482
1.005094
1.016996
0.9918348
1.007396
1.00095
1.003398
0.9877138
0.9973532
0.9975033
0.9962881
0.9942814
0.9931682
1.018278
1.001601
0.9999354
0.995252
1.011563
0.9979098
1.004905
1.009378
1.010452
0.9968909
0.996447
1.00475
1.002706
1.005507
1.000133
0.9999324
0.9971482
0.9899726
1.006868
1.003789
0.9986447
1.004427
0.9906812
1.010326
0.9969205
1.005872
1.007366
1.002382
0.994901
1.004763
1.008226
0.9920945
1.001607
1.015959
1.006944
1.006883
1.009898
1.008974
0.9912785
1.009303
1.008932
0.9870372
0.9915999
1.001038
1.001497
0.9969938
0.9907307
1.001892
1.016382
1.005964
1.004663
0.9956984
1.01635
1.021297
0.9834598
1.003178
1.018999
1.005318
0.9976031
1.006367
1.021426
0.9864483
0.9972147
0.9941535
1.003194
1.003789
1.000114
1.007246
0.9955468
0.990724
1.011341
1.024956
1.005492
1.002128
1.009231
1.007814
0.984311
1.00112
1.006322
1.000352
1.002644
1.000402
1.003214
0.9975167
0.9929289
0.9958661
0.9972271
1.00082
1.004926
0.9882804
0.995555
0.9881955
0.9921094
1.008974
0.9910693
1.004538
1.001219
0.9989067
0.9937827
0.9957893
1.022237
1.002774
0.9973252
1.005599
1.001784
1.006395
0.9959783
0.9980517
1.0101
1.003998
1.023095
1.007894
1.001057
1.005768
1.002782
1.005351
0.9980211
1.004316
0.9979328
1.000903
1.004061
0.9848177
1.009578
1.002067
1.001309
0.9974581
1.001167
1.017807
1.016649
1.01339
1.00356
1.000309
0.9984492
1.013678
1.000274
0.9971275
0.9902958
0.9990834
0.9977067
1.003128
1.00588
0.9917942
0.9979995
1.00305
0.9859024
1.002905
1.003635
0.9963398
1.010334
1.002202
0.9978955
0.9729242
0.9985352
1.004422
1.014129
1.004771
1.009182
0.9928521
1.000323
0.9985037
0.9983117
0.9814046
1.005084
1.005701
1.008506
1.001276
1.000698
1.004639
1.000712
0.9901737
1.006223
1.006435
0.9952222
0.9932372
1.011153
1.004663
1.00041
1.001197
1.008645
1.015807
1.011392
1.002196
1.003506
0.9997772
0.9951333
0.9972906
1.026531
1.011443
1.00809
0.9986826
1.006241
1.020113
1.01281
1.007326
0.9943034
1.00938
1.00211
0.9992241
1.012512
1.008439
0.995481
0.991617
1.002804
1.008399
0.9953074
1.004782
1.008756
0.9853272
1.003908
1.006738
1.011158
1.001397
1.00339
1.009163
1.008816
1.003414
1.00288
1.011741
1.001171
1.020248
1.002115
1.011762
0.991672
1.005342
1.008857
1.012979
0.9944854
1.004406
0.9898814
1.014658
1.003991
1.028224
1.013893
1.010028
1.003279
1.010272
1.011334
0.9991683
1.007659
1.004031
1.000225
0.990063
1.007265
1.001562
1.001217
1.003344
1.012551
0.9937494
1.007659
1.000252
1.012658
0.9955937
0.9931799
0.9991664
0.9990623
0.993111
1.008167
0.9849787
1.005509
0.9937891
1.006434
1.018169
0.9966207
1.00077
1.013552
0.9939089
0.9944379
0.9925721
1.007225
1.013534
1.005976
0.9975308
0.9964967
1.009369
0.9903854
1.010952
0.9987381
1.009089
1.008976
1.00818
1.012973
1.007674
1.009539
1.005002
1.004757
0.9934659
1.003297
1.011562
0.9979059
0.9954591
1.000305
1.004567
1.011466
0.9972739
0.9988447
0.9820722
1.000241
0.9965144
0.9922552
0.9980906
0.993363
1.001124
1.011074
1.002735
1.001442
0.9989429
0.9978264
0.9962939
0.9923854
0.9869514
1.020869
1.003798
0.9999653
1.003426
1.012672
1.003866
0.9987856
1.003683
0.9896199
0.9929144
1.003319
1.009286
1.012521
1.0213
1.011408
1.008732
0.9915331
0.9932249
1.002517
1.003827
0.9894736
0.9962781
1.003835
0.9927903
1.009476
1.011479
0.9974626
1.006076
1.023897
1.011727
1.010373
1.0046
1.009396
0.99391
1.007785
0.9914779
0.9995456
0.9900702
0.9990561
1.007893
0.9946572
0.9995768
1.002879
1.015202
1.010654
0.9976814
0.999639
1.006079
0.9963838
1.026033
0.9987365
1.008044
1.005891
1.000611
0.9946839
0.9882853
0.9973193
1.012431
0.9904361
1.002117
1.004108
1.013619
1.006995
0.9966646
1.016274
1.005534
1.003356
1.000815
1.024792
1.010476
1.007212
0.9978519
0.9958625
0.9962418
1.010122
1.005032
0.9865684
1.023255
0.9879636
1.011958
0.9969818
1.014024
1.005717
0.9903755
1.004953
1.012906
1.014891
1.007594
0.9980607
1.00446
0.9964691
1.01044
1.008926
1.005183
0.9976809
1.009014
1.000084
1.019597
1.011872
0.9978527
1.00359
0.996574
1.010433
1.013184
1.00118
0.9886199
1.002353
0.9992102
1.003333
0.9891027
0.9956832
0.9912597
1.00178
0.994869
0.9823597
0.9965106
0.9993126
0.9932953
1.007617
1.009774
0.9968774
1.007033
1.006612
0.9952376
1.008859
1.011974
0.996073
1.004353
0.9936024
0.9913956
1.007202
1.001962
0.9993619
0.9961574
0.9873191
1.006743
1.006702
1.002008
0.9982591
0.9988749
0.995755
0.9954268
1.019631
1.020099
1.007607
0.9927548
0.9927189
0.9933534
1.005633
0.9961257
1.006162
0.9991749
0.9961088
0.986061
1.003573
0.988597
0.9982414
1.010611
0.9986624
1.013617
0.9912536
0.9977556
0.995648
1.002421
1.000573
1.003329
0.996264
0.9909541
0.9984908
0.9821286
1.000231
1.006916
1.001998
0.9999181
1.008514
0.992768
1.004151
1.006273
1.007595
0.9967563
1.000084
1.008667
1.01352
1.002486
1.007657
1.007373
1.00911
1.00163
1.000893
1.014456
1.002955
1.006171
1.000339
0.9904654
0.9912668
1.002968
1.002899
0.9920716
1.002531
1.018187
1.01187
0.9833343
0.9907859
1.004452
0.9920813
0.9901714
0.9963194
1.008053
1.002712
1.01066
0.9994967
0.9895853
1.02816
0.9973772
1.007212
0.9987078
1.007707
1.000005
0.9963924
1.015907
0.9970958
1.017008
0.995612
1.009213
1.00378
1.002146
0.9859389
1.007066
1.003044
1.00149
0.9929333
1.007296
1.011404
1.011531
1.005713
1.001482
0.9881715
0.987088
0.9959819
1.01442
1.010478
1.006182
1.009231
0.9994383
0.9926801
1.019569
0.9932958
1.009202
1.008341
1.005012
1.006314
1.00953
1.015523
0.9969322
1.017934
1.010874
1.00423
0.9939265
1.006959
1.01788
0.989779
0.9991924
1.027958
0.9893418
1.001725
1.001507
1.00887
1.002025
1.009465
1.011954
1.017283
0.9941756
0.9892087
0.9955934
1.001708
1.0074
1.012992
1.010608
1.01297
1.005812
0.9923891
0.9934467
0.9889468
0.9911806
0.9986918
1.004266
1.00454
1.002472
0.989337
1.012852
0.9930863
0.9941822
1.012614
0.9949083
1.002115
1.002611
1.007427
1.01576
0.9993524
0.9936408
1.000999
0.9921497
0.9981872
0.9951448
1.013822
1.013057
0.9923222
1.015265
1.003382
1.017823
1.004045
1.010075
1.005159
1.015504
1.007499
1.012315
1.003368
1.005755
0.9839413
1.010632
1.001546
1.014173
0.9990364
0.9894193
0.999911
1.008963
1.015915
0.9938356
1.016966
1.013126
1.004477
0.9887492
1.005405
1.00283
1.001009
0.9878153
0.9870055
1.000621
0.9918157
0.9932523
1.010457
1.007491
1.011697
1.00321
0.9898764
1.004789
1.007327
0.9917042
1.012433
1.010343
0.9937383
1.001835
1.011149
1.003117
1.005487
0.9983611
0.9967449
1.008617
1.010352
1.00351
0.9933663
1.009301
0.9901267
0.999137
1.002401
1.00962
1.004483
1.010393
1.008811
1.004701
0.9993213
0.9967175
0.996993
0.9968372
0.9933863
1.011881
1.01345
1.001145
1.007329
0.9992013
1.003868
1.013391
1.005829
1.005959
0.9916971
1.006564
1.002667
1.008437
1.010002
0.9991797
1.014723
1.001188
1.009285
0.9990227
1.016804
1.005194
1.007019
0.9976942
1.003121
0.9980889
0.9971623
0.9993915
0.9870461
1.003005
0.9914902
1.005394
1.01427
1.007749
0.9991856
0.9961282
1.021101
1.002115
0.992659
1.009777
1.001155
1.003013
1.002293
0.9969451
0.9978706
1.004592
0.9838706
1.01006
1.002653
0.9993543
1.006425
1.001555
1.000981
1.003304
1.004368
0.9942136
1.002971
0.9948178
0.9944686
1.010193
1.018582
0.9981106
1.007256
0.9988096
1.008071
1.027217
0.980579
0.9990813
0.9938641
1.005502
0.9932683
1.007129
1.008115
0.9964929
1.007871
1.006384
1.003951
0.9980761
1.004978
0.9980737
0.9927928
1.002436
1.005047
0.9987764
0.9884744
1.003745
1.011557
1.004531
0.9993957
1.007886
1.003015
0.9945515
0.9939164
1.008764
1.000686
1.003995
1.000602
1.013179
1.000678
0.9969238
0.9961714
1.004469
1.002587
1.008849
1.025599
1.009138
0.9814968
1.004464
0.9984043
1.005162
1.002539
1.013374
0.993184
0.9886196
1.006246
1.011914
1.003069
0.9906099
1.008427
1.003177
1.010112
1.002086
1.017728
1.000941
1.002205
0.9904381
1.010487
0.9992326
1.007138
0.9950081
1.015234
1.014907
1.003477
1.009691
1.001041
0.9979085
1.003281
1.011052
1.012746
0.9926267
0.9957948
1.009007
0.9980781
1.007389
1.014297
0.9939192
0.99806
1.025621
1.001107
1.010647
0.9898733
0.997903
1.015806
1.001324
1.004963
1.007258
1.004134
1.000616
0.9939399
1.021739
1.003132
0.996558
0.9932817
1.015554
1.014376
1.017517
1.005336
0.99516
0.9958295
1.010932
0.9950625
1.0145
1.002571
1.006937
0.9882504
1.002245
0.9951165
1.007235
0.9957177
1.00826
1.017908
0.9983901
0.9959059
0.9994994
0.9938677
0.9945204
0.9960032
1.020529
1.003784
1.009547
0.9953284
1.003577
0.9949602
1.008759
0.9894773
1.000327
0.9859016
1.009605
0.9837687
1.007426
1.003927
1.002279
1.011974
0.9941629
1.004488
0.9932383
1.003753
0.9857741
1.000263
1.004779
0.9961995
1.019657
0.9981225
0.9976273
1.012478
1.009796
0.9982252
0.9916071
0.9923415
0.9936325
0.9932758
0.9983943
1.016325
1.015036
0.995598
0.9982166
0.9969044
1.000284
1.007045
1.013841
1.018496
0.9993897
0.9997074
0.9969835
1.015736
1.009395
0.9840085
0.9839583
0.9919018
1.002147
0.9944513
0.994484
1.008948
0.9884317
1.012112
0.9847036
1.009759
1.00721
1.017434
1.014628
1.001362
0.9939244
1.005759
1.003404
1.00098
1.008758
1.011655
1.003758
1.009215
0.9930338
1.001764
1.009293
0.9993589
1.019813
1.008367
1.00028
0.9963405
0.9991238
1.008476
1.003609
1.003672
1.004984
1.019095
1.010157
1.005823
0.9891757
1.016483
0.9966291
1.016152
1.009559
0.9988852
0.993539
1.008975
1.00248
1.005171
0.9911689
0.9947902
0.9896494
1.022226
0.9951065
1.010759
1.01512
0.9993642
1.010418
0.9895381
1.00346
1.005555
0.9950345
0.9965512
0.9933782
1.006657
0.995513
1.011621
0.9967131
1.008392
0.9841447
0.9914913
1.010491
0.9988744
0.9906834
0.9935917
1.002379
0.9875667
0.9887417
1.00673
0.9850985
1.000491
1.001666
1.002516
0.9896723
0.9997043
1.00494
0.989729
1.012648
0.9975027
1.014408
1.003352
0.9957561
0.9947533
0.997982
0.9999498
1.001588
0.997433
1.013371
1.001584
1.013912
1.001909
0.9976885
1.00363
1.000151
0.9925264
1.020225
1.007184
0.995111
1.001156
0.9954035
1.000289
0.9966913
1.009101
1.007858
1.004656
1.004922
1.00203
1.00208
1.001821
1.002916
1.000812
1.006218
1.02691
0.9895463
1.003935
1.029281
1.012911
1.021285
1.007047
0.9964271
0.9832922
1.017494
1.017419
1.000914
0.999105
1.006429
1.000813
1.001599
0.9964099
0.9986128
0.9955257
1.011297
1.007037
1.002143
1.016994
1.008793
0.995447
1.008467
1.009844
0.9946851
1.008472
1.025281
1.003915
0.9969058
0.9963212
0.9953665
0.9926479
1.000462
1.011776
1.005837
1.010131
0.9978374
0.9897985
1.000383
1.01528
0.9912951
1.004711
1.000051
1.005407
1.020497
0.9981797
1.004829
1.011434
0.9990521
1.005992
0.9841473
1.005998
1.014846
1.00139
0.9987248
0.9942437
1.002264
0.9884344
0.9972105
1.010989
1.022415
1.007013
1.007182
1.009372
0.9749421
1.010603
0.994781
1.020374
1.006148
1.00932
1.003189
1.011664
1.016403
0.9879219
1.003452
1.012038
1.001169
0.9878809
1.007992
0.9979699
1.016383
0.998455
0.99145
1.010111
1.005471
1.010434
0.9961725
1.011284
1.005041
0.9863116
0.9981733
0.9959919
0.9930279
1.006672
1.005875
0.9942492
1.003928
0.9990351
1.024295
0.9886101
0.9957614
1.011204
0.9993673
1.013562
1.001936
0.9987364
1.004262
0.9975919
1.005193
0.9888393
1.004226
0.9999843
1.00618
1.003972
0.9958071
1.002907
1.009661
0.9970538
1.007104
1.008631
1.016151
1.009157
1.005541
0.9958317
0.9889247
0.9951461
1.012954
1.0109
0.9997362
1.004325
0.98913
0.9977113
1.001607
0.9989782
1.000954
1.011355
1.007744
1.009429
0.9997914
0.9976091
0.9992213
1.005067
0.9880879
0.9911478
1.009145
1.005688
1.00275
1.000788
0.9930849
1.017728
1.01113
0.9939624
1.003949
1.014521
1.016138
1.006832
1.001004
0.9861178
1.008407
0.9986186
0.9994837
0.9988
1.000599
1.009528
1.010623
1.004167
1.011843
0.9992601
0.9987148
1.001491
1.005537
0.9997356
1.010053
1.006711
1.005276
1.014923
1.000432
1.003014
0.9907755
0.9996161
0.9985144
1.0137
1.006786
0.9898501
1.004289
1.010937
0.993271
0.996586
0.991795
1.005781
0.9995436
0.9887171
0.986952
0.9959934
0.9954588
1.008237
1.009308
0.9895673
1.003967
1.005417
0.9965871
0.997836
0.9890264
1.000524
0.9846885
0.9887239
1.00559
0.9994103
1.008081
1.006565
1.007795
1.011226
0.9905075
0.9851368
1.003655
1.013821
0.9830569
1.009146
1.010191
1.006089
0.9988569
1.008543
0.9934511
0.9949618
0.9967292
0.9868912
0.993404
0.9944026
0.9928921
0.9920878
1.022457
1.008091
1.01144
1.000872
1.009643
1.013744
0.9878966
0.9990654
1.005072
1.004435
1.007366
1.012857
1.011123
0.9881392
1.015537
1.004287
1.00659
0.9961904
1.003924
0.991354
1.013972
1.002105
1.001286
1.003477
1.006282
0.9985126
1.006873
1.012976
1.001236
1.001465
0.9998877
1.009978
1.007852
0.9981414
1.012462
1.003049
1.004923
1.008689
1.014474
0.988574
0.9819394
1.005505
0.9924917
0.9932687
1.006008
0.9966028
1.004239
0.9919535
0.9924375
1.000921
1.000129
1.00744
1.012631
1.007385
1.006728
1.008009
0.987432
1.004966
1.005554
1.002713
0.9960159
0.9922637
0.999681
0.9976059
1.004809
0.9911756
1.013133
1.01783
1.005272
1.009017
0.9891086
1.009398
0.9807758
0.9919027
0.9916423
1.002869
1.001644
1.003876
1.003586
1.004802
1.015538
1.003791
1.015064
0.9996741
1.005042
1.000249
1.007992
1.006685
1.010212
0.9982534
0.9998538
1.007195
1.008979
1.003637
1.002594
1.001787
1.006774
1.000463
1.007773
1.015022
1.002225
1.00025
0.9905053
0.9863706
0.999429
1.004518
1.005492
1.008634
0.9944124
0.9912493
0.9960632
0.9930988
1.004921
0.9956875
1.010477
0.988067
0.9917838
0.9967109
1.010571
1.005748
0.999207
1.008379
1.006032
1.010723
0.9979979
1.008762
1.005819
0.989515
1.001179
1.005076
1.018694
1.010098
0.9956493
1.023352
1.008387
1.006886
0.9918414
0.9905901
0.9974732
1.012016
1.009079
1.003607
0.9981288
1.003245
0.9931181
0.9961098
1.005211
1.011354
0.9991779
1.006765
1.001812
0.9926751
1.009089
0.994468
0.988116
1.000804
1.011667
1.007487
0.9938015
1.014294
1.018342
1.011581
1.011568
0.9987392
1.000225
1.007405
0.9942103
1.002132
0.9858214
0.9980941
1.001478
1.001225
0.9961239
