0.02591313
0.02502932
0.01952515
0.02053624
0.01969196
0.02174413
0.01919364
0.017782
0.0235222
0.01454986
0.01716782
0.01986855
0.0243416
0.02562818
0.02895744
0.01796122
0.02147955
0.01935102
0.01781095
0.01665311
0.01956495
0.01935815
0.0173805
0.01631503
0.02659741
0.0235911
0.01893301
0.02052147
0.02070671
0.02231458
0.01713715
0.01889051
0.02533255
0.02283065
0.02411163
0.02061549
0.01923825
0.02077984
0.01853324
0.02473382
0.01796165
0.01957292
0.01619091
0.01700507
0.01236902
0.01525676
0.01680121
0.02084435
0.02031755
0.02452962
0.02413386
0.0192333
0.03018784
0.02319456
0.0212927
0.01906649
0.02026124
0.01708179
0.01773898
0.02109974
0.01755978
0.01698117
0.02224531
0.01638122
0.01861666
0.02259412
0.01933006
0.02017077
0.01792163
0.02107357
0.02294392
0.02189441
0.01904924
0.01955039
0.02080828
0.02509726
0.02041003
0.01536601
0.01959115
0.01961402
0.02436782
0.02104531
0.02293767
0.01951085
0.0146253
0.01522689
0.01581775
0.02074484
0.02064518
0.01679834
0.01868045
0.02558694
0.02082944
0.02176261
0.01701475
0.01613096
0.01851874
0.01600335
0.01569653
0.01767215
0.02106273
0.02344759
0.02204058
0.02762852
0.02335205
0.02131686
0.0177156
0.01658092
0.01529882
0.02044132
0.01817601
0.01603866
0.02001858
0.0187109
0.02064981
0.02343482
0.01579974
0.02224555
0.01918914
0.02258273
0.02246599
0.02063134
0.02071769
0.0190032
0.02151774
0.01800312
0.02083342
0.01899793
0.01824733
0.02318714
0.01965897
0.02155869
0.01944558
0.02324453
0.02491997
0.02163677
0.0224647
0.02272375
0.02159033
0.02046902
0.02365518
0.0228605
0.02073766
0.01860577
0.01901781
0.01668511
0.02226206
0.02010284
0.02368914
0.01720443
0.02334605
0.01886144
0.01953683
0.02188724
0.02106588
0.01997527
0.02457742
0.02046168
0.01743369
0.02548401
0.02201008
0.02434111
0.02401681
0.02666405
0.03000055
0.02805221
0.02378441
0.02248387
0.02016916
0.01701498
0.02101958
0.01755836
0.02139201
0.02007725
0.0187637
0.01906386
0.01944235
0.02148961
0.02249968
0.01825862
0.019838
0.0233942
0.0199913
0.01865715
0.01778657
0.01688649
0.01745037
0.01517869
0.0163987
0.01999002
0.01852061
0.01699029
0.0183808
0.01801811
0.01899869
0.02214153
0.02620849
0.02197197
0.01997694
0.02558405
0.02250063
0.02582289
0.02284467
0.01915085
0.02674435
0.02098536
0.02383068
0.02362139
0.01804469
0.02315347
0.02164466
0.02274848
0.01963971
0.01598463
0.01580684
0.02443735
0.01902326
0.01803276
0.01668352
0.01945584
0.02111559
0.02095122
0.019611
0.02004857
0.01715601
0.01759064
0.01926776
0.02085107
0.01645008
0.02270655
0.02305645
0.02228898
0.01862567
0.02037525
0.01923336
0.01675049
0.02094088
0.01847948
0.01676206
0.02296309
0.02070658
0.02002547
0.0191024
0.01911612
0.02315485
0.0238049
0.01916475
0.02017053
0.0195439
0.01809928
0.02059189
0.02320477
0.02123899
0.01658938
0.01983916
0.0182518
0.01749616
0.01880254
0.01928631
0.01657165
0.01938615
0.02160866
0.0220286
0.02381188
0.02266203
0.01656193
0.01761613
0.01659643
0.01724596
0.02047363
0.0176543
0.01889279
0.0176152
0.01515252
0.02127235
0.02211919
0.02222646
0.02100043
0.02305266
0.02232048
0.01440716
0.01784952
0.02226719
0.01932641
0.02170483
0.01954057
0.02055223
0.01921355
0.02205377
0.02661571
0.02612819
0.02704099
0.02231903
0.01715056
0.02057505
0.01634027
0.02103703
0.01717934
0.02006946
0.02199078
0.02219205
0.02118562
0.01842737
0.01630079
0.01659711
0.01981287
0.02309107
0.02916282
0.02238523
0.01973483
0.02525049
0.02573676
0.01725785
0.0188378
0.01871922
0.01578568
0.01898477
0.02160646
0.0231591
0.02546811
0.02654769
0.01965414
0.01735447
0.01837148
0.01827516
0.01718184
0.02003051
0.02353266
0.02298949
0.01820083
0.01449681
0.01748734
0.02285934
0.01793124
0.0246843
0.02335375
0.02451209
0.02760724
0.01899853
0.01650561
0.02289583
0.01898222
0.01735177
0.01970837
0.02138626
0.01883126
0.02177551
0.0212053
0.01882754
0.02556475
0.01697545
0.01827617
0.01665551
0.01993831
0.01875849
0.02022005
0.01487836
0.01573722
0.01888664
0.01549075
0.01857961
0.01696277
0.02024174
0.01822757
0.01673188
0.01825786
0.02643095
0.01893019
0.02226158
0.02274831
0.02113903
0.02114952
0.01886627
0.01889029
0.02059604
0.02090511
0.02116621
0.02211156
0.02317731
0.0261373
0.01953194
0.02365307
0.02150254
0.02165224
0.02064468
0.02605221
0.02155435
0.01841256
0.01863616
0.01691148
0.0197728
0.01594802
0.01669801
0.01956696
0.02537785
0.01918671
0.01852709
0.01978484
0.0227928
0.02363481
0.02096293
0.01973345
0.02072712
0.0197329
0.02047331
0.01941722
0.0201241
0.02304265
0.0218285
0.01721562
0.01743491
0.01500291
0.01833478
0.02146618
0.02256892
0.02298885
0.02755527
0.01988912
0.01800074
0.02085412
0.01696598
0.0181304
0.01881943
0.01865458
0.01731172
0.02068675
0.02271275
0.02150229
0.02475558
0.020637
0.0207291
0.02664648
0.02402606
0.01916936
0.02469918
0.02693893
0.02087332
0.01964572
0.02137473
0.01634725
0.02033372
0.02512542
0.01772628
0.01766563
0.0228227
0.01965064
0.02186989
0.02057407
0.01354111
0.01902644
0.02092884
0.0203161
0.01985962
0.02378585
0.02046869
0.01733801
0.01759414
0.0175348
0.01653387
0.02245134
0.02453405
0.02384043
0.02250692
0.02039761
0.02336466
0.02389384
0.02203475
0.0236611
0.01851075
0.02428347
0.01969804
0.01870087
0.0244039
0.02059651
0.02379205
0.02339151
0.01816407
0.0216033
0.02005599
0.02383215
0.01943622
0.01535422
0.0201469
0.02077252
0.02020599
0.02134183
0.01626126
0.0224524
0.02363724
0.0238562
0.0237173
0.02448503
0.02372756
0.01747882
0.01924639
0.01877509
0.01993042
0.018699
0.02006935
0.01960633
0.02025814
0.02228306
0.02503533
0.01514897
0.01651413
0.02060067
0.01939296
0.02089215
0.02015201
0.01896069
0.01965694
0.01745098
0.01633645
0.0220936
0.02382839
0.02007484
0.01879716
0.02121716
0.01642207
0.02083861
0.02104179
0.019839
0.02167047
0.01999296
0.02121507
0.01803861
0.01927951
0.02267388
0.02586736
0.02308818
0.02434738
0.02174136
0.02146709
0.01995762
0.02003002
0.01897472
0.0198907
0.01959118
0.01963152
0.02056296
0.01813395
0.01824625
0.02902276
0.02197226
0.01955051
0.01669669
0.01735945
0.02205127
0.02468232
0.01760079
0.01711142
0.01517935
0.0191183
0.02085776
0.02239411
0.01904114
0.02304359
0.0259184
0.01473696
0.01753539
0.01910995
0.02125061
0.02222789
0.02038768
0.02045572
0.01933873
0.02659064
0.01909253
0.02499809
0.02271852
0.02015634
0.01611898
0.02040539
0.02108646
0.02168715
0.02183313
0.02139005
0.02123487
0.01264629
0.01682448
0.02028642
0.01721135
0.01687838
0.02113456
0.01930323
0.01834195
0.01895687
0.01866617
0.02256703
0.01894951
0.02063332
0.02084695
0.01667529
0.01709846
0.01859307
0.02036877
0.01869087
0.01624673
0.01928945
0.02370931
0.02351867
0.02029808
0.0203768
0.0192938
0.01889141
0.02008894
0.01958263
0.01528533
0.02413096
0.01933024
0.01442767
0.01658252
0.01738477
0.01999891
0.02339455
0.01904598
0.0189124
0.01915283
0.01841334
0.01673464
0.0179404
0.02282637
0.0256397
0.02302543
0.02500591
0.02294336
0.0216128
0.0152475
0.02067114
0.01728309
0.01652241
0.01892489
0.01702942
0.02158036
0.0178742
0.02021386
0.01760335
0.01641835
0.01799219
0.02092021
0.02160059
0.02771764
0.02204093
0.01829359
0.02035795
0.01973246
0.01822435
0.01646867
0.02379665
0.01698264
0.01900341
0.02223764
0.0209508
0.01948909
0.01642026
0.02041566
0.01974459
0.01805236
0.02293556
0.01855622
0.02194316
0.02345303
0.02019408
0.02432595
0.02128918
0.01915017
0.02195302
0.02301216
0.02061308
0.01585605
0.0188682
0.02066014
0.01990571
0.01956058
0.01769033
0.01613721
0.01840852
0.02286072
0.0217267
0.02225581
0.02368
0.02186103
0.0194531
0.02517855
0.01982394
0.02422349
0.02530995
0.02520474
0.02533791
0.02172023
0.01718121
0.01712894
0.01584204
0.01876619
0.01808122
0.02022362
0.02260493
0.01973526
0.01593801
0.02215864
0.02427463
0.02492374
0.01792489
0.01606735
0.02430653
0.01746517
0.01942789
0.01652211
0.02472965
0.01992807
0.02527681
0.02380478
0.02250193
0.01891763
0.02226328
0.02253986
0.0175247
0.0183885
0.0192474
0.0166271
0.01777131
0.01873782
0.02173037
0.02001787
0.01982271
0.01886011
0.01801909
0.02031111
0.02084259
0.02212949
0.01924173
0.01779953
0.01962268
0.01681167
0.02203697
0.02098602
0.01898922
0.02246511
0.01764355
0.01937495
0.01731879
0.01882671
0.01789228
0.0263636
0.02191538
0.02151536
0.01919513
0.0167053
0.01903008
0.02045923
0.02313044
0.02411536
0.01709675
0.02175518
0.01957613
0.02173609
0.02282413
0.02096991
0.02157152
0.01671249
0.01481501
0.01370247
0.02081976
0.02017296
0.01884167
0.01815006
0.01655601
0.01329899
0.01295696
0.01773989
0.01876621
0.02166608
0.02414737
0.02296284
0.02344533
0.0260394
0.02038713
0.01813991
0.0159508
0.02007417
0.02062086
0.01827433
0.02292511
0.0234688
0.01845908
0.02128304
0.02252332
0.01762774
0.0195553
0.01934172
0.02300194
0.01654106
0.01828621
0.01902902
0.01773531
0.01989324
0.01987741
0.02100296
0.02008311
0.01680013
0.0162336
0.01671834
0.01971372
0.01733839
0.01893425
0.01403412
0.01664065
0.01864574
0.01862678
0.01616322
0.01589114
0.01805481
0.02011386
0.01907949
0.01871367
0.01767991
0.01384711
0.0247875
0.01914433
0.02064976
0.02092484
0.01710317
0.01932843
0.02384979
0.01974962
0.02295585
0.02018683
0.02055957
0.01750845
0.01956996
0.02207749
0.0182327
0.01987516
0.01963504
0.02062329
0.01847355
0.01931799
0.01878911
0.02221257
0.02139589
0.02151881
0.01927501
0.02285976
0.02218649
0.01747941
0.02043689
0.02152925
0.02417241
0.01684573
0.02480606
0.02013789
0.02106585
0.02019229
0.01972673
0.02366176
0.0180493
0.02321358
0.02369258
0.01959705
0.02252725
0.01745285
0.02193255
0.0178384
0.01941248
0.01815557
0.02027512
0.01928337
0.01937553
0.01858672
0.02080124
0.02085721
0.01967003
0.02394606
0.01699182
0.01649078
0.01738107
0.0203863
0.01659986
0.01549217
0.01435456
0.0205914
0.01757491
0.01956267
0.01999109
0.0234108
0.02182243
0.02162078
0.02340071
0.02098872
0.02265761
0.02113132
0.02167219
0.02589092
0.02357131
0.02007957
0.01561327
0.01823885
0.02172798
0.02361027
0.02256204
0.01745703
0.02306685
0.01922894
0.02108053
0.02357598
0.02008139
0.02440871
0.02544478
0.01760335
0.019861
0.01961622
0.02178429
0.02515139
0.02081075
0.02504887
0.01946586
0.01896436
0.02414234
0.02237017
0.01959024
0.01622303
0.01647992
0.02060046
0.01908526
0.0193825
0.02105822
0.02186128
0.02356441
0.02042378
0.01774949
0.01519585
0.01691901
0.01478058
0.01790205
0.01772408
0.02212988
0.01673548
0.02092502
0.01974227
0.02255091
0.02058012
0.02177397
0.01981087
0.01529381
0.02005185
0.01525903
0.01746014
0.02424924
0.02421417
0.0228605
0.01855043
0.02236099
0.02071795
0.01671706
0.02474586
0.01792354
0.01724352
0.01741712
0.02572948
0.01809369
0.01738341
0.02329384
0.02390435
0.01951471
0.02043284
0.01885121
0.02381984
0.02015039
0.01883405
0.01941988
0.01688994
0.02343241
0.01692574
0.02004759
0.0129079
0.0207054
0.01942114
0.01620968
0.02228916
0.01478453
0.0176121
0.01602453
0.01927623
0.018475
0.02369476
0.01858787
0.02251358
0.02214182
0.01788149
0.02074272
0.02064642
0.01742548
0.02030218
0.01997638
0.02202085
0.02001502
0.01942931
0.01979479
0.01885943
0.01760339
0.02129366
0.02315497
0.0194021
0.02367788
0.01732744
0.02171722
0.02009914
0.01823486
0.01788762
0.01900842
0.02300875
0.02119788
0.01739475
0.0233395
0.02006437
0.02331953
0.02229224
0.0179808
0.02420785
0.02360375
0.02389569
0.01754934
0.01999022
0.01758635
0.01872882
0.01844132
0.02019372
0.02118353
0.0320307
0.02413932
0.01939947
0.02278941
0.02107908
0.02254808
0.02255096
0.02086095
0.02421836
0.02073456
0.02077375
0.02189685
0.0195384
0.01663056
0.01621003
0.01603955
0.01374759
0.01562387
0.02050443
0.02006998
0.01780294
0.01880622
0.01877622
0.01759229
0.0213566
0.01830089
0.01511502
0.01886301
0.01729296
0.02018076
0.02099747
0.02092997
0.01709976
0.01606149
0.01960029
0.01730721
0.01215894
0.01848863
0.01939428
0.02038044
0.02292223
0.02297882
0.02585608
0.02542988
0.02302705
0.01801193
0.01934215
0.02116975
0.01940767
0.02112041
0.02276675
0.02859964
0.0292098
0.01894009
0.02530628
0.02494761
0.02399325
0.0255286
0.02238046
0.01872472
0.01993911
0.02148275
0.01789219
0.01845096
0.02379336
0.02009104
0.0160137
0.0203136
0.02363493
0.01911588
0.021675
0.01880903
0.01815671
0.02445513
0.02041936
0.01936016
0.01658472
0.01815068
0.01909094
0.01930283
0.0247262
0.02277284
0.02021192
0.01732263
0.02157607
0.01725274
0.02005213
0.01885089
0.02400171
0.02178647
0.02255626
0.01963996
0.0205594
0.02256061
0.02220678
0.02245544
0.02262712
0.01821642
0.02070831
0.020555
0.01960527
0.02184584
0.0178701
0.02334983
0.01945382
0.02306363
0.02453122
0.01961292
0.02107965
0.01853539
0.01982561
0.02150971
0.02082697
0.01822139
0.01977162
0.0183981
0.02428589
0.01906426
0.0200134
0.01821573
0.02030817
0.02172031
0.01960372
0.02524946
0.01908376
0.02173759
0.02230327
0.02317114
0.01892363
0.0177343
0.0236642
0.02226708
0.01810777
0.01899556
0.02135199
0.02116831
0.01536302
0.02099102
0.02164056
0.02228659
0.02144776
0.02266565
0.02091455
0.02002846
0.01624546
0.01815034
0.01852564
0.02085489
0.02021296
0.01731056
0.01774764
0.02221494
0.02032701
0.02200464
0.02469792
0.0247465
0.01846965
0.02021704
0.02194202
0.01968196
0.01876213
0.02216028
0.02405033
0.02257761
0.01919339
0.01985828
0.02318069
0.0202438
0.02225231
0.01859463
0.01592911
0.02179958
0.01749087
0.01977555
0.02386256
0.0216039
0.0240645
0.02005753
0.02215483
0.01968459
0.02357526
0.02312364
0.02170636
0.02069364
0.02041672
0.01824785
0.02203636
0.01857104
0.01862782
0.0198097
0.01938462
0.02035207
0.01937537
0.02329331
0.02135339
0.0188835
0.01778723
0.01969073
0.02011899
0.01893292
0.01985455
0.0184787
0.01795271
0.02294487
0.02302737
0.02124346
0.01910647
0.02520214
0.02285539
0.01994876
0.01758204
0.01753209
0.01945477
0.0204733
0.01882185
0.02179769
0.01876141
0.0212319
0.01752508
0.01823629
0.0174389
0.01869862
0.02156765
0.02203416
0.0239849
0.02006589
0.02371571
0.0190672
0.01534985
0.01708461
0.01795758
0.02036776
0.02396015
0.02025437
0.02085172
0.01841976
0.02032893
0.01979389
0.01417762
0.01994036
0.02434772
0.02215559
0.0222416
0.02472359
0.0189577
0.01777919
0.01852805
0.01816894
0.01958672
0.02145352
0.02052427
0.01655547
0.01841175
0.01944372
0.02597509
0.02660338
0.01943012
0.02037024
0.02039091
0.01926755
0.02363514
0.01746477
0.01579107
0.0163494
0.01966925
0.01602243
0.0223905
0.01696585
0.01733329
0.01847495
0.01907833
0.02318842
0.02456187
0.02246788
0.01759884
0.01708256
0.0280514
0.01698389
0.02007102
0.02014028
0.01961373
0.02183378
0.02219895
0.0219281
0.01868188
0.0157782
0.01817121
0.01730331
0.02021252
0.01946017
0.02130381
0.01950514
0.02047588
0.02407119
0.01720213
0.01876566
0.01779134
0.01944055
0.01733429
0.02435098
0.02382354
0.01701486
0.0173365
0.02309828
0.01897946
0.01826808
0.01910555
0.01853672
0.01646634
0.01933171
0.02456912
0.01720346
0.01762316
0.01853892
0.01890173
0.02237935
0.01748852
0.01914923
0.02318989
0.02076507
0.02077677
0.02007507
0.01410888
0.02508981
0.01985455
0.0203641
0.02245183
0.02192716
0.01818136
0.02046423
0.02320819
0.01766966
0.01832114
0.01834993
0.02058365
0.01707736
0.01875629
0.01447755
0.02139032
0.02145221
0.02042296
0.02209792
0.0236117
0.02103837
0.01958185
0.02086336
0.01698542
0.02092934
0.02530031
0.02262935
0.01950586
0.02232505
0.01947935
0.01827964
0.01906847
0.02326181
0.02154656
0.02203888
0.01939308
0.01905234
0.01845672
0.01982113
0.01810219
0.02459965
0.01958111
0.01920721
0.01932539
0.01771345
0.01897759
0.02060813
0.0155167
0.01662846
0.02068122
0.01917216
0.02376412
0.02054574
0.02067862
0.02170657
0.0189354
0.02040766
0.01960617
0.01964721
0.02185912
0.01752488
0.01809658
0.02096283
0.01781879
0.02008357
0.02108157
0.02145593
0.0190901
0.02249585
0.02178592
0.01504597
0.0173289
0.01775265
0.02130351
0.0229198
0.01863396
0.01934409
0.02142827
0.02455319
0.02259876
0.01892046
0.021804
0.02102317
0.02179992
0.02130973
0.02164006
0.02253602
0.02081708
0.02366106
0.02254405
0.02826527
0.02645652
0.01885564
0.01661488
0.0177206
0.02083191
0.01780341
0.01612654
0.01752259
0.0161801
0.01823037
0.02176071
0.02082495
0.0190456
0.02038519
0.02036736
0.02519833
0.02205997
0.01825951
0.01725311
0.0189765
0.02188623
0.01829044
0.0160743
0.02437892
0.02275808
0.02155407
0.02102858
0.01970133
0.02146647
0.01964649
0.01710272
0.02585023
0.01604493
0.01776884
0.02738531
0.01872589
0.01728863
0.02743425
0.02270676
0.02147742
0.02205077
0.02932092
0.01981313
0.02367907
0.02550432
0.02316633
0.02235534
0.02217
0.02048265
0.01803093
0.01986352
0.01831956
0.01840011
0.02579974
0.01845305
0.02386876
0.02491364
0.01538008
0.01926263
0.01757527
0.01965137
0.02369444
0.02401094
0.02610543
0.01886473
0.01550174
0.02353182
0.02128322
0.02125784
0.02250984
0.01920508
0.02059619
0.02256505
0.01938002
0.01581545
0.01658004
0.01455594
0.01731521
0.02189227
0.02320314
0.02139075
0.02340475
0.01849467
0.01602058
0.0195414
0.02344541
0.02105527
0.02176292
0.02001039
0.01975377
0.02353287
0.0213918
0.02151038
0.02034091
0.0144376
0.02013772
0.01877435
0.0231035
0.01663298
0.02457119
0.02078857
0.02009854
0.02065515
0.02073071
0.02247275
0.02023816
0.02243061
0.01902305
0.01624106
0.01754114
0.02483626
0.01715068
0.01885405
0.01770156
0.01914702
0.01649313
0.01700884
0.02286229
0.02207347
0.02238164
0.0210323
0.02162152
0.02065398
0.0195908
0.01762334
0.02030263
0.0191814
0.01972004
0.01557128
0.01886994
0.02036834
0.02523216
0.0196756
0.0219268
0.0231383
0.0187935
0.02104324
0.02126263
0.01808401
0.02088057
0.01583691
0.01808043
0.01884675
0.01654907
0.01551182
0.01604288
0.02481186
0.02435415
0.02351711
0.018248
0.02156268
0.02217954
0.02176996
0.02004035
0.02214988
0.01960937
0.01887583
0.01880617
0.01559902
0.02336814
0.02186666
0.0283666
0.02166875
0.0180556
0.0181599
0.02016017
0.01961433
0.01679534
0.01879505
0.01868215
0.01825165
0.02061463
0.01876203
0.02084984
0.02108387
0.01580728
0.02012941
0.01764221
0.02119742
0.01920254
0.01568505
0.02026621
0.02554492
0.02382482
0.02132334
0.01878789
0.01980029
0.01552877
0.01904827
0.01739831
0.02046686
0.0166451
0.02138282
0.01600821
0.02063332
0.02228159
0.02018447
0.01850037
0.02401991
0.02236034
0.02454089
0.0195713
0.02022513
0.02381038
0.02591456
0.02169013
0.02013657
0.01491054
0.01857508
0.02041067
0.02041877
0.01550858
0.02421026
0.02083735
0.01773998
0.02023987
0.02333636
0.02452497
0.0192231
0.02313525
0.02540477
0.02042235
0.01944803
0.02122721
0.02211096
0.01674118
0.01723369
0.02300751
0.0200192
0.02492927
0.02024899
0.01910465
0.02064183
0.0207708
0.01748189
0.02193074
0.023648
0.01560059
0.01912709
0.01917415
0.01944664
0.01580095
0.01873157
0.02282525
0.01721204
0.02263525
0.01965068
0.02082575
0.01807949
0.01731604
0.02028998
0.02038451
0.01505802
0.02033801
0.02529831
0.02079984
0.01990363
0.01955086
0.01827179
0.02134763
0.02022641
0.01660586
0.02066166
0.02050765
0.02174038
0.02127702
0.02184256
0.02173889
0.01880622
0.0222338
0.01715594
0.01914152
0.01850219
0.0238786
0.01860412
0.0248548
0.02535971
0.02177772
0.01945311
0.0211475
0.02389177
0.02306324
0.02491809
0.02228248
0.02234546
0.01578297
0.01813846
0.01835292
0.020371
0.01966995
0.01942998
0.01670344
0.02263926
0.01768791
0.02147821
0.01782297
0.02271483
0.01933563
0.0202389
0.01803981
0.01523043
0.02226277
0.01691434
0.01753336
0.01654813
0.01923988
0.01836272
0.02130105
0.01513701
0.01893107
0.01996688
0.01693879
0.01862459
0.02326338
0.02092961
0.01969676
0.01779411
0.01889403
0.02117574
0.02208713
0.01567143
0.01693896
0.01853534
0.02407281
0.01764727
0.01950208
0.01961289
0.01849185
0.02389081
0.02092785
0.02047433
0.01778126
0.02075458
0.01941741
0.01705654
0.01864996
0.02076397
0.01744153
0.02160612
0.02354074
0.02632736
0.01771422
0.02029755
0.02314304
0.02242851
0.02493475
0.02166475
0.01752111
0.01530899
0.01693096
0.02041165
0.02045081
0.02006292
0.0187286
0.02241659
0.0235345
0.02475079
0.02276245
0.02135088
0.02083588
0.0167454
0.01891871
0.01568556
0.02054666
0.01582604
0.02265666
0.01598531
0.01382786
0.02414316
0.02455756
0.02226433
0.02069825
0.01732269
0.02002871
0.02964652
0.02512971
0.02130604
0.01993667
0.01933376
0.01655535
0.01969006
0.02070928
0.02026317
0.02203325
0.02017592
0.01885521
0.02032834
0.02834127
0.01973116
0.02102984
0.01739399
0.02309684
0.02528664
0.02403035
0.01886803
0.01781292
0.02678884
0.02052616
0.02163026
0.01890985
0.01881325
0.02167386
0.02019009
0.02601091
0.01928665
0.02367538
0.02327717
0.02177141
0.01862383
0.02052473
0.02438978
0.02231042
0.01537291
0.01698266
0.02334476
0.02500181
0.01794008
0.01614895
0.02300632
0.01773354
0.02416827
0.02147847
0.0239593
0.01869278
0.01625225
0.0230724
0.0235333
0.0244189
0.02846958
0.02115069
0.02334053
0.02072401
0.02409354
0.02083207
0.01741913
0.02169164
0.02164954
0.02319419
0.01510138
0.02054169
0.01565065
0.01851731
0.02241222
0.02297268
0.02213665
0.01953341
0.0228185
0.01602947
0.01917648
0.02059939
0.02066959
0.02023973
0.02269858
0.02289821
0.02178733
0.02183828
0.02039846
0.02022716
0.01820025
0.02022548
0.0184801
0.01735554
0.01826796
0.02172159
0.01770878
0.01605898
0.01558383
0.0179082
0.02127233
0.02087553
0.02135923
0.0303047
0.02105544
0.01954985
0.0242373
0.01845789
0.02014531
0.02166235
0.01738985
0.02120646
0.02010728
0.01955602
0.01813802
0.02070009
0.0235416
0.02010575
0.02548692
0.02067672
0.02534629
0.02313322
0.02010015
0.01586687
0.0145482
0.01787911
0.01822457
0.01908246
0.0206903
0.02269121
0.0212908
0.02179499
0.01826927
0.02199853
0.01918473
0.02060214
0.01604305
0.0221164
0.01940252
0.02321564
0.01614078
0.0182285
0.01903234
0.01524661
0.0223468
0.02231994
0.01712141
0.01653877
0.02429147
0.02126519
0.02390967
0.02053761
0.02464662
0.01802959
0.01630699
0.01610667
0.02270238
0.02692349
0.02529547
0.02577512
0.01694517
0.01911045
0.01909624
0.02336583
0.02257857
0.02474578
0.01983658
0.01908841
0.01830497
0.02044091
0.02284103
0.02196157
0.01939307
0.02432419
0.02073325
0.02319112
0.02037764
0.01858581
0.02136778
0.01699997
0.02141583
0.02307194
0.02315897
0.02050413
0.01851856
0.01957894
0.02202383
0.02166604
0.01956164
0.01938609
0.01734318
0.01723739
0.01855899
0.01660903
0.01369309
0.01717322
0.02340384
0.01722095
0.02167977
0.02185906
0.01521176
0.02417125
0.0242556
0.01938108
0.01959384
0.01775815
0.02072371
0.01635211
0.02045484
0.01872594
0.01788909
0.01909202
0.02153638
0.02315447
0.01861728
0.01962901
0.01912661
0.02283126
0.01733617
0.0238499
0.02042477
0.02270314
0.01977683
0.02361648
0.02149088
0.02150498
0.01980703
0.0284833
0.02100013
0.02237598
0.02121238
0.02073138
0.02342598
0.02472193
0.02022187
0.01994715
0.02149699
0.01942774
0.01989558
0.01869096
0.02199957
0.02039782
0.02292878
0.02036342
0.02526245
0.0195452
0.01864557
0.0198515
0.01869356
0.01991371
0.01976627
0.02295317
0.02182261
0.01962911
0.01853272
0.01717834
0.01726533
0.0191394
0.01617234
0.01726421
0.02190752
0.01998542
0.02209567
0.02508794
0.01908158
0.01740369
0.02250784
0.01971782
0.01964727
0.02302154
0.02028354
0.02290999
0.02630626
0.01587461
0.01908748
0.02013146
0.01888791
0.01784304
0.02154164
0.02016526
0.02051667
0.02038885
0.02488362
0.02346638
0.02127722
0.01855936
0.02102307
0.02087867
0.02269338
0.02184408
0.02284676
0.02307299
0.02526868
0.02343572
0.02398532
0.01905138
0.02039159
0.02228683
0.02023819
0.01840231
0.01614309
0.02053497
0.01796357
0.01636315
0.02172071
0.02095091
0.02086227
0.02185173
0.02346566
0.02112553
0.02454063
0.02465485
0.0183982
0.01718203
0.01728256
0.0190877
0.02210692
0.01931572
0.02275332
0.02090846
0.01866058
0.02064645
0.01715566
0.01805157
0.01833109
0.01817302
0.01713647
0.01706722
0.02895264
0.01753879
0.016941
0.01798821
0.02150573
0.01760239
0.0196332
0.01969117
0.01700482
0.01953584
0.02273266
0.02183182
0.02467463
0.01942278
0.02064844
0.02025125
0.02041072
0.0203793
0.02077224
0.01933932
0.02014423
0.01652615
0.02072089
0.02267004
0.02102383
0.02133769
0.02315413
0.01715036
0.0205761
0.02246622
0.0211013
0.01823768
0.01956532
0.01390376
0.01674092
0.01551787
0.01188898
0.01784391
0.02059214
0.01819627
0.01769657
0.0190117
0.01967369
0.02192889
0.0273512
0.02183217
0.01959125
0.02059589
0.01884003
0.01765172
0.01923692
0.02200248
0.02300197
0.02011533
0.0254041
0.01836944
0.01998657
0.0281546
0.02044439
0.02246186
0.01940057
0.01934042
0.02572326
0.02170985
0.02184118
0.02008143
0.02002708
0.01897555
0.0172342
0.02321465
0.01945238
0.02045828
0.01925659
0.01660021
0.02355814
0.02047796
0.01942112
0.02394233
0.02159175
0.01952736
0.02590666
0.02648312
0.02259424
0.01945015
0.01999295
0.01894251
0.01808461
0.02305287
0.01585141
0.01677217
0.017652
0.01584187
0.0205607
0.02260299
0.02282926
0.02387221
0.02272623
0.02090722
0.01909153
0.01748926
0.02077717
0.01861599
0.02002349
0.02054919
0.02289052
0.01828104
0.01771528
0.02144688
0.02048687
0.02184583
0.02017822
0.02014576
0.01739261
0.02386104
0.02010637
0.02390409
0.02032785
0.01928204
0.01463036
0.02266081
0.01740431
0.0214245
0.02194003
0.01828802
0.01712857
0.01478044
0.01686401
0.01576253
0.02005015
0.01927675
0.03065738
0.03030042
0.01792204
0.02291644
0.02313146
0.02105106
0.02243114
0.02316424
0.02039972
0.02244524
0.02406076
0.01802245
0.01997731
0.0198469
0.02263171
0.01732293
0.01898947
0.0236345
0.01674675
0.01736933
0.02125784
0.01799523
0.01807192
0.01883953
0.01662845
0.01841255
0.01803339
0.01655857
0.01847499
0.02136792
0.02210703
0.02350587
0.01796411
0.01928141
0.01690222
0.0173389
0.01945607
0.01866715
0.01693295
0.02552741
0.02319028
0.02056323
0.0141507
0.01894721
0.02291599
0.02656815
0.02217898
0.0216072
0.02439437
0.02251651
0.01796612
0.0219398
0.02015185
0.01923232
0.02141081
0.01948222
0.02269762
0.02235495
0.02236322
0.02504529
0.02322576
0.02105976
0.02929247
0.0190029
0.02061086
0.01829138
0.02236538
0.01747186
0.02166118
0.01705193
0.02693532
0.02691436
0.02011504
0.02591076
0.01710449
0.01692478
0.01701796
0.02178176
0.02549901
0.01817407
0.02022935
0.01814093
0.01885222
0.01838912
0.02336732
0.02716654
0.02550144
0.02451104
0.02231286
0.01879621
0.02452615
0.01845332
0.02006141
0.02447222
0.02435359
0.0189851
0.02051351
0.01905427
0.01883243
0.01911934
0.01765335
0.02071344
0.01955061
0.02199983
0.01741594
0.02027464
0.02200462
0.01799531
0.01831779
0.02090446
0.01923098
0.0251238
0.02637965
0.01920802
0.01815965
0.01786934
0.02136911
0.02227582
0.02343846
0.02084696
0.01874174
0.01435949
0.01803011
0.01815788
0.01585682
0.02065455
0.0191238
0.02052831
0.02368735
0.01957106
0.02311397
0.02160638
