1.776729
2.303701
3.118344
4.470638
2.760943
3.392293
3.144954
2.732888
3.917675
5.144058
3.628325
3.581112
5.46519
4.517043
4.73889
3.230209
3.403566
3.536599
2.596664
3.507676
3.897533
2.842887
3.197368
2.608857
2.010822
1.971159
2.594663
2.13748
2.575336
3.038572
2.92676
3.373873
3.893501
2.367522
1.978577
2.836746
3.185256
4.408397
2.840569
2.568797
2.527721
3.255059
3.132413
3.837179
2.729988
2.82876
2.933935
3.285412
3.077216
3.238109
2.423415
4.505587
3.076873
3.602268
3.498637
2.57225
2.264134
2.278926
2.97463
3.153471
4.004435
3.479789
3.722052
2.734745
2.285542
2.316005
2.816099
2.445459
3.070078
2.60195
3.886328
2.78923
2.75334
2.600221
2.878643
2.850063
2.692361
2.479762
3.158812
2.862196
2.797948
2.804196
3.077236
3.737845
3.316304
2.667815
4.056557
4.355072
4.307102
3.809062
2.975352
3.755905
4.009664
2.5095
2.489215
2.607122
2.957806
2.85503
1.978803
2.657167
3.604601
2.517366
2.28916
2.80937
2.598069
2.49799
3.092541
3.523917
3.747817
3.435029
3.524611
3.427955
2.221829
2.625451
2.662486
2.76948
2.682983
2.34365
2.974841
2.774373
4.503762
4.613406
3.739005
3.486064
2.962897
3.197733
2.629986
2.792642
2.416029
2.617896
3.180899
3.623585
3.729344
3.028156
3.429069
3.460908
3.673969
3.398508
3.382796
4.67888
3.70317
4.305551
4.84819
3.950197
3.460994
3.281647
3.253905
3.727739
3.678699
2.543419
2.61185
2.611177
2.66177
3.601079
3.584607
2.572722
3.532957
2.378194
2.504685
2.199918
2.788687
3.873374
3.25329
3.461069
2.505749
2.363286
2.037549
3.204369
4.620671
4.030602
3.601493
2.825287
2.460881
3.0862
2.257432
2.570141
3.409726
3.428551
1.865503
3.469454
4.315085
3.596724
2.816882
4.023707
4.040844
4.7117
2.426287
2.810899
3.563488
3.758959
3.254659
3.818704
3.412737
2.385172
3.065231
4.331573
4.174719
3.089872
3.673055
3.624528
3.600642
4.083464
2.845263
3.532333
2.754902
2.616656
2.620219
1.901967
2.229351
2.401082
3.602408
2.64062
2.221908
2.980847
3.274373
4.720084
3.406287
3.870532
2.983403
3.249513
3.937019
3.58464
5.5209
3.225256
2.821909
3.440286
2.448458
2.346409
2.74294
2.129984
2.783929
3.330083
2.938134
3.968929
3.564391
3.954438
4.660556
3.958131
4.085895
2.250004
2.682132
1.645914
1.594114
3.727695
3.938406
2.883255
2.986018
2.90687
2.76314
3.310412
2.308168
2.257575
2.594899
3.57758
2.78338
3.061464
2.975182
4.120165
2.77387
3.475881
4.222111
3.600366
4.371266
6.052867
4.302495
4.087878
3.821376
3.138894
2.813227
2.890937
3.932962
4.047676
3.756456
4.07348
3.183047
2.87473
3.897921
3.20809
2.270132
2.852078
3.042418
3.071435
3.291969
3.402775
2.6239
2.344085
3.005555
2.98571
2.529035
3.346142
3.007036
2.674904
2.919172
2.55572
2.454488
2.862461
2.457217
2.789712
2.597305
2.973816
3.467666
2.742594
3.810254
3.535913
3.431166
3.6297
3.079469
3.153269
4.589304
3.88913
3.028147
2.493205
2.485767
2.628949
2.713967
2.589856
3.344823
3.287452
3.130141
2.845715
3.613129
3.241829
2.025586
3.242301
3.497058
3.419432
3.338652
2.329229
4.264054
4.276826
3.069194
3.772733
4.076318
3.398119
3.141418
2.761165
2.371943
2.780226
2.596242
2.962208
3.681839
3.227198
2.936172
3.188161
2.950043
3.473282
3.286756
3.566202
3.16979
3.721627
3.082532
2.602312
2.071109
2.519192
2.776016
2.81332
2.754544
2.453982
2.677843
3.128583
2.803116
3.569798
3.934686
3.569423
2.961846
2.358218
2.436887
2.561087
3.812271
4.362932
3.427042
3.326196
3.749292
3.233083
3.501335
2.127827
3.14927
2.637465
3.625543
4.684996
3.773317
3.388509
3.349256
4.460608
4.207173
3.965954
3.43479
3.240817
3.664954
2.964677
3.264582
3.180203
3.675674
3.952242
3.361954
3.449618
2.617953
2.54266
2.570029
3.352586
3.900325
3.377881
3.18183
3.752269
4.499327
2.941853
2.924062
3.784527
4.600792
3.891227
4.301182
2.316464
2.142094
2.664255
3.419708
5.088384
3.471298
2.821851
4.014254
2.979944
3.574248
2.658076
2.694003
4.357313
3.652538
3.502272
2.690073
2.491402
2.451364
2.693842
2.838811
4.583814
3.65226
2.157632
2.004251
2.20401
3.098092
3.140479
3.110742
2.698869
3.200665
2.195335
2.904019
3.879242
3.266311
3.124106
3.023335
3.252815
4.948439
3.470053
4.027789
4.479871
3.848204
2.935888
3.09324
3.317976
3.080004
2.636287
2.859809
2.337702
3.646457
2.769553
3.736441
3.402667
2.800339
2.996061
3.554181
3.563121
4.259988
2.704019
2.287759
2.373035
3.143087
3.823841
2.831678
2.663022
2.747381
2.081304
3.912491
2.360834
2.953506
2.810507
4.16562
5.09046
3.405285
3.917554
4.753151
3.588725
5.61413
3.622275
3.028994
3.016181
3.106313
2.942498
3.021014
3.344656
3.657187
3.742792
3.439022
3.835595
3.486025
4.457838
4.42791
3.678761
3.115873
3.409346
3.077343
2.973524
2.471945
2.366552
2.928129
3.196126
2.868107
2.092586
2.779016
2.839578
3.473203
3.375788
3.978529
4.107892
3.103319
2.974004
3.255529
2.492625
2.493178
2.657755
2.261203
2.326228
3.127073
2.897835
3.314381
2.409271
3.006945
2.304199
2.993139
2.498395
2.723066
5.111599
4.337432
3.0157
2.927417
2.622185
3.298236
3.774066
2.832669
2.950654
3.086794
2.541443
2.116213
1.782044
1.62794
2.024987
2.080538
3.245952
3.704202
3.639314
3.637036
2.940786
3.009076
2.785624
2.395083
2.872887
3.6405
4.677403
3.380161
3.494164
3.678405
3.763809
3.825279
3.823925
2.829392
2.990368
3.346736
4.02516
3.042274
3.80118
4.309037
3.277402
4.102524
2.904087
2.639188
3.07795
4.108668
3.755764
3.529149
2.938437
2.459365
2.642938
2.419719
1.871085
1.581396
2.150226
3.033187
2.939865
3.231154
3.107249
3.021981
3.009759
2.662845
2.835526
2.955494
2.457117
2.723676
2.147883
3.911494
3.110846
3.243339
2.989694
2.632153
3.073976
2.731853
2.793445
3.717657
2.544624
2.608677
2.448612
2.185526
2.199383
2.56995
3.445375
3.166469
3.028702
2.531023
2.935352
2.809142
2.931035
3.580399
4.715405
3.158843
2.712936
2.309943
2.734993
2.762939
3.503852
2.714095
3.613326
4.061862
2.909998
2.813456
3.123838
3.17526
2.968666
3.233735
2.868278
2.804459
3.085996
3.083532
3.369363
3.421961
3.597087
3.210149
3.360565
3.126511
3.022377
3.667807
3.291224
2.78073
2.792577
2.810702
2.515455
2.630922
2.369859
1.918157
2.149897
1.736577
2.273103
2.591012
2.324838
2.312695
1.749873
1.622108
1.811591
1.907269
3.075098
3.955956
4.243377
3.582388
3.885752
3.507093
3.594341
3.090116
2.869056
2.269766
2.791523
2.95098
3.200054
3.803828
2.57324
2.271999
2.027142
2.064353
2.417727
2.550898
2.621863
2.634095
3.260228
2.749863
2.65327
2.232467
2.338887
2.701328
2.9106
2.434496
1.948592
1.932319
2.285745
2.026264
1.831088
1.873643
3.118254
2.499957
2.646881
1.806758
2.09577
2.380891
1.669506
2.628509
3.302648
3.565532
3.833976
2.943623
3.724172
3.187552
3.196782
3.561704
3.452359
3.158878
3.344101
2.921016
3.310419
3.982999
3.804422
3.164729
2.446811
2.803751
2.71441
2.802653
2.940004
2.76625
3.322668
4.052293
2.780796
3.364433
3.626937
5.982982
2.056654
2.314078
3.531853
2.792836
2.386625
2.595772
2.791592
3.212584
3.549471
3.570429
3.060656
2.885915
2.317179
2.542964
2.671284
2.47326
2.836681
2.484284
2.799068
2.788228
2.92656
3.115838
2.834157
2.454706
3.395105
2.747324
2.834888
2.232186
2.299371
2.708733
2.943517
2.784047
3.062563
3.151248
2.984617
2.774529
2.386148
2.125054
1.872051
2.419805
2.736768
2.607116
3.60874
3.17994
3.775709
3.224683
2.359548
2.381206
3.249995
3.701227
2.836265
2.400653
3.012957
2.997904
3.086162
3.063128
3.62034
3.792877
2.979456
2.20544
2.269502
1.754878
1.727484
2.443074
3.167967
3.74593
3.463462
3.333453
2.884813
2.993495
2.856504
2.739404
3.308841
3.260024
2.406307
2.321621
2.507985
2.436645
2.556318
2.579515
2.775082
3.347757
3.532696
3.037282
2.627425
3.062362
4.071181
2.997292
3.525204
4.436104
3.014139
2.916189
3.850573
2.573664
3.199099
2.791806
2.444143
2.329703
3.80993
3.546119
3.125871
2.001905
3.281365
3.414996
3.035772
3.903945
3.290668
2.743838
2.311738
1.827532
2.781399
2.796586
3.278792
3.120251
2.322623
2.081681
1.644033
1.801116
1.815274
2.245646
2.749001
3.341504
2.713716
3.153563
2.724619
1.967511
1.649222
1.399174
1.902916
2.291344
2.795883
3.993513
3.211233
3.048799
2.796257
3.417505
3.280649
3.479008
3.308559
1.96815
3.175139
3.410261
3.359191
2.414617
3.278208
2.522225
2.63219
2.772058
2.87153
3.156151
3.462746
2.767912
3.740772
2.666314
2.58758
2.765519
2.882559
2.241487
2.13122
2.47995
2.942803
2.499112
1.894851
1.76456
1.391157
1.845263
2.097408
2.011636
2.439372
1.833658
2.685617
2.200987
1.773049
1.916397
2.540531
3.78489
3.478937
2.261956
3.034788
4.362983
4.810636
4.570559
5.256586
4.8615
5.093871
4.25435
4.813284
5.195084
4.819423
3.676179
3.247164
3.815879
3.21854
2.43612
3.361427
2.488685
2.410009
2.607326
2.347566
2.157779
2.532644
2.595468
2.257396
2.686719
2.789096
2.38478
2.544068
2.677232
3.484484
2.105922
2.130637
2.705807
3.279625
3.779285
3.649526
2.351911
3.017929
3.219672
4.076883
3.48997
2.430175
2.813701
3.719845
2.517933
2.638091
2.327101
2.466471
2.808762
1.862301
2.126029
2.706003
3.047155
4.077116
3.963547
3.344835
3.357995
4.066443
3.452361
3.75665
4.132436
3.607263
3.643486
3.403323
3.238865
3.4111
2.915792
2.805203
3.847855
3.605531
3.61566
4.096372
3.556372
3.472347
3.061655
2.158731
2.153993
2.335623
2.81244
3.644339
3.759014
3.377355
3.693771
3.689299
3.313523
3.156652
3.581582
3.330439
3.627776
2.96563
3.802416
3.03535
2.946919
5.990709
4.356839
4.002447
3.17522
2.923868
3.191961
3.67438
5.132659
3.72249
3.690496
2.888923
3.303842
3.542388
3.626645
3.170824
3.335938
2.021748
2.846321
4.012497
4.008397
3.717408
4.363148
3.497346
2.8804
2.635743
2.706138
3.067502
2.960906
3.20202
2.931271
2.947875
2.931666
2.524577
2.60495
2.344933
3.577193
3.364105
2.487005
2.39666
3.35585
3.272058
3.107306
3.977537
3.525494
2.538017
2.246295
2.12503
2.192848
3.45079
3.687343
3.055719
4.228429
2.195973
1.975396
1.63618
2.979936
2.980183
3.445391
3.438464
4.330301
4.587489
3.238703
3.033188
3.377069
3.306269
2.311448
2.441138
2.18051
2.33898
2.144499
2.384406
3.074536
2.54765
2.270752
2.882877
3.198293
2.457644
2.722898
3.767857
4.717823
3.31193
3.932037
3.112582
2.655449
2.171012
2.347258
2.126153
2.816737
2.12034
2.827216
2.351784
2.84211
2.862427
2.688054
2.365178
3.411035
3.387564
3.394037
4.298803
3.178968
3.065535
2.797082
2.850785
2.969657
2.3169
2.27352
2.948976
2.879205
2.567001
3.390763
2.637133
2.059595
2.485428
2.453998
1.629928
2.450913
3.129769
4.15275
3.739502
4.031041
2.911595
2.181625
1.782915
2.735002
2.882351
3.449039
1.857967
2.364134
2.606424
3.34695
4.759136
4.137348
3.575515
3.296685
3.000938
2.73967
3.197747
4.274705
3.882846
3.36758
3.228285
2.931779
5.664771
4.222182
3.756875
3.865131
3.224289
3.225531
3.294578
2.589616
3.214037
3.143434
3.962017
2.763284
3.070673
2.846231
3.15421
2.998139
2.555525
2.524641
2.211025
2.442668
2.658008
3.618348
4.869561
3.094054
3.948701
3.41184
2.699739
2.983973
2.013539
1.678291
1.681948
1.741066
2.281274
1.999893
2.012575
2.418529
2.494505
2.159095
2.733687
3.808564
4.021346
4.274594
3.904557
3.5375
2.942129
2.687932
2.606341
3.188611
2.336162
2.489395
2.824234
4.050269
3.708014
3.116878
2.800556
3.238524
4.253914
4.485731
3.116942
2.243568
2.285494
2.874858
3.492999
4.571976
3.41179
4.698567
4.578457
3.896551
3.121366
3.98719
3.907169
3.756894
3.210985
3.03767
3.376943
2.801715
3.292177
2.744728
3.470226
3.221033
4.035526
3.582755
2.73812
3.230584
3.651164
3.140358
3.605185
3.715702
2.659367
2.304521
3.054239
2.276509
3.401617
2.785946
3.099532
2.356487
3.110139
2.215536
2.546498
2.733013
3.06053
2.142609
2.86681
2.810027
2.853226
2.825618
1.944016
2.790616
3.693141
4.604339
3.803428
4.412424
3.310747
3.158878
3.135173
3.344755
2.476911
2.265359
2.706447
2.598199
2.654744
2.992252
3.17576
2.932334
3.106283
2.881017
2.680009
2.065378
2.524361
2.89413
3.270241
3.015295
2.834356
2.161375
2.614502
3.027882
3.701532
3.475377
3.02068
3.214253
3.109787
3.255211
2.969498
2.457229
2.465412
2.634171
3.254982
3.670728
4.030306
3.29166
2.938357
2.360363
2.657168
2.35805
2.887762
2.880843
2.712046
2.758331
3.022305
3.077111
2.57522
2.820593
2.03654
2.430806
2.908405
2.889065
2.692972
2.611396
3.971334
4.831579
4.737214
3.588081
2.921237
2.489571
2.714455
2.486634
3.219389
2.96804
3.476745
2.406075
2.907112
2.663947
2.813287
3.188583
2.846935
3.197558
3.998065
5.478947
4.931822
2.609951
2.517662
3.087556
3.394925
3.894254
3.935852
3.15716
3.845513
3.834969
3.432553
4.241147
3.502649
3.431579
2.602788
1.95834
2.6588
3.580261
3.363907
3.884588
3.483007
2.988244
3.470439
3.710518
2.858602
3.159262
2.799092
3.016021
2.206632
2.366354
3.116494
3.170029
2.438391
2.688182
2.525332
2.608985
2.430903
1.304519
1.630955
2.044421
2.768256
3.469178
2.555566
2.816144
2.561349
2.634724
2.112671
2.676911
4.679207
4.077501
3.012323
3.082701
3.753465
2.61464
2.999267
3.056625
3.078463
2.002612
2.004418
2.226703
2.367443
2.037189
2.655771
2.519593
2.939018
3.166003
4.372887
3.4027
3.889659
3.093042
3.137357
2.982466
2.677492
3.422815
2.811926
3.652379
3.222887
2.107265
2.341162
2.243549
2.572299
2.810756
3.320359
3.580543
1.978665
3.278325
2.892948
3.760703
3.418833
2.976144
3.698818
2.297201
2.814914
2.824561
2.403274
2.208851
2.304489
2.69978
3.794243
2.803721
4.971634
4.04729
4.521555
4.320071
2.476458
2.188696
2.259947
2.486567
1.654079
1.845986
2.965867
2.675676
2.246788
2.670088
2.295789
2.294507
3.716137
2.648912
3.1204
3.786248
4.051593
3.546115
2.931997
2.864756
2.938328
3.808058
3.406253
2.885784
2.926497
2.763125
3.101103
4.32474
3.739657
4.300605
3.590759
3.544345
4.24861
4.329283
3.906397
2.998694
3.039614
2.772699
2.035912
2.534354
3.259352
2.965262
2.643956
4.079487
3.635924
2.944583
3.213639
4.067308
4.469695
3.049329
2.779656
2.480668
2.396347
2.267894
2.118219
2.424891
2.203076
2.601893
3.291987
2.714251
2.913333
4.263768
3.091429
2.95699
3.538468
4.386554
4.534106
4.888006
4.118203
4.511384
5.073177
3.648125
2.314388
2.783367
2.866959
2.172562
2.148674
2.192322
2.088621
2.131469
2.352366
3.911647
3.244781
3.955748
4.52329
5.462556
4.540743
5.456678
3.632927
2.803066
3.065406
3.802983
4.208736
2.501993
3.568154
3.015762
3.829152
3.795903
3.543182
2.836944
3.050001
2.151155
2.781791
4.349717
3.175957
2.527122
3.695232
3.262113
2.508357
3.074685
4.049103
3.152656
3.319357
2.659772
2.692955
2.645685
3.650841
3.681001
4.854992
3.756915
3.245998
2.477121
3.42193
3.837009
4.330499
2.582561
2.51542
2.144243
2.662236
2.348598
2.301543
2.870142
3.54847
3.270083
2.93983
4.351607
4.060909
4.319378
3.302652
3.926743
4.487514
3.753033
4.225181
3.053704
4.198453
4.769643
6.052736
3.347738
2.239581
1.791246
1.346886
1.733567
1.965958
2.387298
2.332624
2.174426
1.817103
2.979107
2.703293
2.015076
1.736225
2.200481
2.672189
2.862637
2.475617
2.958635
2.278573
2.131682
1.770391
3.102444
3.264084
3.081406
3.575899
3.681119
2.921083
2.424231
2.38078
2.622757
3.716912
3.952453
3.460036
3.216505
2.8975
3.33158
4.182284
5.143097
4.177888
2.984945
2.566222
2.832137
2.299094
2.789807
2.82894
3.376971
4.964877
3.228872
3.84541
4.850739
3.194087
4.207337
3.83075
3.71251
2.654177
2.470003
2.885779
3.972996
2.580765
2.383205
2.656351
1.98728
2.719322
3.85672
3.159924
2.761334
2.458529
1.684595
2.459923
3.383713
3.002544
2.657498
1.730327
2.352145
2.784309
2.855828
3.401748
2.337672
1.780498
2.433174
2.661207
3.471102
3.484896
3.580022
3.185895
3.676449
3.003584
3.396653
2.206557
2.283256
2.648279
2.875399
2.79505
3.239001
1.860097
1.799237
1.838364
2.244206
2.794189
2.125831
2.181334
2.23122
2.636985
2.527986
2.560069
2.290608
3.057691
3.486202
3.565373
4.052902
3.651729
3.831471
3.78381
3.561623
4.263237
4.525031
4.004408
2.54148
2.727837
1.915515
2.716217
2.407259
2.752502
3.278999
2.354811
2.429462
2.865575
3.319864
3.127864
3.129513
3.074294
3.957288
3.659448
3.659158
4.419384
4.044147
3.370046
2.840363
2.579855
2.227105
3.106572
3.31954
3.642167
4.08581
3.850646
4.316155
3.998938
2.765208
2.668936
4.319266
5.254519
3.962643
3.416571
2.16208
2.654793
2.929156
2.696611
3.29417
3.078829
3.688507
4.272071
4.134
4.450324
4.237429
4.097764
3.498484
3.536548
2.128755
2.231381
3.525375
3.288313
3.933364
3.197235
3.563422
2.617358
2.884783
2.564561
3.24599
3.132191
3.464606
3.160317
4.027141
3.565568
3.984437
4.390438
4.245618
3.828709
2.449385
3.025208
2.508567
3.424413
4.124788
4.593124
3.817291
3.904324
3.489404
4.868538
4.248749
1.577432
2.131704
1.852882
2.250641
3.151411
1.713188
1.384435
1.869136
1.945727
2.147676
2.627152
2.214206
3.475321
3.510724
2.957094
3.682688
3.235712
3.818327
4.062823
3.297036
3.051899
2.758514
2.920876
2.259448
3.283008
2.952312
2.870852
3.649868
3.262722
3.047337
2.791215
2.661572
2.424135
2.478202
2.788167
3.0785
3.696357
3.842909
2.211413
2.654839
2.335633
3.350056
5.280646
4.321008
3.481441
2.402266
2.727589
2.883955
2.048971
3.849571
2.741376
2.79476
2.516904
2.39655
1.877162
2.614561
1.957929
1.753366
1.637719
2.643595
2.374946
2.446408
2.858602
2.964771
3.151468
3.689863
3.837839
3.091445
3.469569
2.225502
3.087142
2.598099
2.58431
2.514573
2.111786
2.276996
2.139766
2.929007
2.004345
2.760183
3.880684
3.220328
2.837946
3.171519
3.269989
3.411638
3.266074
3.104322
2.62006
3.484925
3.627979
3.499089
2.911776
3.081797
4.057044
3.992012
2.586695
2.879024
2.336678
1.843595
2.766213
2.875867
3.432317
3.680069
2.822994
2.878355
3.111517
3.896236
4.24345
3.16839
2.976479
3.374097
4.057608
3.293024
2.174672
1.824415
2.668633
3.162247
4.410086
2.430641
2.463045
2.629928
3.640192
4.322397
4.671601
3.965338
3.723068
4.111201
3.770576
3.795684
3.093531
3.087536
2.770796
3.266299
3.938308
4.385105
2.485141
2.737883
3.450226
2.954342
2.310518
3.227546
2.826046
2.664418
3.105665
3.302025
2.462986
2.423842
2.558287
2.784686
2.511283
2.835232
3.257922
3.210922
3.174268
3.700212
3.013467
3.033759
3.705105
2.986021
2.949554
2.590157
3.218436
3.250067
3.05532
2.873665
2.982517
3.055793
2.66099
2.407244
2.441388
2.52981
1.749171
1.942825
3.142839
3.292949
3.171554
3.08239
3.93141
2.43501
2.626492
3.138354
2.837836
3.649107
2.362014
2.912823
2.850899
3.894618
3.426126
2.871575
2.679493
2.367101
1.891593
2.765178
4.904656
4.382646
3.260492
4.276113
3.283726
3.99934
3.450334
2.895271
2.582942
2.977941
3.4124
3.688411
3.507775
3.628479
2.570184
3.176909
2.786275
3.082955
3.187787
2.607721
3.006914
2.978365
2.391023
2.25239
2.407636
2.908834
2.3663
2.394877
3.198379
3.720106
3.744099
2.915945
2.695622
2.413261
2.247139
3.375497
3.317892
2.201733
3.11481
3.42684
3.101046
3.101992
3.10027
3.556589
3.948519
2.89847
2.603733
2.531872
3.628574
3.42767
3.793952
3.442463
3.754181
3.162817
4.661291
3.135401
2.610382
3.109571
2.979948
3.112832
2.965937
3.081685
2.673395
3.893985
3.468744
3.121656
3.950475
4.049632
4.261991
4.177826
4.330401
3.775838
2.947582
2.978306
3.21608
2.332176
3.6659
2.566497
2.459596
2.468456
3.189034
3.543507
3.500061
4.078836
4.182194
3.858537
3.789958
3.938095
4.231618
3.254646
2.371429
2.168052
3.260674
3.38907
4.428793
3.319747
3.272073
2.742954
2.950157
4.2669
3.149542
2.563586
2.001538
3.739463
3.022885
2.529694
2.166512
3.111029
3.381888
3.95509
3.285994
3.117267
3.920046
2.966045
2.912185
2.528097
3.147456
2.714485
2.199156
3.231816
4.077225
4.27508
3.506792
3.29716
2.420964
2.16322
2.126924
1.972087
2.539659
3.674207
4.752241
3.566754
3.523641
3.200729
2.688812
3.386843
2.724595
2.204532
2.7807
4.406013
3.295122
3.842986
3.081475
3.32594
4.235488
3.312598
3.928462
2.99463
2.541684
4.162655
3.774343
4.088316
3.899816
3.556546
3.05213
3.02382
3.482407
2.727107
2.652706
2.810953
3.06318
2.853205
2.892522
3.474998
4.130069
3.153173
3.007284
3.519474
2.83852
2.89011
3.633439
3.031694
3.566668
1.90567
2.899874
2.434227
3.194176
3.071629
3.743832
3.750255
2.604872
2.879664
2.735734
2.952067
3.06012
2.595081
3.104553
2.805688
2.72058
2.628019
3.868059
3.462832
3.183709
2.508314
2.160063
3.511088
2.850097
2.801537
3.833461
4.180959
3.633505
3.388339
3.983109
2.902896
1.98122
2.354191
2.719633
2.966901
2.562979
2.781114
2.275956
2.221864
2.884628
3.226552
2.499219
2.251489
1.900053
2.173846
3.568601
2.695659
3.751726
3.420699
3.37581
3.62437
4.345118
3.45355
3.110089
2.64737
4.08512
3.624314
3.55664
2.531126
2.613384
2.552911
2.441366
2.793459
2.930842
3.973216
2.953943
2.883247
3.109103
2.992839
3.601098
3.767216
3.478604
2.653509
2.949142
3.537923
2.401321
2.583317
2.83008
3.168524
2.336171
2.062457
1.981246
1.772781
3.47825
2.715499
2.995625
4.115978
3.483713
3.284593
3.00586
3.187627
2.741687
2.589304
2.631876
2.680143
2.299815
2.627311
3.476766
3.554382
2.797476
3.203066
3.61931
3.628016
2.712338
2.707492
3.084364
3.304741
3.442226
3.274769
2.968317
2.92759
2.795095
3.116914
3.391378
2.827198
3.22534
3.799399
4.09403
2.986583
4.143485
4.394128
2.948393
3.757991
3.374076
3.295924
3.531918
4.221015
3.859407
3.591433
2.112435
2.313757
3.219184
3.983438
5.374573
3.72577
2.564074
3.723524
4.391787
4.945686
2.581836
3.218686
4.743376
2.56631
2.579212
2.883356
3.142354
2.947022
3.904033
2.530757
2.317428
1.919402
2.200775
2.569832
3.164084
3.109946
3.120982
2.171939
3.36255
4.029
3.230374
3.018554
2.345125
2.709802
2.883293
2.833494
2.438433
3.11416
2.621713
2.538183
2.300071
3.860326
3.757509
3.851997
3.596468
3.63219
2.783077
3.269356
3.791432
3.402681
5.245129
3.339049
2.771194
2.792394
2.593365
2.691926
3.356278
3.083039
2.783915
2.416346
3.69062
3.280535
2.976048
3.022229
2.901398
3.564259
4.594701
3.728683
2.925344
3.20622
3.116676
2.230822
2.584001
3.025882
3.402706
2.725934
2.018955
2.189152
1.913359
3.780276
3.950197
4.630929
4.520356
4.277362
4.462151
2.631254
2.566276
2.568516
2.622524
3.187378
2.032674
3.296395
3.728541
3.699049
4.188376
5.406209
4.500206
4.609994
2.812265
2.659504
3.171699
3.673855
3.675508
3.431123
3.461164
2.919868
2.800773
