12.7451
12.42851
12.24232
12.70795
14.11218
13.99269
14.31339
13.73985
13.49773
13.67131
12.66318
12.49322
13.06128
12.72279
12.37181
12.2255
12.0536
11.58603
11.75199
11.5136
11.44001
11.7267
11.82418
11.60462
11.45549
11.45301
12.35781
11.14683
11.55215
11.30422
11.50374
10.67967
10.65311
10.3096
10.52808
10.51936
10.84562
10.80539
11.46305
11.21884
11.28431
10.92908
11.07724
11.19358
11.82185
12.0439
11.8405
11.7449
11.15591
11.32163
12.39571
12.51632
11.56
12.00155
11.62532
11.77444
11.68857
10.82339
11.62845
11.14953
11.59592
11.14112
11.70273
12.86539
12.49623
13.04326
14.34236
14.28498
15.723
16.01108
15.87084
15.62278
15.44556
15.07249
15.55469
16.24347
17.33661
17.34926
17.42573
16.18706
16.49968
16.90354
16.44282
16.32049
17.02803
16.73368
16.66942
17.32034
17.66104
16.92983
17.90426
18.01481
18.16366
18.00087
18.16281
18.92133
19.48367
19.94129
20.01304
19.72007
19.99759
19.66514
20.46034
20.90298
21.25985
21.99341
21.93071
22.39273
23.04165
22.94217
22.42489
22.32743
21.56592
21.34899
20.12311
19.83416
19.85182
20.3257
21.20282
21.17202
21.26132
21.82418
21.83923
22.08299
21.11016
20.95507
20.7582
21.10779
21.71007
21.12849
21.07021
21.22664
21.82491
21.99946
20.84232
22.2193
21.92554
22.00452
21.78889
22.21955
21.94783
23.00482
23.75428
23.45256
23.83061
24.54773
24.21465
24.0488
24.41725
24.32828
24.88022
24.9595
25.07728
25.16358
24.64387
24.205
24.34637
24.72831
23.75717
23.38856
23.66575
23.22502
23.15371
23.96169
24.13628
23.94022
24.25969
23.95466
23.72508
23.90241
24.30285
24.22451
23.83314
23.8972
24.73211
24.94243
24.80078
24.52946
24.54887
24.18253
24.98463
25.18107
24.09665
24.64494
24.9025
24.15863
24.81183
24.99811
24.68397
25.23457
26.09783
25.52651
26.01827
26.1255
26.34717
25.94806
25.83862
26.08397
26.52751
27.0511
27.55866
28.00444
28.1084
26.99654
27.65071
27.37416
27.54854
27.02921
27.25654
26.79408
27.51119
26.8252
27.02172
26.51926
26.62084
26.50598
27.73599
27.95127
28.17345
28.54494
28.41436
28.26604
28.22818
27.90535
28.69179
28.8993
28.64766
28.06599
27.48352
27.69444
27.50349
27.37986
27.47681
28.10996
28.17233
29.20769
29.80577
30.14628
30.50333
30.00364
29.88476
29.10296
29.52426
29.25155
28.46215
28.96046
29.03163
29.21441
30.39825
30.41611
30.75562
30.92529
31.58105
30.93479
31.44524
31.61454
32.3968
32.48162
33.10962
33.87006
33.80391
33.60563
33.48669
33.03309
32.97235
32.73069
31.95996
31.36106
31.96928
31.89837
31.75963
31.35619
32.20333
31.78156
32.89569
33.10395
33.52214
33.55124
33.49686
32.75768
32.8488
33.40657
33.86822
33.64744
33.88534
33.71651
34.22898
33.92256
34.92005
34.01957
34.28426
34.18949
33.3603
32.62837
33.1062
32.92521
31.71907
31.54653
31.38273
31.24683
30.65524
31.37636
31.20556
30.08145
31.14345
30.5837
30.39444
30.53299
30.99905
30.14366
29.95342
30.53746
29.89454
29.06622
28.62088
29.28961
29.01177
29.09437
28.20931
28.69075
28.66522
28.69061
28.78139
28.91134
28.02191
28.11864
27.98345
28.00037
27.91521
27.25159
27.70831
28.44113
28.1661
27.45778
27.2443
27.04263
27.10603
25.95135
25.95732
25.11785
24.81445
25.12524
25.81922
25.14264
24.58819
24.17807
25.02923
24.4071
25.13206
25.56303
25.24554
25.00155
24.83859
25.03504
24.69733
24.87044
25.63331
25.79988
25.76412
25.73333
25.92274
25.45904
24.61106
25.02112
23.93658
24.13626
23.95556
23.83534
23.43011
23.67525
22.55767
21.88526
22.0753
22.06507
21.17828
21.71754
21.31757
21.1056
22.23582
21.83063
22.02
22.49569
21.64004
21.29149
22.04544
22.51935
21.88903
21.39629
22.05603
21.70266
20.91607
21.42405
21.2413
21.00457
20.77786
20.96569
21.07987
20.95274
21.36432
22.1484
22.21051
22.67318
23.33959
23.19663
22.63214
22.58346
22.93818
23.29323
23.32584
23.78307
23.53258
23.89364
23.95214
23.57116
23.87682
23.51703
24.22124
24.41021
24.70218
24.78414
24.90331
25.55202
25.42755
25.4239
26.60494
27.01038
27.14435
27.60588
27.40669
27.11872
27.45463
27.02168
26.74504
26.91375
26.09597
26.98081
26.51395
26.51445
26.60648
26.34626
26.07713
27.26784
27.95352
27.6945
26.97833
27.46646
27.4434
26.8716
26.90453
27.04083
27.31683
27.07719
26.64897
26.53403
25.82267
25.93375
26.28533
26.50626
26.50023
26.10464
25.6337
26.03829
25.23424
25.13238
25.64986
25.83088
25.25215
25.39792
25.90465
26.4539
26.9635
26.61172
27.41417
27.71412
27.25069
26.70956
26.50819
26.87545
26.77575
26.30921
26.48662
26.22191
25.95965
25.44209
25.13186
25.04142
25.84573
25.33234
24.80837
25.01998
25.34903
24.81492
24.58721
24.58382
24.42569
24.88493
25.93029
25.91497
26.47939
26.37455
26.08246
26.51695
25.76785
25.93974
25.41041
25.17774
25.95706
25.85945
25.79082
24.72322
24.64451
24.46205
24.7905
24.32143
23.41352
24.0183
22.83024
22.62364
23.39238
23.03832
23.75908
24.07889
24.13484
24.05797
22.82561
23.6591
23.94389
25.20365
24.49551
24.19062
23.73693
23.80216
22.86185
23.9026
23.9458
24.51826
24.19909
24.9868
24.31571
23.09725
23.18948
22.62761
22.48279
22.18585
21.86855
22.15554
21.36524
21.06942
20.69727
21.74799
22.64356
22.93799
22.74174
23.21825
23.0783
23.29616
23.68108
24.102
23.51019
23.80472
24.02294
23.59101
24.20196
24.64864
23.81684
23.64135
23.41311
23.83337
23.8989
23.78023
24.06644
23.21075
22.50235
22.90658
23.24705
22.74546
22.16212
21.97599
21.72228
21.21364
21.93302
22.42161
21.49066
21.12499
20.73272
20.53759
20.84946
21.8588
21.72507
21.69291
21.32788
21.51683
22.24985
22.83125
23.70387
23.72587
23.42659
23.71156
24.15708
24.16256
24.31874
25.0764
25.12861
24.65898
24.56006
24.84495
24.59839
25.56983
25.74654
25.5626
25.13684
25.29822
25.173
25.41721
26.01403
26.02758
25.57759
25.41177
25.38552
25.94513
26.68243
26.97468
26.95143
27.37019
28.00038
27.50166
27.7736
27.45433
27.6913
27.68582
27.86809
28.66743
28.25038
28.10496
27.42468
27.81267
27.75298
28.52313
28.34742
28.21157
28.09025
28.80763
28.40851
29.03818
28.9829
28.7489
28.55998
28.65486
28.58859
28.90511
28.37988
28.42466
27.42821
27.26862
26.65743
26.20687
25.47076
25.38819
25.52405
25.23384
25.83176
26.07723
27.06608
26.9677
27.12281
27.55324
27.61263
28.15271
28.03329
27.5861
27.91241
27.58976
27.72263
28.44952
27.77794
27.77485
27.53464
27.50967
27.86465
28.40355
28.3812
28.76126
29.17911
28.80123
28.77964
28.37337
27.82896
27.16245
26.20877
25.99335
25.86476
25.93771
26.12549
25.4915
25.08623
25.56336
26.44219
26.14689
26.09241
25.9939
26.0119
25.95548
26.21326
27.07157
27.19179
27.24487
26.83329
27.06982
26.83006
26.89633
26.19632
25.38926
26.51993
27.02729
26.54102
26.62163
26.5069
26.76998
26.39158
25.96658
25.7455
25.94871
25.61477
26.51579
26.32559
26.44805
27.24195
26.80491
26.84109
26.76671
27.22264
26.22482
26.12892
25.52837
25.61134
26.1949
25.76555
25.5124
25.55487
25.32519
25.57048
25.0622
25.44515
26.43806
25.93241
26.09346
27.00209
26.66033
26.61517
27.08451
27.20336
27.32538
28.25578
29.36825
29.31653
29.8081
29.85845
29.43179
30.22239
30.01475
30.21108
30.59708
30.96913
30.7395
30.34197
31.06233
31.08469
31.12526
31.53164
31.41628
31.67314
31.45062
31.80341
32.52406
32.035
32.03899
32.00092
31.85921
33.31766
32.51523
33.02032
33.06824
33.60772
34.05731
34.48158
35.22901
35.07553
35.25699
35.49698
34.66203
34.77596
34.52181
34.72833
34.89632
34.44164
35.04489
34.38884
34.60208
33.27932
33.18108
33.35643
33.09782
33.38492
33.64049
33.22555
33.84959
33.53663
33.7501
34.72063
33.88751
34.57447
34.21297
34.43444
33.84208
34.14324
34.51268
35.08601
35.0093
35.04547
34.07282
34.20958
34.94344
36.37335
35.89855
35.40917
35.55548
36.13925
35.61584
35.62044
35.87209
35.44514
34.70005
34.86028
35.01652
34.45573
34.26861
34.2558
33.74483
33.99758
34.37995
34.76061
33.9128
34.24316
33.62766
33.98108
33.396
33.83227
33.56013
33.39123
33.94707
34.826
35.4617
35.29166
35.18659
35.8774
35.278
34.87736
33.79607
34.48957
33.80222
33.31737
33.85437
34.05646
34.42085
34.97182
35.2995
35.14216
34.21229
34.1014
34.1422
33.86291
33.95834
33.31568
32.871
33.214
33.25136
32.88034
32.99289
33.43072
34.08266
33.58888
33.83462
33.39315
33.52051
33.40872
33.55842
32.60656
33.21929
32.15928
32.20711
32.27745
32.15941
32.64864
32.41394
32.58813
32.48895
31.91033
31.76282
31.8939
31.61602
31.7594
32.22864
32.10458
33.09927
32.43645
32.40982
32.69162
32.33542
31.95434
32.2349
31.82031
31.27878
30.7262
30.28761
31.25778
31.70484
31.31003
30.65299
30.36299
30.27685
29.85699
29.53915
29.53012
29.57746
29.04846
28.64366
28.41886
27.79713
28.42086
28.27496
28.48906
28.76883
29.2094
29.14492
29.22427
29.28699
28.32304
29.35217
29.5721
29.80794
30.18027
30.19702
30.12801
30.66461
30.6166
30.74811
30.50104
30.36138
29.89601
29.70756
29.11472
29.15723
29.28785
29.20455
28.66907
29.05777
29.56338
29.08031
28.16447
28.03718
28.8064
28.92148
28.52261
28.53652
27.24449
27.72051
27.44284
27.26979
27.4777
28.58401
28.97052
29.87982
30.67304
30.12317
29.62438
29.21349
29.38699
28.67451
28.42173
29.33726
29.25028
29.4573
30.44161
30.10429
30.50324
30.31726
30.48727
30.25244
30.77103
30.54884
29.90665
29.90384
29.23793
29.81677
29.29297
28.87687
28.77174
28.54665
28.86298
29.24926
28.81114
28.80778
28.67467
28.80006
27.95098
27.6023
27.36914
27.12589
28.01022
28.04027
27.93119
27.99057
28.43314
28.19442
28.65273
28.44641
27.55384
27.91841
28.22614
29.14042
29.27152
29.33304
29.28774
28.68767
28.71502
29.15552
29.19855
29.32146
29.40998
29.27187
29.20409
29.27991
28.50703
28.61056
29.23187
29.90339
29.94902
29.28592
29.42928
29.15303
29.26187
28.17789
28.41193
27.64121
28.27619
28.20175
28.87854
28.81188
29.41016
30.23297
30.17539
29.81305
29.44851
29.73954
30.09328
29.28175
29.03532
28.67158
29.01795
28.56935
28.35875
28.72678
29.32756
29.93917
30.01451
29.60358
29.53679
29.20073
28.53066
28.02763
27.03696
26.74443
26.79485
25.13888
25.74685
25.08235
25.23286
25.28417
24.73902
25.02859
24.797
24.14897
24.87467
25.80498
26.10646
26.14912
25.73316
25.54112
25.21932
24.52302
24.23421
23.7489
23.91704
24.02923
24.46206
24.64444
24.39613
24.09423
23.61764
22.93018
23.7214
24.57744
24.73528
25.28866
25.71903
25.329
25.602
25.97729
25.63015
25.63865
25.8198
25.69908
25.38861
24.40588
24.77762
25.03464
25.69881
25.80266
25.65936
26.13815
25.90224
26.2602
27.0722
27.40376
27.56174
27.92826
27.60142
27.75476
28.08688
27.89796
27.7941
27.77085
27.65915
27.64838
27.39747
26.9141
26.72655
26.72486
25.57373
25.53017
25.65752
26.13181
27.51448
27.39252
27.551
27.58467
27.31299
27.59158
28.0311
27.22542
26.70954
26.15733
26.20436
26.16477
25.84627
25.13415
25.18027
24.95719
24.40148
23.68479
23.61103
24.34565
23.32897
23.8433
23.8511
24.70544
24.70458
25.98226
25.43658
25.94115
25.87232
25.83767
26.3341
26.63924
26.37898
27.13388
27.49752
27.80817
28.11118
27.56543
27.96954
28.39129
29.03692
29.51992
29.31803
29.75725
29.93693
30.79756
30.42789
31.27687
31.4693
31.05981
30.87119
30.9363
31.21722
30.93788
31.28424
31.63082
32.45461
33.45009
33.35596
33.5091
33.54178
33.80472
32.73744
32.61188
32.42633
31.9968
31.66485
31.67404
31.89567
31.49247
32.12301
32.03585
32.6054
32.66356
32.76606
32.43657
32.36472
32.2182
31.52002
30.68292
32.04432
31.6834
31.77385
32.95575
32.98653
33.26673
32.86759
32.68254
32.81715
32.98323
32.93612
33.39791
33.64033
33.81145
33.9939
33.72702
33.89687
32.97738
32.79475
33.62845
33.16997
33.72731
33.4734
33.25298
32.58423
32.7138
31.90735
32.26528
32.15846
31.76504
32.33539
32.57129
32.54867
32.43683
32.99251
33.11064
32.77177
33.3977
33.44818
33.94167
33.37971
32.76458
31.55972
31.23943
30.61216
31.88337
32.32343
33.13344
33.01386
33.36047
33.85636
33.59722
33.94844
34.09923
34.72834
35.27612
35.09433
35.25093
35.6254
35.80938
35.07821
35.46847
35.91639
37.16598
37.43054
37.36372
37.89678
37.94645
37.69232
36.77668
36.39828
36.81716
36.21613
36.59322
36.88764
37.39735
38.33445
38.65919
38.54524
39.66103
38.69528
38.63531
38.47523
38.8759
38.45216
38.02872
37.90262
37.47964
37.4994
37.248
37.25368
36.79785
36.89798
37.06701
36.80049
36.29713
36.54909
36.37208
36.40608
37.03089
37.51854
38.13339
37.7857
37.86022
37.66186
38.43793
38.48145
37.79898
38.10126
38.0464
38.1338
38.35388
37.69506
37.814
37.65613
37.55089
36.94602
37.86806
37.56752
37.99944
38.0751
37.72571
38.02764
37.8257
37.82403
38.15834
38.11543
38.03857
38.47803
39.30501
40.00432
39.44729
39.78749
39.74975
39.99588
40.55577
40.54019
40.10572
40.20505
40.20066
40.7489
40.7518
41.20776
41.95484
42.21751
42.59984
43.33475
42.52893
43.03433
42.67706
43.386
42.97083
43.4115
43.15297
41.75694
42.49335
42.17279
42.67876
42.73843
43.08753
42.87152
42.74924
43.03301
42.31112
42.55612
42.39233
42.24908
41.05436
40.75608
41.19992
41.16746
41.90026
41.20527
41.4172
41.37354
41.1104
41.58296
40.95093
40.86331
40.46685
40.40936
40.89164
41.38623
41.47337
42.28093
41.78655
41.48951
40.17059
40.00925
39.83602
39.61598
40.39075
41.1014
41.37271
41.45706
41.61074
40.61804
40.45574
41.11528
42.24974
42.02242
41.80569
41.16496
40.2584
40.44376
40.07215
40.73279
40.48948
40.07091
39.98755
39.68903
39.87593
39.86417
39.95099
40.81022
40.26304
39.69882
39.89997
40.53278
40.86892
41.19741
42.56463
41.41031
41.4988
41.75726
42.1001
41.08545
40.89398
40.89613
40.81875
40.03184
39.52021
38.59771
38.13232
37.81117
38.17556
38.83541
38.60069
38.47907
37.26906
37.93557
37.35599
37.05068
37.42765
37.70907
38.25528
37.91008
38.42147
38.6104
38.038
37.63216
37.76203
37.7446
37.96352
38.15462
37.77138
37.28659
37.02383
37.17012
37.24462
37.951
37.68439
37.63294
37.34751
37.82506
38.04342
38.57928
38.46845
37.90899
37.68456
37.05927
38.14197
37.98393
38.18908
38.84821
38.59368
37.94347
38.58821
38.74606
38.60162
38.66138
38.76692
38.8752
38.69703
38.91864
38.60134
38.12124
38.43978
38.67226
38.42665
38.38079
38.58291
39.11391
39.07865
38.21046
38.96549
38.14975
38.70317
38.94302
37.70956
37.66204
38.15877
38.61566
38.98437
38.93891
38.12259
37.93671
37.60046
36.9816
36.74515
36.49454
37.58267
37.41442
37.28148
37.07913
36.91908
36.88124
37.83943
37.44455
37.04646
37.15013
36.9831
36.72404
36.4684
36.07201
35.58697
35.27605
35.17974
35.20781
34.89503
34.77841
35.25444
36.23992
36.89168
36.93662
36.45472
36.59011
36.86412
36.23002
35.90269
35.97032
36.07969
36.13987
35.50052
35.51794
34.98187
35.32367
34.44987
34.5325
34.68469
34.25237
33.29301
33.58535
33.80227
33.99374
34.07356
33.6108
33.28876
32.4573
32.1231
31.90788
31.60094
31.07182
30.51705
30.39716
30.56526
30.47716
30.28889
29.31356
29.15263
28.85116
28.92653
29.48121
29.40027
29.16622
29.23177
29.78726
29.78226
29.17959
28.77367
28.57933
29.4333
28.58131
28.96552
28.57699
29.75528
29.36302
29.56712
30.69502
31.25118
30.63843
29.90779
29.42244
28.94217
28.45533
29.1209
29.88642
29.96357
30.09316
29.54399
29.16831
28.99925
28.97404
28.84286
27.63845
27.28764
27.61639
27.32895
27.50345
28.47014
28.80542
28.83994
27.91832
27.90326
28.7845
28.54546
28.18374
27.92897
27.04228
26.85808
26.6143
26.60915
26.19118
26.69
26.9438
26.08569
26.97452
26.55124
26.87012
27.38776
27.92313
28.7849
28.95686
28.97248
29.68948
29.1745
29.36164
29.57614
28.30784
27.77959
27.97841
28.43873
27.29291
26.85663
27.30183
28.33541
27.361
27.22069
27.40713
27.00965
27.42789
27.83675
27.23026
26.35166
25.91447
25.83565
26.42118
26.8392
26.98939
27.69368
27.80902
27.29045
28.04131
27.37414
27.46769
27.89511
27.9862
29.23111
29.01756
29.16399
28.08325
28.5601
28.01009
28.12651
28.20387
27.85834
27.87403
28.66413
28.64663
28.69612
28.0937
27.66719
27.75532
27.93903
27.60246
28.56272
27.39139
27.37051
27.36698
26.73311
26.44938
26.37528
26.22706
26.46032
26.06669
25.61133
25.74359
24.62539
24.30279
23.32417
22.92638
22.54195
22.93963
22.99091
22.88961
23.1715
22.40049
21.86944
21.94514
22.01069
21.59135
22.19948
22.23644
23.03783
23.18058
23.12291
22.83413
22.63572
23.49135
23.31888
22.78183
23.23744
23.09276
23.14527
22.63713
22.94389
23.14793
22.87186
22.85191
23.10063
23.0831
23.12085
23.27142
23.33508
23.87876
24.07302
23.79936
23.17763
24.66052
25.2588
24.54772
24.76035
24.41954
23.54235
23.439
22.74418
21.38826
20.44696
20.47812
20.34852
20.56785
19.97456
19.50683
18.951
18.40495
17.80897
17.60648
17.88123
17.30679
17.27516
16.94629
17.39962
17.08388
16.76673
18.05809
17.31774
17.65422
16.60655
17.09274
16.51996
15.66528
16.06592
16.42512
16.25675
15.64502
14.94046
15.52392
15.95926
16.21139
16.43403
17.46001
18.05874
18.37908
18.1638
18.23008
17.84418
17.52884
17.53249
17.22747
16.67074
16.29062
16.84588
16.15143
15.77746
15.76527
15.73975
15.5156
15.30527
14.82762
14.73807
15.2724
14.97847
15.28108
14.31854
14.14922
13.3647
14.40677
14.80228
15.00855
14.70165
13.77593
13.8038
13.38642
12.95563
12.2427
12.26002
13.57714
13.25568
12.90095
13.71133
13.68184
13.72398
14.49009
13.9717
14.05051
13.73575
14.08389
15.22563
15.39586
16.09855
15.71208
15.86259
15.70512
15.57406
15.43781
15.70919
15.65291
15.63168
15.80475
16.09753
16.30006
16.40192
15.89369
16.09522
15.74007
15.62611
15.2793
15.19261
15.16208
14.93898
15.31872
15.42198
14.65636
15.1377
15.90947
15.8734
15.77211
15.51419
15.64665
15.14157
15.55327
15.55211
15.4766
15.20515
15.25584
15.65602
16.10131
16.04611
16.23962
15.92655
16.23577
16.68469
16.37624
16.68123
16.2078
16.97379
16.82502
17.3436
17.1285
17.53844
17.77882
18.24218
18.63923
18.50259
17.84746
18.50815
18.37414
17.44435
17.68343
18.5683
17.66287
18.48351
17.92896
17.30497
17.41461
16.82457
17.33675
17.0631
17.22673
17.08532
16.55965
16.76008
17.25366
17.45558
17.64317
17.87676
18.33864
18.06377
18.66556
18.94033
18.64724
18.34062
18.48428
18.2265
17.94966
17.40247
17.12854
17.3948
16.84023
16.74783
16.13454
16.58922
16.28795
15.65395
15.84386
16.40803
16.80403
17.12567
16.9278
16.76289
15.94682
15.71899
15.29567
15.04649
14.84945
14.46234
14.53276
15.04823
15.59737
14.92636
14.91236
15.23866
15.51638
15.34988
15.15994
15.58541
15.65184
15.91725
16.13883
16.71432
16.99778
17.3207
17.98898
18.46983
18.91662
19.37858
19.64323
18.24246
18.02681
17.84708
16.99588
16.12874
16.48721
15.65838
15.79846
15.85522
15.76639
16.37961
16.61236
16.37082
16.66093
17.38833
16.92332
15.86221
15.30717
14.73365
15.08378
14.51157
14.20394
13.53127
13.15368
13.13586
14.09164
14.92999
15.22178
15.51257
14.42788
14.69129
14.54648
14.59471
14.12602
14.15732
15.04318
15.28869
15.77929
15.70138
16.0415
14.82885
15.52748
15.37621
15.35724
16.11078
16.70973
16.12749
16.16183
16.54429
16.48667
16.76824
16.64358
15.71062
15.7565
15.36288
15.72514
16.02247
16.08681
15.50077
14.98108
15.10789
15.16932
15.01843
14.70369
14.52826
13.80288
14.62685
14.3751
14.29655
13.66447
14.29489
13.93253
13.51639
13.67162
13.25788
13.97463
13.69189
14.06739
13.41758
13.47392
13.76821
13.20652
13.39675
12.40898
11.63081
11.63613
11.74408
10.84607
10.85918
10.3228
9.516993
9.037357
8.223321
8.631371
8.685441
8.130444
7.389911
7.32103
6.453766
6.872458
7.367018
7.40468
7.078758
7.398075
7.717772
7.520648
6.810885
7.101539
7.63972
8.168174
8.647228
9.315788
9.523956
9.375496
9.23313
8.389151
8.17155
7.888198
8.397411
7.885431
8.009485
8.083949
8.085404
7.740934
8.012877
8.405072
8.730869
8.832454
9.646509
9.386495
10.10731
9.789417
9.280327
9.338878
9.637271
9.999725
9.608945
9.616857
9.982504
10.33868
10.35489
10.31919
10.44139
10.61627
9.783078
9.433382
10.01216
10.55463
10.71677
10.54524
10.17858
10.50625
10.38269
10.0568
10.14894
10.67626
10.11233
10.28708
9.857847
9.574667
10.07185
10.05868
9.688707
9.942561
10.25897
10.91025
10.43989
10.13801
10.10516
10.18116
9.828155
10.92873
10.08273
10.30563
10.80714
11.38279
11.48629
12.23427
12.70289
12.51576
12.33783
12.04431
12.64459
11.67847
12.0821
12.41871
11.8609
11.49886
11.20559
11.48939
10.89951
11.00642
10.85931
11.58557
12.346
12.4917
11.84354
13.24938
13.69804
13.44652
13.7488
14.59424
14.99178
15.11455
14.24718
13.92899
14.411
14.05077
13.93365
14.01346
12.94722
13.21128
12.61511
12.61989
12.11126
11.89853
10.7425
10.61062
10.47017
10.272
10.52893
9.969119
10.61624
10.45681
10.20129
10.3619
10.52048
10.44426
10.23834
10.61431
10.58499
10.05913
10.52
10.9679
10.67434
10.01959
9.75544
10.19073
10.08165
10.88166
10.34567
10.01746
10.50238
10.798
11.29712
12.14297
11.94158
11.34505
11.02193
11.72192
11.57714
12.14925
11.96281
11.03903
11.67368
11.67638
11.45485
10.40906
9.375619
10.06217
10.0012
9.92344
9.871249
10.09706
10.37796
9.704254
10.05968
10.1649
9.987096
9.479812
8.867207
9.80301
9.498459
10.43723
10.30042
10.73257
10.73839
10.66471
10.99745
9.753089
9.187558
9.238535
9.157643
9.088195
9.245042
9.205783
8.98516
8.666069
9.099791
9.994221
9.543829
9.994801
10.57132
10.76995
11.21005
10.75322
11.13311
11.23904
10.52389
10.61941
10.99206
10.22646
9.364484
10.57466
10.83388
10.32836
9.900713
9.743875
9.180336
9.417807
9.647605
8.867127
9.523968
9.418295
10.14962
10.09198
10.27909
9.489217
9.851469
10.09059
10.49663
9.243876
9.132693
9.121167
9.614221
9.090823
8.802587
9.470279
10.29185
9.486805
9.674719
8.804223
9.678438
9.583218
9.688721
9.697907
10.65597
9.876052
10.33666
10.37714
9.666204
9.931851
9.457522
9.819805
9.091503
9.736945
9.775123
9.043658
8.999908
9.844447
9.718899
10.1191
10.1254
10.65355
11.13737
11.13507
10.45557
11.13187
11.59354
12.21781
12.10703
12.11378
11.88211
10.67443
11.14822
11.45025
11.94293
12.28632
12.4848
12.24411
12.02393
12.67107
12.91922
13.16535
13.89978
14.88868
15.30298
15.66977
16.03265
15.99476
16.41082
16.47408
16.31385
16.11322
16.26425
15.59908
15.82793
16.28703
16.37292
16.24587
15.72119
16.08174
15.71286
15.83994
16.29573
15.95133
16.19473
17.31738
17.06157
16.25769
16.79369
17.26473
16.93562
18.16014
18.17871
18.70675
19.16518
19.61408
19.25835
19.50073
19.77372
18.96383
19.03534
18.78305
18.14191
18.21669
18.71942
18.6562
18.71162
19.19215
18.9289
