70.14323
72.85799
67.44244
60.38081
67.61849
64.88596
61.68245
67.1843
65.86666
70.12204
63.2587
62.30142
63.72201
67.44686
61.68458
59.31183
59.90164
62.44901
70.45447
63.81264
64.94575
60.16054
56.37333
67.97478
66.36273
60.84952
65.88283
63.74136
61.17531
68.14965
64.76395
61.00028
67.51498
58.3281
62.25158
66.51191
62.13264
72.43373
58.85471
56.90264
65.30563
62.2501
69.65546
67.0074
70.0839
58.61494
65.43322
68.70016
65.68323
58.66902
64.57857
58.91953
70.01621
60.06158
71.3915
65.80444
61.98208
62.241
63.67274
64.80135
68.06207
63.09033
70.50735
66.51384
63.64512
65.18
59.58533
59.83733
58.72552
62.50755
61.29078
61.09549
63.31218
56.77839
63.10704
55.29598
64.05554
60.63174
57.761
54.48668
59.65712
65.95866
66.19057
63.1387
65.10992
62.94434
63.42945
56.28602
61.20408
60.42419
69.39423
63.0803
59.87668
66.30228
60.26728
51.21288
57.52922
61.24663
68.05237
62.24182
71.9251
63.07643
55.86623
67.61815
68.98319
65.30554
59.35484
57.97881
61.3397
66.50979
66.49578
62.76973
61.32348
65.62588
66.75446
63.68623
64.70287
66.05662
57.32271
58.05391
66.64561
60.92579
65.49521
61.51269
64.41869
67.94785
64.25795
61.17361
69.03173
58.86763
57.00899
59.84936
57.5626
59.81653
58.94729
64.95584
54.93015
63.04999
61.03631
70.19164
64.00221
73.78312
59.88506
69.22215
64.93462
63.27077
65.95031
63.00087
67.39274
63.84436
59.05666
60.26288
71.35022
64.5314
68.81068
59.70097
69.24251
67.55584
67.01244
65.46466
60.00688
62.88877
61.75729
55.74137
58.81093
61.05384
65.28912
65.41194
65.85413
68.37031
61.88022
54.02523
67.88175
64.21708
70.92005
60.02548
61.87212
66.43235
77.40219
60.03021
59.72558
62.92892
62.60229
60.5937
70.80662
60.28658
64.21761
67.17315
62.39943
69.66316
62.92306
60.48222
59.03514
64.59289
64.92852
59.11568
69.68848
59.10394
59.36569
65.59982
63.01771
69.38504
58.51453
53.36399
60.69413
68.69492
66.73781
64.04561
59.92363
62.49483
64.03443
61.79766
59.11313
58.03266
69.63458
57.90946
62.65754
55.97829
63.81303
63.57209
67.88684
64.95527
60.48068
68.0723
61.73689
66.63442
61.54784
66.34809
59.40066
61.59653
64.22247
72.43676
61.33611
68.15709
71.43028
65.22964
66.11203
65.58097
71.22375
62.97939
66.05504
61.43096
62.19004
70.08696
64.40874
63.36261
59.18836
61.81556
66.75776
63.89352
65.13473
73.11713
66.04152
68.60916
62.87071
65.0069
68.41971
62.63182
59.47296
60.59963
66.93742
60.61395
69.49379
59.97059
72.86029
72.27781
62.20564
63.67851
62.86625
60.66373
59.49586
58.05112
60.18884
61.5723
64.08345
64.65086
64.58076
60.7649
56.41641
60.61911
65.7553
68.65413
72.7165
60.23916
62.03398
67.05129
60.90893
60.63236
58.31706
65.27922
56.59
60.64072
63.94055
66.49478
67.49874
68.27758
68.48822
68.99927
67.11615
58.56717
69.36097
55.31607
66.31593
73.60436
69.14587
56.63737
71.03292
58.9279
63.87436
69.02433
64.67638
64.27094
64.77244
61.26923
57.61546
55.94164
74.47508
65.33911
67.27268
68.71379
68.53871
71.37475
62.10931
58.18424
62.96904
63.27759
57.0174
68.72044
63.62627
60.57391
61.80798
62.27229
61.94408
62.74257
68.65617
64.79085
63.726
66.49091
58.8001
67.41706
61.6961
67.76064
66.68261
65.16887
66.51078
64.8009
59.05134
65.79294
60.21072
59.10523
65.84379
60.42684
59.36082
54.82275
63.41732
61.84143
55.62558
61.4571
59.84949
67.47046
58.22555
64.33896
68.69146
70.7435
73.07669
64.57405
63.60043
66.37809
61.3026
58.42618
69.71066
68.91774
73.77304
62.2728
58.50118
66.49845
53.41158
67.89457
60.95833
59.19294
69.62434
67.18689
63.80173
61.46484
64.20888
63.62612
71.91511
56.96556
55.33506
57.00069
65.88123
57.44691
56.47308
52.51394
65.37495
60.79853
66.86077
61.29733
63.52278
58.91822
63.4354
61.6426
66.90499
67.7161
71.42147
65.59992
57.00974
66.3149
65.88469
66.76094
70.06258
61.99362
65.31792
64.35513
68.11797
61.86354
68.52952
65.08255
67.85769
65.9367
66.19487
64.80749
64.10317
66.65052
70.23901
54.54433
65.16613
62.95125
58.1839
69.74662
65.39584
59.14882
65.54021
63.93618
80.02181
62.55538
61.65693
64.87652
69.05131
61.22349
62.23364
61.2393
65.04304
71.21849
58.59761
66.55567
57.45874
57.2564
62.09961
59.9981
63.42759
57.56335
63.74712
63.19486
66.29454
61.22355
66.05927
63.58184
63.02222
65.78864
70.45587
67.335
70.22117
67.60047
69.0427
71.33379
61.52741
59.21624
58.34283
60.5343
60.99715
59.48225
72.23948
53.31687
68.4694
63.34839
63.0496
68.48947
60.82164
57.90284
67.48212
69.85096
65.41965
68.8422
67.35055
69.53538
68.0808
66.16068
65.73604
61.829
68.18957
69.25193
76.10235
63.55163
67.56589
66.52434
69.32339
70.10339
64.56015
70.05226
68.02629
69.3237
62.19366
56.95737
62.27787
68.35433
65.6061
79.27073
68.81803
61.13433
69.45915
83.11985
71.52706
65.38408
64.56006
69.47818
66.49375
63.4171
61.82044
64.62106
61.69677
54.29905
69.551
63.37401
61.90593
63.05033
65.59425
61.47299
59.91353
73.04226
66.04947
58.8458
66.11816
70.43505
57.97135
62.64533
69.82881
58.15966
63.15483
62.70296
73.87122
59.237
60.78118
52.54397
61.25774
67.83823
72.81033
60.39383
65.24216
57.77112
66.50395
68.9508
62.10451
55.75931
70.64314
78.75788
65.94039
68.50799
69.20845
64.88877
65.11419
66.30571
57.78842
62.90776
63.30598
64.83944
63.33755
65.53075
61.1768
52.51232
76.71868
66.31784
64.22047
61.65806
63.75509
64.88534
63.33941
71.4356
57.23776
64.21554
64.92337
62.57851
71.5489
62.68909
67.59878
69.11327
65.76783
65.50901
69.34265
70.79423
62.23562
66.7395
58.18741
68.0369
56.58236
69.03713
66.51901
66.44685
71.66376
58.67794
65.01097
66.08969
61.85222
65.68723
69.24555
62.13393
66.89039
61.56799
61.44518
67.00631
62.95626
61.61258
70.65122
61.98844
63.37229
63.75063
57.57575
76.43022
55.68858
68.06539
64.05704
61.75355
63.86216
62.53748
60.73857
69.56457
60.33928
67.72822
59.74141
65.18145
61.45066
57.1449
56.7834
64.2352
64.56406
62.37902
58.80882
54.75749
71.8979
61.01187
72.09207
64.64878
62.22255
56.64038
57.51412
59.06477
63.78406
71.48148
69.60309
62.55695
70.91594
60.47786
64.81623
77.80198
58.90586
59.40353
64.35198
62.77975
60.88581
58.94178
62.48777
57.70967
60.29806
59.78034
63.8955
58.82377
61.22622
65.87542
64.14391
68.9792
66.63646
64.64699
64.2137
60.12151
60.86428
64.103
67.17627
59.1996
62.24354
68.16119
60.92754
64.23135
66.45556
57.56938
61.26239
70.63658
66.49665
67.64296
69.57894
69.41809
61.83594
61.86446
63.74994
67.42561
67.82385
64.02035
68.7092
65.38689
60.26309
62.86318
57.74978
71.5499
63.3926
55.71085
68.11227
61.19529
66.03043
62.31778
62.21159
68.89972
68.9703
69.15136
61.99522
61.66491
57.53276
71.76893
64.47665
72.32692
62.14917
78.23584
63.84467
62.99158
67.14733
60.18469
73.18339
62.86896
62.56435
59.73309
67.66729
64.88085
58.18264
59.31058
63.1296
63.83105
56.33123
68.06312
71.03634
61.47203
65.09689
59.1804
63.62752
69.32767
80.04394
62.39194
64.19617
71.69576
65.25591
61.4337
62.67585
67.9764
60.23163
56.63734
64.29166
62.82253
62.66005
63.13544
61.0405
58.19656
58.87638
66.08836
64.4576
63.55214
69.47687
60.87387
60.91473
68.70596
65.46666
64.92292
62.40702
64.39842
70.47131
55.95113
63.59771
60.90128
63.36845
53.42667
62.94069
64.39727
58.21416
56.16929
74.35
62.83364
66.8389
60.10505
60.41541
68.31099
59.52978
59.30688
55.14113
57.18386
63.49835
71.83239
66.66481
61.28705
66.67404
72.39082
55.80388
60.83263
64.89194
58.28783
69.25455
61.14964
60.28642
66.12609
59.44081
66.3644
61.80134
65.8326
56.77968
58.49695
58.892
63.31789
67.583
69.41983
60.31801
66.08653
61.65978
78.84955
60.17147
67.56035
65.03157
71.43905
71.64412
64.57538
69.92327
70.32548
65.78922
62.975
60.3006
61.85862
57.00033
70.31086
67.56199
71.64405
70.10955
64.30593
65.14935
50.67853
56.80362
57.17819
65.90984
65.22718
61.22197
61.60998
63.3757
55.92851
66.9392
59.08755
64.89015
61.14138
56.90926
54.44395
68.21605
69.742
65.30601
67.04801
68.3352
60.24962
58.71046
61.32901
67.51086
64.90624
70.59168
67.57136
65.05358
69.36539
57.4473
63.07644
65.25229
68.15434
65.37958
63.70081
65.97827
61.25407
56.78067
59.37031
68.54212
62.14961
74.18288
75.56978
64.67093
72.45
66.28
60.12699
65.35065
62.60839
59.07171
67.72406
71.49775
74.00459
63.25164
63.1833
64.33576
63.42455
68.95676
64.71605
66.93407
63.6359
68.65152
56.27417
51.77722
66.05992
58.45878
67.77401
63.97242
73.15705
71.87369
67.46395
64.18987
64.29796
58.54371
65.67636
56.31881
56.13876
70.49558
65.29543
55.63975
58.28909
73.11208
59.97127
71.49351
62.11722
68.7732
59.14795
57.91894
65.80002
66.77359
64.5191
67.42414
60.86428
60.43091
54.44389
66.20212
61.51944
68.11453
69.53268
66.80066
63.55781
65.51363
66.59396
59.73183
65.83517
60.84322
63.07952
70.43009
62.60228
59.77832
61.87698
60.68743
67.17308
64.49793
71.10775
64.68061
54.44267
63.0141
59.73242
67.84184
69.69088
68.15715
64.95634
60.71796
61.70594
67.39121
61.46462
65.32627
55.51946
65.50507
65.53188
55.66754
56.83352
55.03685
60.27485
57.72062
64.79411
57.43346
62.8862
60.96402
61.89589
58.95335
63.22546
62.08158
67.05595
64.21496
60.72719
61.85337
67.49555
61.92869
71.05645
64.91625
68.69088
66.08549
69.98765
71.057
59.92276
62.28047
62.84348
71.51597
60.69833
67.51983
69.48266
61.80642
61.68272
70.13529
66.95877
59.4757
60.46046
58.16033
71.55502
71.06601
65.70654
58.79176
65.52579
68.58043
59.24877
62.75817
62.53176
65.75942
66.19621
68.97054
60.60095
70.95962
64.2649
60.4697
66.9395
61.07212
66.12432
66.94514
61.95666
61.80781
55.27381
60.73947
69.48519
58.92131
57.79226
64.88956
63.95771
63.72499
70.3682
63.42283
60.29701
63.57998
65.7217
58.01584
61.77436
69.31286
62.40941
62.50751
61.92744
63.81438
58.07229
57.89103
72.22837
61.42902
52.83747
57.02616
66.0994
65.71167
59.30382
65.46127
51.36236
61.18823
71.03117
58.94723
64.84345
61.77189
67.89826
68.23626
60.92464
63.26187
75.95336
65.76258
74.30705
56.32013
71.05458
65.30939
62.61723
60.7377
62.70298
61.22268
56.9624
69.90368
65.98891
71.44403
68.79078
77.22542
60.15311
69.54001
63.24501
70.83073
60.76806
62.32931
59.76361
67.34135
66.72663
59.0076
68.97364
68.04132
71.5079
63.3195
64.41366
66.11675
59.9416
55.84036
62.72462
59.0581
62.32405
61.88545
59.5569
62.63445
68.70539
64.61039
57.82208
62.16569
69.37031
68.50294
65.2561
70.38195
66.56133
67.50221
53.90413
60.72358
56.87354
60.88287
67.15836
67.73799
63.31182
68.12733
74.68073
68.08682
64.91321
67.09291
60.95124
64.5305
63.79836
52.78046
65.81679
68.048
62.02084
60.73625
63.84323
68.71787
57.52275
57.10738
55.72835
57.85763
65.67929
61.92847
63.23242
68.10591
72.59568
61.9158
55.21299
57.78847
70.20689
64.35379
60.59725
72.33247
68.87278
66.18167
59.43834
59.46661
66.8661
68.36316
67.98373
58.18452
67.72509
70.02246
60.73225
58.95717
59.35571
61.86259
59.1741
58.35823
67.42246
55.79843
61.32001
60.31632
66.03916
63.60446
62.70359
59.25302
59.80261
64.07894
59.73524
61.108
68.66691
59.60733
58.71043
60.26594
55.67108
67.2449
59.6662
66.9873
66.73057
62.7633
59.88853
68.04549
69.7787
73.32448
66.68293
68.26811
67.39789
63.21964
65.5299
67.45388
59.40946
57.56627
64.81379
55.41737
62.0929
66.51796
63.59783
68.68848
61.9594
60.3057
68.40958
60.7594
61.99992
59.84161
54.93678
55.35165
68.89335
56.46312
66.00928
57.81809
56.88514
57.27967
66.61116
70.69482
58.73522
61.97456
55.95279
67.09877
64.56012
67.32412
64.99593
60.62773
63.393
66.55594
61.70711
57.29781
65.41319
59.52181
63.2244
63.2046
67.80187
75.86336
69.0514
63.50414
72.48114
61.22174
65.3712
62.65488
66.03151
71.22541
63.71817
69.04391
71.0509
65.51392
52.76742
62.85994
59.07195
57.86074
61.07653
71.06042
68.41279
61.32488
65.61457
64.09969
64.97203
59.50746
61.31764
76.17712
76.55987
63.11965
60.61275
69.65668
61.13148
61.5135
57.42766
64.99297
65.44115
75.61815
74.19795
65.70292
66.95229
65.94805
64.49109
72.65466
60.13639
66.1972
68.07992
62.09087
57.85118
60.05835
68.94938
69.54636
66.99682
63.92703
63.40402
64.37284
60.81326
65.63752
66.46335
71.11443
64.29095
60.13847
67.62044
64.69905
62.28556
59.42739
64.50873
64.83991
71.40953
66.43688
61.08883
67.537
61.98921
60.73543
66.0674
58.04367
63.52463
67.93386
53.45556
58.27512
65.59704
64.20116
69.82882
69.0234
64.56444
61.24644
69.37862
65.22208
55.26356
55.36299
74.15513
68.33662
59.2478
58.73724
60.97527
55.32389
57.87668
69.82896
65.3813
65.4938
57.62375
59.36868
61.76133
61.84633
61.00993
69.16775
63.27315
66.24104
54.21313
61.19362
65.59776
53.79654
62.36916
66.021
73.94291
64.24891
63.26028
63.78091
62.5816
54.99327
65.32623
60.60805
60.6961
63.12324
56.77176
64.11303
71.50108
70.08588
60.08988
59.04487
57.5746
64.15099
66.09336
69.01573
63.82513
62.50594
69.18089
66.14104
64.02471
57.75668
55.88903
66.57246
68.57342
69.21532
59.05508
63.8938
60.68191
61.28814
66.99004
63.71062
58.99589
65.12517
64.87781
65.49395
68.20024
67.44986
65.42093
68.67077
63.54872
69.05923
68.17304
63.77573
59.95012
60.32689
63.68907
63.39085
59.59833
55.65555
65.60542
58.82392
63.9039
66.02346
68.91807
66.57714
61.31862
71.85835
64.31957
58.12661
63.57348
71.25718
69.31244
67.90695
67.27992
63.21421
62.49196
52.43204
57.25594
62.35129
68.14459
70.93355
56.68986
61.57578
61.41963
65.84902
60.6073
56.81595
57.49111
69.09215
59.0172
63.4082
62.88405
63.30209
52.76538
58.47872
49.50186
65.4183
56.63188
65.99429
62.41172
58.02818
67.55443
69.57906
64.14482
55.23591
66.08215
61.0355
72.98773
76.37678
68.09434
69.45141
58.26609
69.47001
70.45479
59.88714
61.96987
68.45021
67.03378
65.77478
57.31264
63.37614
67.34071
68.93037
61.67172
62.8478
79.12258
65.35965
58.84322
61.57732
62.57719
59.5955
73.3322
64.51264
72.24977
63.54853
62.19648
73.8725
57.85696
58.74331
70.98104
66.75733
60.47056
66.53997
57.24241
59.23439
69.72385
64.20197
58.11696
59.16431
62.80044
62.4015
67.87498
58.73016
68.17142
63.57833
63.68728
68.11559
62.87821
65.14899
75.2215
61.65294
68.93527
72.32801
71.47695
71.19776
65.3106
65.76991
61.7904
68.50412
59.88055
60.37444
67.4286
63.97168
59.66983
59.65178
64.02718
67.81221
56.62852
62.97097
55.30538
61.57153
66.76166
59.69079
58.66961
62.57672
58.19074
67.20857
64.91556
64.50808
66.97421
66.11589
57.31998
64.37314
61.07384
63.10696
65.65746
66.86532
58.95213
63.4704
70.06455
73.89411
67.95275
56.94991
58.66085
72.89516
68.48402
73.15972
64.40051
60.45202
63.43934
70.66723
56.22929
56.67233
62.5737
62.88942
58.62173
67.78482
53.77117
65.39549
65.8511
66.14972
68.59079
67.89977
72.99275
64.11607
59.62201
66.49661
54.08711
65.32859
64.77893
70.41377
71.60744
64.00623
65.22223
59.27621
62.96852
62.10378
55.10792
67.29296
62.33168
62.70927
67.22371
68.75121
67.41755
61.75313
55.66449
59.62945
64.98488
63.66547
65.49708
64.63626
81.09483
61.32885
60.8534
65.50781
66.60849
65.52968
63.51483
61.14102
67.30167
74.11376
73.34529
74.28268
58.99349
67.61342
66.28937
59.50261
63.23711
56.85301
61.20538
58.88755
67.76333
63.24318
55.07298
63.16556
58.84942
68.49251
63.4582
68.53335
61.91234
57.26593
59.57938
65.01961
74.12729
65.41171
67.16526
73.43802
63.64461
73.51582
78.04177
57.66222
65.49205
71.74971
60.52662
66.08278
59.36716
63.11982
55.33733
62.93263
57.22961
67.44667
65.38902
66.87
73.85011
75.71549
63.09484
67.30374
68.65826
63.66098
64.86096
65.08205
58.97148
59.30315
63.49013
68.65436
57.6524
54.85444
61.32013
71.45139
70.85502
65.97641
68.60725
56.87583
54.12114
60.2174
63.69421
63.21962
68.64569
65.01036
67.35012
63.92791
68.02254
61.74998
66.89237
63.85411
57.03661
57.54122
58.69335
63.56041
67.18703
62.19231
68.84706
61.41076
63.3626
62.37818
71.00279
63.05067
55.23134
66.34151
64.74062
58.41328
57.94026
60.24894
57.32265
55.99972
55.85422
61.62512
59.34147
65.05886
57.10518
65.19834
61.37909
58.16197
64.11462
67.33576
57.61069
60.31845
59.85263
70.07774
65.49132
63.16796
60.93781
62.6119
60.53424
55.38549
72.68806
59.84968
64.31471
62.42163
59.76987
69.23921
63.22201
73.04555
70.83958
65.2089
65.62703
65.08203
58.53229
62.17242
63.86557
58.19174
68.48976
61.54755
67.5202
55.005
74.57402
68.52594
67.41321
68.2084
68.17254
60.59819
65.18151
64.11528
68.00337
66.0436
70.51225
66.45589
65.30498
63.62379
63.90545
67.10692
59.09126
60.55518
53.39264
61.44188
65.93165
70.01661
60.40984
66.7028
67.29774
64.43578
67.54835
64.32547
59.71217
58.27263
57.34417
62.13805
67.12906
62.75772
69.10447
64.13452
66.72248
59.68408
61.95258
61.13111
67.01202
64.46089
58.62007
59.0989
60.76664
65.85885
69.51829
71.49894
71.70605
62.02441
66.17641
65.42576
56.54353
63.33521
57.12634
61.337
65.76863
57.88312
60.90996
58.76019
63.55053
62.55202
66.76819
72.37998
68.34491
64.1448
61.77049
63.31516
64.99473
62.12829
62.83072
63.74185
64.68769
60.78206
65.95259
64.71979
63.49321
60.16047
64.09074
67.67455
53.87066
69.68856
57.6378
66.74555
66.62245
69.43696
64.29185
69.55557
71.78139
64.4784
61.76452
67.72235
62.96498
68.40305
70.76751
59.01998
64.4095
61.81689
65.57302
59.53559
63.30784
69.08109
58.90251
66.68667
59.334
64.87096
55.16818
55.55766
65.61987
65.74457
68.09341
63.55363
63.9908
61.34265
74.81538
55.94734
67.73319
66.54729
68.08398
67.43036
68.77034
56.99772
63.04908
61.4884
58.92734
58.95412
61.29911
61.43074
64.70222
60.35645
59.03576
66.21665
71.00191
67.50232
63.2617
59.74983
62.74284
67.25448
62.21644
65.88971
68.57904
60.69268
60.52833
65.12611
69.85948
70.43434
59.50716
66.70003
65.24515
73.52252
55.33261
62.4144
60.14155
66.50763
60.70758
68.85499
65.92184
65.20497
51.82701
61.12948
64.13598
55.526
62.59524
63.98238
59.91245
63.73498
56.60104
61.85654
61.20468
67.07038
72.28363
65.53341
64.54428
67.21864
66.59433
62.2982
56.1937
61.40804
61.8691
69.7994
57.83816
73.2085
69.51278
66.59163
66.81689
61.70203
57.82935
65.32609
56.27264
58.41503
64.2976
65.12974
61.84031
61.7464
65.35914
59.78854
66.18773
62.82829
64.05395
70.1564
56.89233
67.41578
70.34382
65.87744
59.33864
58.61668
59.18781
63.28786
60.03288
64.0797
63.97031
61.85439
63.39006
67.49428
61.3877
58.25506
65.50334
69.67488
56.11672
63.23393
70.33734
56.77316
60.67134
61.90766
69.42861
55.30122
59.30151
67.81897
62.72216
64.63632
68.5409
67.68182
57.56399
62.92752
74.41189
63.35191
70.02348
60.71699
59.26837
61.2323
66.39794
62.27973
66.70806
65.95871
66.4348
60.73538
61.92858
66.61051
55.84969
62.66272
63.62006
60.56657
70.1626
62.75812
65.32846
51.23948
64.97509
67.66734
56.19646
65.37212
55.94077
57.37045
57.37699
61.59191
58.63251
66.00656
66.0039
69.83456
58.73668
66.21998
59.60532
66.03323
66.95136
62.06789
69.63101
66.40771
57.20702
58.90561
71.79723
68.69051
66.3378
64.01674
68.33823
60.03279
59.93264
60.62608
57.7323
59.05657
71.11366
70.66895
68.59633
62.47992
65.00173
73.63542
64.80153
64.2812
69.06573
64.94042
69.78699
59.87218
65.11815
68.13559
65.31687
68.12693
63.76408
66.1659
63.98371
72.7046
71.32948
57.018
59.34935
56.08143
69.69271
68.75066
62.29022
63.34888
65.03477
64.75349
68.2469
64.92664
62.41995
73.16936
65.2987
62.47171
65.697
66.66101
62.35002
70.30321
76.22178
70.06086
61.72374
64.43356
64.20219
63.03587
63.58086
69.80333
64.80598
59.2967
56.46877
57.57044
65.58337
65.66263
62.69198
63.14684
66.63509
64.64344
73.35975
57.57341
67.75881
63.98531
63.98426
57.02058
59.7234
66.9727
68.30321
63.637
63.19681
66.47159
77.52545
62.41658
63.04402
71.54167
57.59423
63.92188
70.89717
69.42326
62.66203
62.18836
61.38489
63.01288
66.54485
75.20324
60.86144
61.83162
64.44342
60.60288
70.19786
70.85469
59.38751
57.11595
61.22945
60.22792
55.1537
65.49086
63.59488
70.18882
67.41391
67.88807
64.56634
59.98311
60.9202
63.27187
68.54072
65.63027
56.3997
54.02543
67.86846
63.30876
58.43387
68.40892
63.43905
70.69541
64.38442
58.70812
66.21712
63.69277
65.59313
61.95924
69.385
58.15022
50.46413
62.54418
69.18188
71.7351
67.02421
63.01944
69.19568
60.30671
64.25665
67.48047
65.66062
74.12548
62.86406
61.42446
61.52551
60.86407
61.30206
62.14793
58.81768
64.05074
59.89078
62.71309
67.32751
64.84238
64.26448
74.96132
67.46138
61.75419
69.58979
59.43466
61.53991
61.70596
65.36357
65.00369
58.4764
70.49123
53.04978
77.43148
58.1668
58.04026
52.47314
54.1059
65.12715
71.1163
55.61276
68.32563
62.03524
62.78821
63.16803
61.91166
61.97026
67.12485
62.65972
64.29994
63.70361
64.22776
60.42764
59.80661
53.80359
75.90872
65.80611
58.14935
63.02987
58.29255
65.91261
53.07249
66.46645
69.72478
61.90187
62.24007
59.96701
57.08272
59.12381
61.30554
63.48149
71.37964
63.32429
71.18249
62.37716
60.31202
55.73991
62.60319
64.33727
58.6407
68.43326
60.12081
66.58261
67.24846
65.42247
62.09532
66.17227
65.00666
67.21359
68.19475
58.78632
63.99336
71.66099
70.30451
63.58686
61.92894
61.73132
56.28728
70.32176
61.99999
63.08847
59.2801
59.33652
63.18193
59.31793
57.78752
66.92379
69.95385
63.22455
56.07284
54.91611
63.75331
57.52428
62.78621
70.1346
61.08212
67.40902
59.72591
58.70284
59.54463
59.53104
57.13909
72.14842
66.93033
58.59675
67.76548
70.15704
63.45009
74.75945
67.27541
65.14294
64.61959
61.96227
59.87106
57.75285
71.1434
67.84309
64.32755
70.52747
59.79961
67.79728
55.80572
62.66736
63.08595
65.73727
71.62186
67.01269
66.63622
66.3773
65.42137
75.63786
66.97848
69.7703
61.7953
65.10062
66.52975
56.61715
68.6338
71.3887
74.44894
64.52186
67.23404
66.72975
59.37055
66.30057
60.55732
67.38382
63.11872
63.95675
56.52932
59.85459
61.42544
64.9767
76.61603
65.26003
60.82058
53.10302
67.35283
54.31454
63.10005
56.83982
63.95988
67.91268
66.47585
63.52635
69.99908
62.90554
64.43424
62.30006
66.58499
63.29323
66.0717
58.33052
66.51344
65.21282
63.36117
64.56539
62.89249
64.79853
60.53498
67.2298
70.70397
61.11079
67.63285
71.16463
69.19724
74.35807
65.29895
68.76948
57.5426
61.1084
65.37089
65.98533
55.38423
59.78389
59.88185
52.84585
59.84125
64.89841
62.13025
65.90281
61.8609
65.12153
70.2797
65.69923
61.63972
67.01358
70.15382
54.40146
65.06643
53.02408
61.72535
58.94894
64.25216
60.97993
59.88657
59.44675
