factor(envID)5 factor(envID)6
-0.9671971 3.326238
0.1175095 2.720849
1.226497 3.282554
0.1266693 3.174502
1.295294 3.615603
0.7463711 3.59239
3.296164 6.018857
5.668156 6.647897
7.063489 9.945022
7.413643 10.98891
6.53689 9.314411
7.903928 11.18829
9.220468 12.323
10.56131 12.96729
9.422504 12.23139
8.133533 10.12958
9.437456 12.20411
10.10527 12.79053
11.09832 14.50585
11.19966 13.30901
10.46057 13.54759
10.70631 13.37314
9.518703 13.17472
9.971752 12.42168
10.7693 13.94684
11.12526 14.59994
11.95054 14.26855
10.9282 13.3239
11.07216 14.09998
11.74636 14.46275
12.0239 14.78188
12.01867 14.78032
11.08693 14.79033
10.06177 13.16404
10.92196 12.98709
9.959934 12.90441
13.07325 15.35037
13.49182 17.03865
15.10528 17.04046
15.5333 17.24336
14.299 17.08462
14.9219 16.93588
15.74482 18.9805
16.73152 18.76848
17.45163 19.86562
18.8817 21.18567
18.71255 21.25127
19.35899 22.00786
20.35963 22.36096
18.66557 22.51811
19.1957 22.09375
20.03666 21.6898
19.23483 21.60267
18.27067 20.08145
18.1738 20.46524
18.26156 20.88741
19.7454 22.08136
19.8636 22.45116
19.09655 21.49754
21.44336 22.81322
19.77225 23.0721
22.10518 25.18859
22.24827 25.92914
22.91767 25.17767
24.47838 27.29682
25.00573 26.46137
25.84556 28.45282
25.3197 27.79352
25.49374 27.90968
25.30709 29.37683
26.76432 27.92081
26.19021 27.85679
26.17232 28.44875
24.86644 27.84039
24.31946 28.02054
23.67034 27.38406
24.50317 25.83316
24.31241 26.78011
24.1139 26.99217
23.41419 26.95406
23.44973 25.82692
23.78313 25.78443
22.90257 24.90725
21.55081 24.40037
20.83305 23.00934
21.91473 24.46387
23.46081 25.06332
22.93244 26.02398
21.59432 25.28588
21.77351 24.80333
20.90536 24.13421
19.93359 22.59333
18.19914 19.56192
18.50461 21.41654
18.72783 22.05057
18.02116 22.39301
17.08735 20.50474
16.16409 19.12381
15.45775 18.58991
17.24412 19.15421
19.04678 21.58731
20.36905 22.56848
20.37425 22.30139
19.31556 20.58167
18.32484 21.08815
18.02204 20.29779
18.36326 21.64993
16.95833 19.66074
16.81484 18.71571
16.65573 18.94907
16.32184 20.13813
16.31692 18.84435
16.60436 19.37867
16.7382 19.4785
17.09506 19.3711
16.7462 19.95493
15.92219 17.6775
15.9067 18.86162
14.66626 17.45832
14.88745 17.07525
15.23732 17.99713
15.23984 17.90544
15.67254 18.30539
15.73025 17.54815
15.34293 18.75323
14.68091 17.61812
15.31873 17.55097
16.06371 18.49354
15.14115 18.38471
15.05676 18.11183
13.02472 16.08175
13.32699 15.55693
12.60815 16.54175
12.49892 14.83403
12.77857 14.4509
11.8172 15.40613
12.01219 15.60775
12.15777 13.96878
11.05678 14.53999
12.13217 14.18693
12.13887 14.03382
11.44642 14.28735
10.87677 13.48778
12.14996 15.23809
9.706678 12.65184
9.357127 12.26731
10.06001 13.01796
9.888521 13.12256
11.94833 14.5642
11.51492 14.04751
12.69865 15.21478
12.16775 15.50535
12.63053 14.66307
10.46742 13.57969
10.76137 14.24251
11.35716 13.86685
12.01493 15.42894
12.84569 15.3848
12.96564 15.82152
13.35171 16.27284
13.29773 15.39813
11.20818 13.97064
11.60458 14.31679
10.73693 13.61999
10.27057 13.53274
10.65201 13.79247
10.89324 12.20246
11.7976 14.84209
12.71806 15.46279
13.68236 17.36678
13.82712 15.87643
13.85631 16.0869
14.08784 15.9303
12.65589 15.39229
12.20715 15.2892
10.90458 13.74329
12.51928 15.13135
13.06924 16.08727
13.87539 15.61495
13.36705 15.93629
14.91297 17.43043
13.37785 17.26573
15.38188 18.39359
14.89239 17.0207
13.74654 16.28339
12.09155 16.08751
13.68723 15.74127
13.53597 15.91658
13.97419 16.75143
14.27914 16.85124
13.99195 15.90821
12.76857 16.05214
13.31638 16.09383
13.60853 15.51378
13.37852 16.48822
12.07004 15.72127
12.67 15.84099
12.81869 16.75839
13.47871 16.35851
14.16312 17.32877
11.33322 13.91748
10.69028 12.85351
10.35338 13.35811
9.120874 12.30771
9.528281 11.63835
10.4789 13.12817
9.893272 13.54338
10.63303 13.96945
9.422849 12.41661
9.663304 11.58615
8.609985 11.82458
8.687754 11.74794
9.568552 12.72872
9.526381 12.69577
9.447389 11.96122
8.524809 10.96677
9.487182 11.48239
7.835472 11.01102
9.433381 11.50633
9.210022 12.29789
9.251479 13.1325
10.95602 13.04406
10.55169 12.11439
9.927925 13.42218
10.04085 12.97525
11.77853 13.46084
8.85795 12.33981
9.531901 13.32731
10.13551 14.10279
9.572035 11.55236
8.684336 10.19668
8.380096 10.03999
8.111171 10.68968
7.9647 10.4547
8.429766 11.6204
7.535118 10.5604
6.785994 9.64659
6.055622 7.920742
4.741774 7.958665
5.008516 7.800974
3.661549 7.117207
4.18109 7.144439
4.08823 6.38298
4.516928 7.031199
6.467408 9.636376
6.520023 8.776783
7.10221 9.672101
6.792774 8.365932
6.595575 9.551328
6.294811 8.417695
6.623673 8.461196
9.931518 11.87323
10.34521 13.1539
12.23194 14.68419
11.07823 14.05379
10.76096 12.66995
9.877124 13.10426
10.93965 13.16094
9.535893 12.85533
11.56759 14.66398
9.238674 12.72514
10.61911 11.88226
10.46142 12.21805
10.54484 14.49816
8.953252 12.14521
10.52258 13.12499
8.233674 10.63016
7.604988 10.18875
8.022908 10.22679
9.523834 11.36564
9.466778 13.96205
8.831965 12.26969
9.047914 12.94016
9.48657 13.63655
9.901841 12.40217
10.59988 13.41326
9.665465 13.29512
8.923229 11.12805
6.156472 8.782623
4.414537 7.508568
3.78115 6.037568
3.769127 7.446858
3.945916 7.400676
4.59091 7.923875
5.524085 8.705926
5.560037 8.356417
7.765451 10.22329
8.102513 11.49892
8.658918 10.89051
9.26381 12.20864
10.80598 13.23148
10.75478 13.34288
11.99279 14.83797
11.63527 15.03358
10.93128 14.20544
12.14928 15.52644
13.13551 16.48095
13.83596 16.916
15.00172 16.8434
14.53345 17.05953
17.07389 19.58426
17.28794 20.44634
16.12472 19.16992
14.2765 16.72364
13.91889 15.53932
14.28497 15.54969
13.03508 16.97922
14.32577 16.58754
13.55202 15.49818
13.54975 17.43334
15.21923 18.55466
15.68203 18.46089
14.98648 18.11829
17.0608 18.78242
16.60122 18.83687
15.71598 20.27466
15.25114 18.83845
14.32226 16.72078
14.12331 17.2086
13.43393 15.48763
14.57375 17.21107
13.52793 16.27127
12.88529 17.96068
12.87709 16.06077
11.76209 15.48941
11.91877 13.69704
10.08838 12.91312
10.6352 12.67053
9.911916 12.18934
9.759518 11.29493
10.41352 12.60124
8.565443 12.0177
7.529523 11.14304
8.308481 11.42526
6.701323 10.65611
7.074772 10.73488
6.433921 8.490073
7.302242 9.417812
9.071311 11.44198
8.382122 10.4038
8.318858 10.33602
6.833046 9.733967
6.826008 9.457418
8.277262 10.43014
9.342365 12.37955
9.23972 12.36517
10.59111 12.77893
8.719665 12.54173
10.51702 13.77612
10.12526 12.72358
10.69031 13.2196
10.71687 14.08104
11.35819 13.72269
10.73024 12.74846
11.29056 13.88962
9.650751 11.36265
9.207253 11.92317
10.20156 11.71404
8.690364 12.53026
8.884551 11.22419
8.721079 11.93224
8.712592 11.0846
9.036982 11.91429
7.912143 10.30992
9.204669 10.63406
9.29113 11.69622
8.631243 11.36086
10.36741 13.01998
9.636416 12.90568
12.40338 14.68068
12.29684 14.40265
13.05858 15.59253
13.14969 13.93321
12.61902 14.55318
12.69214 16.03471
14.59123 16.6477
13.88403 17.23944
14.01564 16.53716
13.03473 15.0488
9.822319 13.92523
9.929823 12.59188
10.03457 11.77093
7.731756 10.73367
8.961545 11.38919
10.85427 13.61825
11.12071 14.22348
9.989303 13.30561
9.263663 11.53325
9.733838 12.49232
9.052722 11.34378
9.37724 11.44097
9.493721 12.26602
8.870262 11.32153
9.097663 11.69813
9.56117 11.45259
9.548623 12.24511
6.997892 8.97527
4.550453 7.481472
6.478351 8.073454
6.194658 9.342752
6.332682 10.04644
6.895838 9.629965
8.71913 10.95134
8.591122 10.96386
8.229538 11.01544
7.533985 11.25534
7.965014 11.3914
7.085985 10.86497
6.006986 10.2858
6.118275 8.290647
6.49475 9.573691
5.319682 7.583792
4.785572 7.625957
3.69691 5.698158
3.899456 5.4441
2.076629 4.29736
0.04342336 2.573541
-0.6338775 2.727107
1.344761 3.657267
1.24403 3.567253
2.522031 3.626265
1.707665 5.151334
0.2396098 3.530633
0.7900533 3.388117
1.63672 4.08274
0.210891 3.504711
1.507317 5.062758
2.379018 5.19794
1.762862 2.730705
1.160588 4.661445
1.483678 4.147068
3.429432 5.93101
1.862356 5.805818
1.88997 4.16351
2.34238 5.85562
3.438802 8.49729
4.650753 7.645439
5.147871 7.823796
4.2575 7.710163
4.341809 7.441718
6.234169 8.551734
3.962777 7.360545
3.549519 5.728776
2.985085 6.070558
3.272101 5.659673
2.02228 4.087295
1.626383 4.416429
1.472902 4.467388
-0.1002186 3.570427
0.6286973 3.018047
0.09082983 3.827276
1.248331 3.725876
0.8979445 4.827104
1.586268 2.902902
0.4796142 3.097632
-1.728837 1.220747
-3.413077 -0.4276665
-3.413821 -0.7171365
-2.227587 -0.6413859
-3.419613 -0.7809115
-4.058117 -0.3680089
-3.561025 -1.007492
-3.473116 -0.8119888
-3.694893 -0.2018889
-3.429202 -0.9230136
-1.863887 1.586122
-1.264451 1.331342
0.3097739 2.458664
1.922599 3.939113
1.507648 5.688677
0.7279351 4.291027
0.00986987 2.667393
1.195924 4.173792
2.174293 4.379528
1.74865 4.924261
2.141043 5.361115
3.550515 6.277903
4.460358 7.448218
3.418924 6.695294
2.804098 5.156627
4.600814 6.109867
4.297004 8.058217
5.175677 8.608606
4.823007 7.415173
5.313509 8.005621
5.592349 8.386949
5.45661 8.479313
6.444034 9.433082
5.774787 7.875879
5.694781 8.505636
7.069906 9.768703
8.492566 11.10793
6.795882 9.800206
6.608672 9.821198
6.589235 9.728446
8.941681 10.44244
7.53341 9.883168
7.957244 10.54476
8.96693 11.85106
10.73061 14.04715
10.39211 12.50229
10.77309 13.33718
13.05073 15.56465
11.61909 14.72822
10.42332 12.44042
10.2039 13.87186
10.77727 12.87662
11.72702 13.48748
9.755765 11.77114
9.032374 10.88796
7.085664 9.517585
6.122774 8.457392
6.646904 8.279269
5.35814 7.94331
7.032362 8.458321
8.35085 10.85338
8.284326 10.38932
7.495453 10.26558
7.777121 10.3631
7.837929 10.06679
7.395688 9.941285
8.477412 11.51614
7.455455 10.25696
8.04843 11.37823
7.149587 10.60691
6.475256 9.047528
5.890058 8.172913
6.401539 9.23739
5.89894 8.509451
5.079096 7.164367
5.108405 6.320585
4.933306 7.644241
4.110521 8.786775
6.420525 8.536579
5.775615 9.303225
6.655853 10.13135
6.658208 9.008511
5.960292 9.265621
6.796823 9.789222
8.537121 10.29614
8.659727 11.67394
10.1135 11.86986
8.29806 11.84137
10.43279 12.86051
10.32498 13.60552
10.58107 12.31627
10.87855 13.25874
11.43512 14.53586
11.70629 13.72944
11.11946 15.02972
12.32341 16.31401
11.2086 14.39369
12.00101 14.60445
12.55179 15.07486
10.66178 14.02561
12.82355 16.03993
12.53524 15.62428
12.6774 16.20549
13.03038 15.06943
14.1327 17.03146
14.28379 16.50887
13.78165 16.52765
13.81241 16.11121
12.11025 15.09269
13.85232 16.32445
13.11714 15.8663
12.30434 15.27129
11.61095 14.1898
12.77452 16.30032
13.88622 17.49798
12.89412 16.78265
13.69158 17.35147
15.01509 17.43664
16.13608 18.40262
15.30518 17.14205
15.98809 18.16538
17.3093 20.34398
16.38237 18.6247
15.89564 19.97685
15.77894 18.07723
15.71401 18.02339
15.68425 18.42276
15.78934 18.1613
14.46319 16.59944
14.05347 16.10102
13.06456 14.31396
11.15658 13.38329
9.799433 12.97465
10.0556 12.87563
9.105859 13.06993
9.78678 12.26294
9.097193 11.39123
9.940772 11.6004
7.133898 10.672
6.845668 9.812746
4.321948 8.787211
5.698364 8.588628
5.784001 8.501016
5.707481 7.195536
5.239073 8.478018
3.987608 6.990069
5.460957 8.34263
3.886872 6.182698
5.516971 7.334749
4.367136 6.924049
3.932107 6.312218
2.31427 5.911958
1.923657 5.232333
3.056654 5.637905
5.452513 9.673775
3.636708 7.177555
4.839177 6.86114
5.198899 8.383712
5.132838 7.320336
5.890009 8.714442
4.968974 6.243352
4.644651 6.859993
3.774127 7.05961
4.530134 7.803014
4.976402 7.207029
5.320728 7.455964
4.695146 7.123199
5.117156 7.686435
4.765716 7.026693
4.7339 6.614498
5.039103 7.548611
2.62034 5.628713
4.201972 6.354178
5.208709 7.25347
5.624648 7.769307
5.469948 8.376268
4.74562 8.752494
6.28373 8.962213
7.895343 10.53657
7.156252 9.839922
7.890822 10.30219
7.410805 8.960184
5.295008 8.601401
4.621954 8.458722
3.204575 6.217148
2.819617 6.188719
1.797007 4.55959
1.517451 4.569875
2.165605 4.7605
2.98747 5.865835
2.491193 5.464455
2.247852 4.230921
2.568566 5.615488
3.102779 5.60886
2.970587 4.82894
2.223898 4.871838
1.239086 4.964889
0.9018017 4.043823
3.093833 4.832362
1.857424 5.01931
2.687736 6.513384
2.33246 4.617128
3.094722 5.85683
1.815189 4.805832
1.704333 4.984291
2.110847 3.90076
1.263516 3.838765
1.576442 4.042924
-0.05619784 3.396665
0.6808093 3.919998
1.355947 4.516468
3.603043 5.763214
4.755136 7.787415
2.99075 6.898178
4.022476 6.002265
5.387324 6.889298
5.111676 8.319609
4.834938 7.736175
6.023839 8.289307
5.098799 7.526099
5.105322 7.89265
6.321921 7.923201
6.49039 9.547382
7.05519 10.60542
7.250494 9.552251
6.572591 9.857133
4.8443 8.095636
6.175114 8.637554
7.164556 10.02001
7.867617 10.70303
7.468769 9.563176
7.31029 10.5861
7.344604 10.53501
8.151057 10.31528
6.305326 7.819516
6.229549 8.740622
4.122879 7.495233
5.211232 7.83748
5.383352 8.417843
6.172937 10.13546
7.154439 10.08251
6.535188 10.10216
6.698568 9.384656
4.278309 7.66163
3.840556 6.56147
3.504817 6.517223
3.209497 5.92935
4.83739 7.887849
5.997992 8.651427
5.451056 8.167746
5.247889 7.79263
4.182309 8.052868
3.962632 6.557968
6.963735 9.495681
8.599819 9.878517
7.605126 9.89873
5.976726 8.431601
5.369282 9.246031
6.213777 10.14587
6.50684 8.047322
5.950599 8.182081
5.23147 6.976826
6.994186 8.542607
7.395696 9.974767
8.646348 10.84862
9.805217 12.10462
8.650645 12.52072
8.676308 10.99293
7.84059 10.97677
9.734066 13.20888
12.12981 13.81707
12.18282 15.20745
10.56568 14.13358
10.32438 12.75802
10.51 13.78196
11.19618 13.13694
10.16265 13.23459
11.6627 15.21478
11.68678 15.31787
11.18991 14.84643
9.953734 13.20642
10.91713 12.53747
11.15056 13.3689
11.61148 14.05059
9.909889 13.50692
11.15204 12.73124
10.9554 14.87645
9.2856 12.29501
9.223952 10.65321
9.019534 12.41273
10.38903 12.65994
9.161637 11.02764
8.127177 10.21655
7.731049 9.985312
7.497377 9.851647
7.272328 10.25985
6.506154 9.607014
6.625728 8.582124
5.585938 9.19762
6.555673 9.106183
5.032538 8.034302
4.354164 6.730755
4.296827 6.446163
3.804815 6.879957
5.616728 8.095724
4.321552 6.449255
4.123396 6.495042
3.654262 7.10097
2.115162 5.154277
3.079794 6.365586
3.887178 6.066534
3.030324 6.155325
4.231943 5.993286
4.737174 8.139743
6.041668 8.483822
7.387414 8.502069
5.209225 8.483248
5.590561 7.89495
5.795255 8.478978
5.240881 8.59797
6.457297 8.45911
6.991833 10.50409
7.870428 10.62541
6.849953 9.257025
6.561006 9.703155
8.680053 10.15659
8.759772 11.97334
8.330048 10.90857
8.967712 12.00709
8.760483 11.42701
8.729702 10.47577
7.522404 10.59461
6.621864 8.571385
2.987126 6.014084
3.704277 6.267397
2.233639 4.953045
3.701439 5.813869
4.622248 7.40013
4.564874 7.01479
5.134221 7.898728
6.9189 9.570938
6.78614 9.477216
6.627775 8.884096
6.052168 8.692342
7.451078 10.90168
8.117254 9.70746
8.59278 12.58035
8.113611 10.58143
8.750356 11.32174
7.49536 9.326504
5.790173 8.888404
3.684102 7.595553
3.65894 5.762783
3.055588 6.526354
3.447657 7.394163
4.475302 7.146565
3.554404 7.268253
3.717074 7.198476
4.90975 6.660192
6.320936 7.484684
5.79957 9.698969
5.730907 7.900643
4.79791 7.557719
2.909554 5.321164
0.5080439 3.571153
-0.2840439 3.292918
-0.7414916 1.371444
-1.25378 1.977902
-1.133865 1.540671
-0.4628282 0.6667196
-0.2436504 2.378053
-0.2222135 2.208064
-0.7406499 1.962883
-1.867033 1.014763
-2.06605 1.113438
-1.206722 1.396889
-1.836451 1.446181
-1.847554 -0.2514872
-2.622068 0.9649302
-2.012061 0.4763557
-0.5426966 2.292925
-1.406802 1.114905
-1.32393 1.669439
-2.41466 0.5060182
-2.923984 -0.399106
-4.368202 -0.829757
-4.292004 -1.065752
-5.853748 -2.089517
-4.882673 -2.201241
-3.840499 -2.08475
-4.675678 -2.233381
-5.383991 -1.837504
-3.994019 -0.977681
-3.892183 -1.591408
-3.118492 0.6218444
-3.384314 0.04286505
-2.33225 0.5272376
-0.2591747 3.477838
2.093768 3.856518
1.003665 4.362195
-0.3140069 3.119518
-0.4504673 3.268458
0.708422 3.693392
1.591442 3.520832
0.8245189 2.74148
0.6512311 2.443246
-0.1714126 2.88612
1.175376 3.205769
0.3784654 4.040717
1.412449 4.877889
1.191937 4.678521
-0.7634619 3.320077
0.2451385 2.744003
-1.526771 0.4667091
-0.007085095 1.929395
0.6277268 3.642017
-0.2462046 2.867863
-1.581464 2.059495
0.5827946 3.421445
-0.1215524 3.596797
0.0520969 3.411552
0.093627 3.489315
0.2843352 3.516694
-1.095151 2.235299
1.328541 3.075455
-0.3719984 3.127564
0.2355451 3.396483
0.6057559 4.269391
2.768263 5.354101
1.511186 3.945631
1.644116 4.232328
0.968756 4.106629
-0.1512126 2.677393
0.07669059 2.698374
0.1144223 2.554587
1.616435 5.076601
1.694724 4.235027
2.23053 5.095311
2.362997 3.845739
1.914863 4.386354
1.140488 2.764802
0.3248705 3.388195
-0.0320379 3.381502
-0.6723431 0.7788153
-2.428704 -0.6683267
-1.697634 -0.02870434
-2.054019 0.3446342
-2.776656 0.9097699
-1.463625 0.5106194
-1.099148 1.708182
-1.038667 1.463754
-2.750651 -0.2409722
-2.626169 0.1938811
-2.531638 0.257374
-3.122835 -0.4293901
-3.524231 -0.4380679
-2.241625 0.6215072
-2.460576 0.3406093
-2.923007 0.9161824
-2.68939 1.537125
-1.807917 0.4105476
-1.197501 0.7471284
-2.577227 1.693958
-1.870645 0.01241207
-1.274936 2.129625
0.2186083 3.281068
0.454423 3.939119
2.378543 5.400671
2.711789 6.193575
3.423426 6.240894
3.586826 6.878833
1.925517 4.286386
2.13301 5.258279
3.083739 5.815039
3.097276 5.016015
2.085145 4.595175
1.341255 3.950856
0.8165569 3.42706
1.076131 4.466585
2.245045 5.241502
2.652331 5.709604
3.404066 5.529844
4.563091 6.656905
3.596662 5.390126
5.095055 7.767076
5.12322 7.664008
5.753677 7.838568
4.896928 6.471198
3.544771 6.734511
3.536993 5.775319
2.843464 5.306784
1.675838 3.993469
2.351187 4.874072
2.573213 4.733372
2.920857 5.378142
2.548592 5.45227
1.616968 4.905576
2.227323 5.116497
1.668457 4.622035
1.06349 3.197317
0.243889 2.623892
0.2809519 3.074586
0.4153403 3.222741
1.527004 3.433322
1.239556 3.848784
1.095021 4.267082
1.083096 3.804131
-0.02461497 3.60528
0.414997 3.208391
-0.5997123 3.199202
-0.05916873 2.671327
-0.9194655 1.94005
-1.183522 1.444468
-1.94012 1.404709
-2.794483 0.5717268
-1.204585 1.784127
-1.054771 1.434405
0.9700514 3.616715
2.327963 5.632573
1.876122 4.789723
0.9560504 4.780871
2.419466 3.948928
-0.2898695 3.455212
-1.295679 2.771257
-2.762774 -0.06765336
-4.594893 -0.4931158
-5.570302 -1.893165
-4.257731 -2.980567
-4.092575 -1.257204
-5.805226 -2.243615
-4.578472 -3.019035
-4.406306 -1.131067
-4.774787 -1.822616
-4.353708 -2.361819
-3.759501 -1.023888
-5.025229 -3.208019
-6.882976 -3.488148
-5.747603 -3.909911
-6.286754 -3.490771
-5.939036 -4.398075
-6.865084 -4.562237
-6.605235 -4.093766
-6.183772 -3.261005
-6.825206 -4.434289
-6.492973 -4.046313
-7.296061 -4.463177
-6.963563 -4.520608
-6.427107 -3.377632
-7.348962 -5.010613
-7.325602 -4.036946
-4.287915 -1.628642
-6.035296 -2.436268
-4.740421 -2.451743
-6.623944 -4.264029
-7.727325 -4.264422
-9.330327 -6.468648
-9.391982 -6.11326
-10.62139 -7.686927
-10.47599 -6.881217
-9.788369 -6.167728
-9.348253 -6.337018
-9.691512 -6.888846
-10.13652 -7.954256
-10.31817 -7.556056
-10.54214 -8.471263
-11.09424 -8.141987
-9.929384 -7.233973
-10.35138 -7.411736
-10.09973 -7.769965
-9.918022 -6.300353
-9.343344 -7.066305
-8.992506 -7.344074
-8.971001 -6.877251
-7.701999 -5.204708
-6.594047 -3.840693
-6.039092 -3.064544
-5.661445 -2.432477
-5.405681 -2.371689
-6.145173 -2.877617
-7.331997 -3.655068
-7.883668 -3.835496
-8.882408 -7.168572
-8.493151 -3.973213
-5.9564 -4.738019
-6.713819 -2.816105
-4.802407 -1.851465
-3.357384 -2.017793
-3.451612 -0.73105
-4.190172 -0.950588
-3.882289 -1.294384
-2.524545 -1.125764
-4.790816 -2.228274
-4.926493 -2.537374
-6.004292 -2.670216
-6.094722 -3.584841
-7.461416 -3.824797
-8.135896 -5.777778
-9.433025 -7.342091
-11.02343 -8.170292
-10.53564 -7.740516
-10.34164 -6.693229
-10.00528 -6.900615
-9.518476 -6.766044
-9.865716 -7.799853
-9.085112 -5.557442
-7.972671 -5.821669
-7.269641 -4.556111
-9.817285 -6.782591
-9.954977 -7.274536
-10.46572 -8.653577
-11.11195 -8.395861
-12.74775 -9.58157
-12.0868 -9.227656
-11.87933 -9.813646
-13.69562 -10.47423
-12.70806 -9.483652
-12.7541 -9.800851
-12.93485 -9.635459
-14.2905 -10.50165
-13.90311 -9.587898
-11.25085 -8.761745
-12.24452 -9.796094
-11.26122 -9.168368
-12.1334 -9.026947
-13.53345 -9.84026
-13.06126 -10.73334
-12.6413 -9.708906
-13.48627 -10.58633
-12.99563 -10.13548
-12.53766 -9.206384
-12.02791 -9.976047
-11.28889 -9.011843
-10.77395 -7.315818
-10.50967 -7.168925
-7.9263 -6.05409
-8.278661 -5.592807
-7.293979 -5.111871
-6.082765 -3.782093
-4.903703 -1.744663
-6.113627 -2.937635
-4.216285 -2.059636
-3.575757 -1.305165
-3.789806 -1.110136
-4.57613 -1.510598
-3.466432 -1.712797
-2.473663 0.8126535
-3.587681 -1.599781
-3.523939 -1.130966
-3.106548 -0.5012488
-2.084039 0.1539584
-1.215524 2.759535
-3.644618 -0.8673708
-5.105275 -2.668971
-6.020652 -3.718931
-5.182746 -2.625102
-5.34173 -3.904417
-6.510643 -4.610542
-6.785507 -4.06442
-9.154608 -4.952862
-8.092421 -5.195852
-7.756404 -4.707036
-7.498712 -4.171521
-7.631166 -5.293665
-7.328611 -4.625451
-7.673194 -5.14135
-9.465881 -6.630381
-10.01631 -8.146026
-10.02751 -7.640076
-11.18466 -8.785279
-10.80261 -7.349866
-9.122252 -6.111528
-10.0354 -6.988964
-9.632637 -6.686349
-9.278188 -6.46221
-9.70341 -6.015827
-10.8116 -6.812263
-9.46983 -7.564938
-9.466832 -6.870762
-9.616048 -7.324112
-10.88866 -8.650092
-10.86407 -8.409612
-10.34071 -9.595854
-13.64253 -9.92703
-14.00644 -10.91017
-14.69598 -11.32839
-15.97179 -13.00283
-14.85032 -11.31062
-15.3034 -12.01195
-14.85257 -11.88255
-16.26445 -13.3612
-16.3975 -12.4736
-16.12764 -11.95041
-15.06224 -12.6566
-14.11905 -12.20591
-14.16456 -11.16138
-10.97618 -8.452372
-11.24892 -8.780741
-10.81163 -8.00391
-11.05925 -9.089326
-11.26006 -8.478564
-12.25664 -8.895664
-11.22984 -8.898015
-12.38265 -10.06172
-12.8241 -10.46803
-11.79684 -9.669052
-13.28066 -10.60915
-14.00182 -10.24869
-12.45996 -9.581396
-14.32272 -10.5514
-13.69827 -11.72506
-12.04315 -9.340577
-11.51882 -10.00076
-10.6643 -7.763594
-11.17088 -9.20413
-11.38103 -8.738865
-12.19571 -8.735427
-12.37131 -9.566956
-11.60188 -8.898683
-10.95165 -9.024386
-10.33617 -7.859281
-10.69058 -6.586126
-10.23003 -7.031989
-11.99182 -8.796837
-11.18996 -8.251574
-11.24221 -8.07476
-9.697582 -7.692173
-8.9677 -5.952869
-9.730221 -6.975252
-10.52066 -7.814461
-8.269385 -5.353321
-8.138057 -5.101694
-7.693728 -4.616592
-5.74603 -3.242644
-6.072902 -2.453298
-6.150878 -3.187171
-5.711846 -3.456116
-7.122273 -4.788642
-6.596332 -4.296829
-8.191311 -4.82115
-7.476876 -5.407074
-8.915625 -5.969243
-9.768592 -7.349012
-7.754141 -5.305704
-8.11672 -5.233226
-8.344121 -6.355528
-9.272125 -6.363265
-10.42584 -7.392081
-11.0914 -7.029856
-10.6915 -8.308681
-12.50428 -10.37426
-14.34788 -12.16227
-13.73928 -11.18552
-15.11069 -11.65403
-14.01621 -11.68831
-13.14607 -9.608435
-12.96865 -9.923901
-12.72995 -10.10651
-12.84471 -10.64664
-13.73252 -11.47557
-11.67955 -8.492473
-12.07962 -8.833215
-12.68795 -9.157076
-11.27865 -8.576688
-10.83943 -7.859661
-9.736977 -7.461654
-10.32817 -6.963768
-9.180257 -6.426723
-8.308356 -5.843681
-7.236488 -4.001537
-7.096552 -4.836658
-6.408371 -3.106717
-6.72451 -3.408532
-7.973426 -4.888771
-7.885095 -4.349308
-8.364224 -5.084465
-8.408587 -5.957783
-7.713148 -4.742109
-8.204032 -5.618894
-10.02629 -7.580586
-13.37663 -9.349767
-13.91769 -12.47706
-14.3915 -10.61177
-14.4551 -10.8661
-13.96671 -11.65613
-15.41266 -12.94568
-16.6423 -14.07426
-16.48563 -13.47559
-15.81409 -13.21737
-16.99521 -13.84583
-17.69156 -14.91211
-16.98415 -13.38328
-16.01185 -12.79004
-15.11818 -13.00928
-14.67472 -13.18236
-15.06032 -12.29429
-15.14355 -10.80866
-14.30136 -12.29989
-16.38929 -12.91286
-15.6726 -13.58727
-15.57251 -13.11658
-15.85846 -11.60601
-14.98125 -11.40573
-15.43934 -11.86535
-14.83195 -10.77738
-14.90341 -12.68487
-14.26576 -11.19783
-13.58343 -10.80803
-13.39102 -10.61798
-12.94239 -10.41123
-12.83065 -9.773405
-12.46389 -7.641048
-10.41031 -8.830232
-9.910786 -8.358594
-11.75919 -9.509903
-11.60066 -9.437523
-13.01017 -11.12933
-14.43899 -10.7059
-14.78823 -11.11424
-15.53646 -12.21698
-14.44702 -12.38562
-14.28104 -11.56232
-13.87669 -10.69851
-14.11388 -11.0122
-13.12728 -10.74386
-12.44484 -9.116367
-12.12174 -9.882553
-10.23892 -8.336627
-11.00748 -9.413191
-10.5582 -8.273193
-10.31916 -7.880443
-11.95912 -10.21961
-11.91746 -9.613402
-12.06119 -8.496548
-10.97857 -9.208345
-9.296497 -6.208009
-9.927954 -6.245053
-9.592449 -7.086926
-8.706791 -4.966881
-8.321967 -5.232254
-10.23432 -5.562827
-8.119071 -6.064079
-8.410217 -5.449389
-6.912148 -4.697808
-8.409026 -4.699781
-7.920336 -5.057111
-7.808067 -6.092764
-8.893977 -5.837121
-11.07539 -7.807792
-12.38854 -9.16487
-12.78278 -10.28952
-12.27746 -8.53938
-12.03961 -9.15762
-10.14983 -9.199339
-10.4689 -7.752496
-11.41036 -6.878151
-10.66105 -7.786921
-10.54502 -7.545705
-11.81076 -10.43355
-13.07401 -10.51849
-13.04489 -10.40087
-12.16344 -10.18636
-11.65473 -9.637315
-11.16419 -8.256566
-9.903372 -7.695999
-9.900145 -6.920675
-8.432709 -7.06198
-8.735382 -6.388634
-9.196524 -6.875234
-9.341599 -5.73081
-10.60494 -7.893747
-9.192005 -5.95921
-6.849229 -4.953504
-7.302525 -3.739206
-4.999096 -3.716639
-5.633401 -2.697832
-5.712894 -3.458686
-5.082129 -3.748558
-6.400848 -3.855749
-6.472415 -3.819331
-6.90388 -4.09385
-7.186868 -4.829494
-7.958389 -5.869466
-8.64402 -5.858342
-8.618073 -5.344012
-9.654854 -6.867861
-10.08425 -7.254818
-10.57846 -7.9742
-11.29688 -6.759913
-10.00149 -9.175353
-10.91424 -7.54136
-9.824472 -7.547943
-9.441863 -7.098925
-9.772177 -7.159177
-10.0209 -7.99734
-9.497944 -7.161773
-11.30051 -8.460199
-11.17962 -9.68244
-10.28833 -8.518583
-9.351043 -6.864616
-9.994871 -6.406912
-10.07202 -7.803499
-11.74269 -8.990722
-12.32188 -8.952127
-12.60828 -8.615555
-11.70473 -10.10778
-13.43757 -10.46228
-13.09951 -10.88289
-14.51015 -12.38184
-15.44964 -12.40562
-15.41035 -12.90335
-16.80634 -12.00766
-15.91165 -13.99372
-16.29624 -13.1989
-16.93294 -14.77304
-17.8888 -14.41876
-18.91039 -16.30257
-18.38655 -16.03521
-18.97744 -15.11367
-19.72518 -15.91611
-19.27749 -16.57803
-19.75621 -16.62529
-20.39831 -17.19826
-18.92072 -16.16817
-18.7662 -15.34766
-17.04531 -13.73044
-16.99604 -14.47099
-17.71727 -14.41731
-17.22487 -14.46564
-17.95828 -15.83781
-18.44717 -15.88017
-19.75819 -15.92535
-18.44489 -16.61252
-19.73701 -17.03204
-20.08265 -17.27487
-20.6422 -18.5034
-20.84578 -18.08796
-21.06082 -17.75989
-20.9156 -18.36902
-19.43568 -17.99336
-20.68082 -17.73603
-20.43065 -17.6091
-21.41664 -19.25461
-21.30029 -18.86098
-22.29132 -19.52352
-20.90015 -18.19203
-20.08911 -17.27863
-18.52913 -15.14407
-19.28492 -16.13464
-18.94562 -15.6881
-17.88865 -15.58117
-19.47224 -16.28844
-18.32236 -15.3275
-19.5949 -16.96775
-19.49476 -16.533
-18.14303 -16.91501
-19.47555 -16.85648
-19.82948 -16.65306
-19.37668 -15.83353
-19.86242 -17.39274
-22.17059 -18.72997
-17.59246 -15.2199
-18.09417 -15.14081
-18.05412 -14.86669
-17.73008 -15.86442
-17.30553 -15.50392
-16.61707 -14.84902
-15.99456 -13.91296
-16.20754 -13.45076
-16.05645 -13.41337
-15.99285 -14.0286
-15.36047 -13.51766
-16.10639 -14.1773
-17.39907 -14.09136
-15.49179 -12.91538
-16.1366 -13.48969
-16.85666 -13.71376
-16.39205 -12.97411
-16.46865 -14.15611
-15.89054 -11.98287
-14.4779 -13.49757
-14.47712 -12.70099
-14.66358 -12.058
-13.67593 -11.54601
-15.73313 -13.11053
-15.98669 -12.16958
-13.2021 -10.66218
-13.33947 -11.65578
-14.49898 -11.69736
-14.23057 -11.71348
-14.90953 -12.71648
-14.58607 -10.93071
-14.7024 -11.82201
-14.54577 -10.31066
-14.3339 -11.5017
-15.44229 -12.32547
-15.37384 -12.1386
-14.87743 -12.95764
-14.96949 -11.44228
-13.87573 -10.75293
-14.64905 -11.34561
-15.32714 -11.35675
-15.67076 -12.55923
-15.3437 -13.09173
-16.27454 -13.23404
-17.29336 -14.70469
-17.18898 -14.06532
-16.33615 -13.6091
-16.57499 -13.836
-14.05654 -11.9228
-15.7069 -12.95485
-16.90305 -15.2609
-18.84423 -15.67271
-19.30686 -16.54731
-18.85183 -15.63282
-17.81377 -15.92083
-17.98653 -15.71989
-18.97828 -16.69121
-19.87818 -18.0196
-21.83854 -19.49498
-24.10324 -21.13696
-24.309 -21.35481
-24.32925 -20.55087
-24.29319 -20.41014
-23.63886 -20.41352
-23.92321 -21.28147
-22.55871 -19.22305
-22.01983 -19.16386
-20.96568 -19.40922
-21.22977 -17.95969
-21.03884 -17.90476
-20.4825 -18.21304
-21.29046 -17.42769
-21.3608 -18.24216
-20.69079 -18.59933
-22.90962 -19.66389
-22.34231 -19.48328
-23.83793 -19.91337
-23.93242 -21.96265
-23.19299 -20.69529
-23.71876 -21.04309
-23.68265 -20.63318
-24.85631 -21.59878
-26.13307 -23.24558
-27.4636 -24.44798
-27.44523 -24.81329
-26.63698 -23.2651
-26.20052 -23.1298
-23.86631 -21.40894
-24.30785 -21.20366
-24.49187 -22.33401
-23.48375 -21.72106
-23.94642 -21.91453
-24.47853 -21.86013
-25.29043 -24.0374
-27.75024 -24.77074
-28.44108 -26.70921
-27.89148 -24.59734
-27.50104 -24.56785
-27.82647 -24.47243
-28.48278 -24.91288
-28.30451 -24.49243
-29.05521 -24.89569
-27.24074 -25.86967
-29.91134 -26.72599
-29.81599 -26.83539
-28.48251 -25.8721
-28.20886 -26.00662
-29.45582 -26.4919
-29.19656 -27.19873
-30.4927 -27.55599
-31.28571 -28.81851
-33.09082 -30.17228
-32.70691 -29.89571
-32.65772 -29.27289
-32.93874 -30.13209
-33.21568 -29.13126
-32.09439 -29.17475
-32.97671 -30.68998
-31.93354 -30.3084
-33.41543 -29.64512
-30.74504 -28.12473
-30.07769 -26.70933
-29.40458 -27.02833
-29.89893 -27.74133
-30.42711 -27.14711
-29.64407 -26.09612
-28.01371 -24.80219
-28.08076 -25.0915
-27.83584 -25.16598
-27.98041 -25.14273
-26.35754 -23.87856
-26.79851 -24.36883
-27.6017 -25.77573
-27.28778 -24.87554
-28.55266 -26.24115
-28.47094 -26.91596
-30.20375 -27.49756
-29.54777 -27.95214
-29.94426 -25.57164
-31.12042 -29.13891
-32.36332 -28.66856
-32.26158 -28.38739
-32.99548 -29.90321
-32.78452 -29.7284
-32.27569 -29.22234
-31.64568 -28.5135
-32.4776 -29.6307
-32.71548 -30.5852
-33.69161 -31.05778
-34.48108 -31.80862
-35.61383 -33.32779
-35.21518 -32.60282
-36.03454 -33.18958
-36.10458 -33.40992
-37.03962 -34.08701
-37.91482 -34.3488
-38.38276 -35.58628
-39.35294 -36.87975
-38.37447 -35.42823
-38.11835 -36.34587
-37.3677 -35.68093
-37.99206 -35.31133
-38.10462 -35.39817
-38.81713 -35.77996
-37.1805 -34.02356
-35.54244 -33.30446
-35.33969 -32.46588
-34.49521 -33.1022
-36.46543 -33.26011
-36.42714 -34.03387
-36.52183 -33.68365
-37.40979 -35.36008
-37.95859 -35.55873
-36.07278 -33.00324
-36.1827 -32.92965
-36.71716 -33.56435
-37.49353 -33.98907
-37.87887 -34.14646
-36.22207 -36.05213
-37.78275 -33.50775
-39.62077 -36.42651
-38.88018 -36.30368
-40.06937 -37.01242
-40.02283 -36.64637
-40.31524 -37.49881
-40.67725 -37.7193
-39.61259 -37.17858
-39.9544 -37.17955
-39.34793 -37.42873
-41.23232 -38.90891
-41.27347 -38.95331
-43.79927 -40.62098
-44.13405 -40.7221
-44.07058 -41.82851
-45.28842 -43.04775
-45.71661 -43.575
-45.43486 -42.48134
-46.01733 -42.82468
-46.67949 -44.11174
-48.90062 -46.11891
-49.68656 -46.97527
-48.79849 -46.46451
-48.67338 -45.95104
-47.13084 -45.06541
-47.34738 -44.96869
-48.02846 -45.37265
-50.16273 -46.92675
-49.93567 -47.06044
-50.32096 -47.71776
-50.04506 -47.72187
-49.30939 -46.45417
-50.28251 -47.3885
-50.73605 -47.70564
-50.18112 -47.02601
-50.50413 -47.78141
-50.04331 -47.30169
-50.42079 -47.0149
-48.10851 -45.78998
-50.51138 -46.93628
-49.65564 -47.06524
-50.4591 -46.81483
-50.495 -48.58654
-50.34977 -48.25259
-49.4354 -46.59906
-49.02118 -45.92293
-50.09859 -46.29171
-49.11753 -46.84318
-48.38143 -45.94042
-48.50781 -45.39877
-48.12095 -46.13841
-47.1579 -44.10199
-46.48635 -43.53377
-46.68658 -44.49926
-48.08406 -44.86589
-48.21664 -45.96361
-49.56224 -46.43815
-50.60984 -48.45043
-50.67791 -48.00842
-49.38292 -47.26612
-50.96204 -48.22249
-51.39232 -49.27832
-51.12186 -48.83278
-50.24595 -48.45286
-50.03735 -48.2892
-49.62189 -47.79379
-50.97566 -48.24294
-50.83315 -49.09326
-50.86915 -49.26335
-52.85228 -49.59777
-52.49311 -50.01227
-51.39138 -48.63435
-52.59649 -50.37493
-52.0171 -48.56825
-51.96773 -50.16834
-52.27726 -49.55347
-51.97791 -50.67338
-52.30469 -49.84616
-52.72747 -49.49398
-52.9988 -51.13518
-53.15526 -50.49465
-53.36598 -51.03452
-53.36068 -50.4445
-53.08024 -49.59843
-52.54177 -50.02406
-52.78639 -49.80482
-53.35063 -51.10532
-53.16329 -49.3963
-51.82661 -49.33013
-50.62215 -47.63354
-51.36096 -48.73216
-50.44135 -47.07203
-50.70401 -47.42614
-52.3475 -49.84646
-51.73928 -48.76384
-52.57854 -49.38989
-51.39145 -49.32474
-50.91954 -48.63101
-51.73286 -47.97707
-50.32113 -47.46989
-48.97616 -45.3422
-48.58152 -46.20548
-48.11583 -45.46401
-48.05072 -45.50025
-48.58569 -45.03708
-47.88591 -44.95533
-47.88396 -45.66146
-49.03441 -46.81893
-48.95674 -46.71045
-49.26077 -46.56025
-48.63184 -45.90727
-50.06542 -46.97826
-51.08797 -48.51095
-51.01057 -47.66538
-50.14909 -47.52713
-49.99278 -47.97866
-48.87251 -46.96824
-49.90362 -47.13759
-50.33629 -48.01303
-50.50222 -47.54966
-49.20865 -47.82669
-50.16702 -47.4003
-49.89569 -47.84718
-51.63514 -48.35433
-53.14128 -50.35695
-51.41934 -47.40428
-52.02493 -49.63785
-52.23638 -48.83263
-52.73643 -49.49687
-51.21466 -49.05188
-51.03551 -48.29786
-49.9313 -47.43972
-49.81186 -47.76276
-50.63244 -47.41928
-50.8739 -47.80529
-49.31302 -46.10411
-47.82913 -45.55019
-47.14662 -44.81703
-46.33568 -43.37527
-45.27025 -42.37696
-45.93104 -42.54572
-45.56636 -43.40098
-48.14987 -45.96009
-47.83279 -47.17646
-46.76275 -43.96461
-45.10152 -43.05724
-46.83242 -43.63376
-47.88992 -44.51616
-48.1376 -46.38396
-50.17302 -46.71398
-49.43131 -47.22345
-50.18705 -46.97383
-49.7873 -46.98765
-49.32873 -46.91393
-49.84887 -46.41287
-49.18076 -46.37687
-48.70997 -46.34203
-50.02194 -46.24034
-49.19209 -45.49821
-49.80027 -47.08433
-49.54427 -46.55326
-48.88783 -45.80446
-47.56557 -44.49377
-47.61621 -44.03752
-47.70369 -45.29408
-46.95245 -43.89161
-46.76395 -44.52457
-47.62372 -43.5004
-46.50318 -43.43977
-46.16503 -43.1258
-47.3176 -44.20608
-47.88022 -45.91676
-47.83972 -44.92041
-48.38202 -45.14791
-48.25683 -44.60936
-47.95614 -45.26449
-48.92993 -45.7713
-48.87367 -46.39199
-48.94459 -45.76769
-47.35586 -44.91522
-49.71983 -46.85514
-47.98011 -44.79807
-49.02011 -45.54125
-47.691 -45.19189
-45.66034 -43.75357
-43.71889 -42.11466
-43.9469 -41.57372
-45.36953 -42.64495
-44.51838 -41.39511
-45.52696 -42.28355
-44.90711 -42.06111
-44.78751 -41.71438
-44.16998 -41.54393
-43.23428 -41.10099
-44.21083 -41.26599
-43.03257 -39.9741
-43.02049 -40.42842
-42.78772 -40.70951
-42.79672 -40.48953
-43.45082 -40.06993
-43.15546 -40.53077
-40.77898 -38.99767
-40.81005 -37.09808
-39.78824 -37.47354
-41.08752 -39.01808
-41.49035 -37.90627
-43.21631 -39.74833
-41.90232 -40.27774
-43.08641 -39.64022
-43.87841 -40.25861
-42.70317 -40.34223
-41.31436 -37.12629
-41.76397 -38.61319
-41.54502 -38.70613
-39.6269 -36.30934
-39.6776 -36.37894
-38.07136 -36.58197
-39.70573 -36.98135
-38.33233 -35.61917
-39.88298 -37.29354
-39.29089 -36.96254
-37.45538 -34.79314
-35.83976 -32.37567
-32.15185 -30.46102
-30.94783 -28.44833
-33.88168 -30.5512
-33.60642 -30.5646
-34.25198 -31.88501
-33.5099 -30.24321
-32.85216 -30.71996
-32.22188 -30.57246
-32.66 -29.89974
-30.90717 -27.66457
-31.35215 -28.13953
-30.40988 -27.72415
-32.48048 -29.38065
-34.04923 -30.08505
-35.25587 -32.20702
-35.13998 -31.74851
-35.47479 -32.73831
-36.67549 -34.97151
-36.39955 -33.93407
-35.75712 -32.48607
-35.80272 -32.97752
-36.33164 -33.41608
-36.97629 -34.11765
-40.40611 -36.87743
-41.02163 -37.92678
-42.25038 -39.27896
-44.29214 -41.94149
-43.51297 -40.56623
-43.62281 -40.43413
-42.48349 -39.67173
-43.31113 -40.69762
-43.8882 -40.2399
-42.44168 -40.08028
-42.93263 -40.61534
-42.5464 -39.68573
-42.25597 -40.24701
-44.08966 -39.40534
-43.92471 -39.61161
-42.82372 -39.63842
-42.89681 -39.3918
-42.90089 -40.60098
-44.52471 -41.18339
-44.43729 -40.87691
-43.64001 -40.65475
-42.72417 -39.98322
-43.39309 -40.30206
-43.05015 -40.9848
-42.6469 -40.38106
-41.76272 -39.23959
-41.06471 -37.5216
-41.88697 -39.68055
-44.6804 -41.81766
-44.32519 -41.54667
-45.55183 -43.26962
-47.56101 -44.36531
-47.48338 -44.44967
-48.60227 -45.65574
-49.49615 -46.63504
-50.63586 -47.40663
-48.73702 -45.72021
-48.91763 -45.96093
-48.76232 -44.76165
-47.43861 -44.46213
-48.3864 -46.13436
-47.82157 -44.54795
-49.1217 -46.20903
-49.1853 -45.15766
-50.2374 -47.46799
-49.88999 -46.79215
-49.99811 -47.46332
-50.19731 -47.19804
-52.17271 -48.3558
-51.61861 -48.77933
-50.4791 -47.87553
-49.53373 -46.90623
-51.50136 -48.46549
-51.13882 -47.99964
-51.70037 -48.28038
-51.57497 -49.25476
-51.91171 -49.49295
-54.10968 -50.67549
-52.11611 -50.65283
-52.19316 -49.65947
-51.59323 -49.22145
-52.60333 -49.85452
-52.18689 -48.31935
-51.66182 -48.46239
-51.76455 -48.13821
-52.14576 -48.66311
-51.57855 -48.78236
-52.13193 -48.87363
-52.56187 -50.38137
-51.96987 -49.10634
-52.80582 -50.11827
-51.56586 -48.20345
-50.69663 -47.92717
-49.86558 -47.80621
-50.07601 -47.49197
-50.82771 -47.78825
-52.0722 -49.03805
-51.44599 -47.94092
-50.68231 -48.78645
-50.60458 -47.4148
-49.8444 -46.70208
-50.75128 -47.82287
-49.45321 -46.41307
-50.12789 -47.83887
-50.44229 -48.52752
-51.0994 -48.27772
-48.79914 -45.92353
-49.04096 -46.19467
-50.67195 -47.78918
-51.47476 -47.98572
-49.99787 -48.26623
-49.95158 -47.29561
-49.50666 -47.59721
-50.26273 -47.08132
-48.57009 -46.55041
-46.5757 -44.57462
-47.7848 -44.64543
-48.84741 -45.49646
-47.90793 -46.18539
-50.04242 -47.16058
-48.12236 -46.11889
-50.42972 -47.42414
-49.94645 -47.33445
-48.15748 -46.00435
-49.45104 -46.08223
-48.09527 -45.80205
-48.72298 -46.429
-49.78263 -46.19769
-48.78238 -45.23475
-48.78985 -47.06622
-49.27526 -47.42217
-50.66548 -47.56965
-51.6248 -48.09732
-51.54148 -48.49001
-51.47411 -48.56197
-51.36673 -48.69377
-50.41952 -47.76897
-50.61795 -48.75545
-50.63738 -47.78678
-51.96952 -47.49141
-50.03058 -46.90088
-49.84066 -47.24879
-50.87129 -48.88265
-51.05375 -48.01725
-50.65234 -47.91212
-49.20703 -46.56843
-48.66422 -45.71325
-49.51793 -46.85969
-50.11845 -46.82687
-50.89883 -48.71902
-49.52352 -47.25165
-49.14632 -47.85289
-50.67593 -46.79149
-49.39296 -46.99277
-49.5777 -46.7345
-50.73272 -47.38759
-51.53771 -48.43145
-51.68538 -48.74596
-51.1744 -47.09223
-50.41683 -48.26476
-52.02682 -49.70242
-52.44708 -50.25848
-53.33671 -51.06317
-54.32928 -52.19352
-54.50022 -52.0749
-56.90445 -54.11946
-56.13714 -53.37894
-56.83878 -53.20367
-56.68392 -53.38014
-56.52054 -54.43426
-57.75944 -54.69863
-56.05078 -54.15542
-55.42079 -52.77865
-54.5805 -52.59508
-54.44517 -51.7312
-54.85508 -52.74098
-54.59945 -52.24732
-56.33991 -52.19414
-55.86201 -52.14515
-54.66204 -53.28446
-55.88832 -52.01672
-56.2706 -53.53946
-54.41761 -52.19535
-55.52573 -53.14983
-54.74023 -51.66458
-55.28301 -52.2342
-55.75865 -52.99126
-55.24518 -53.23166
-54.12536 -53.09136
-54.12059 -51.68854
-54.59154 -51.7653
-55.22522 -52.86418
-55.84308 -52.89619
-53.34568 -51.37631
-54.09222 -52.22581
-53.50428 -51.95986
-55.47792 -50.925
-54.53367 -52.62441
-53.08013 -51.02048
-53.39664 -50.45505
-52.98744 -50.50882
-55.59454 -52.09591
-55.55431 -53.48542
-56.31325 -53.07235
-55.57359 -53.21498
-56.78966 -54.19111
-57.00355 -54.59034
-59.22498 -56.6249
-58.80567 -56.53492
-58.76062 -54.96974
-57.94699 -54.39554
-58.29862 -56.4081
-57.37895 -55.33691
-58.31696 -56.6109
-59.33652 -56.10117
-57.35711 -54.40903
-57.62398 -55.11266
-56.68553 -53.94487
-56.26725 -53.64372
-55.29394 -52.37389
-56.08745 -54.03524
-56.85268 -54.03426
-58.82836 -55.70451
-58.90376 -56.53262
-59.24469 -56.95513
-60.32094 -57.40923
-60.65401 -57.517
-60.38509 -56.55588
-59.44904 -57.38401
-60.4919 -57.79802
-59.69822 -57.51519
-61.21749 -59.15852
-61.33906 -59.24893
-60.49848 -57.04982
-58.58656 -56.53715
-58.11193 -55.22214
-59.19557 -57.2972
-59.39632 -56.88051
-59.1087 -55.52804
-59.06836 -55.90607
-59.18092 -55.46346
-58.36161 -56.12962
-58.25851 -55.95195
-58.37515 -55.02777
-58.76414 -55.57606
-57.71828 -54.39822
-57.07564 -53.8254
-56.73504 -53.81883
-56.62916 -53.45991
-56.03199 -53.05619
-56.19337 -54.10315
-56.89485 -53.46916
-57.42456 -55.02398
-57.14562 -54.274
-56.44356 -54.15089
-54.83138 -52.06129
-54.39536 -51.92748
-54.03808 -51.1503
-54.99 -52.11563
-53.68893 -49.75773
-53.24575 -50.25045
-51.89075 -48.80623
-51.0146 -48.06577
-51.42957 -48.60874
-51.00418 -49.16883
-52.30308 -49.96498
-52.22734 -49.14679
-52.84707 -50.32931
-52.42249 -49.95606
-52.43515 -50.31578
-52.48733 -49.1588
-52.30431 -49.90592
-52.7004 -50.24436
-52.72894 -51.14665
-52.53939 -49.61765
-53.58192 -51.21952
-53.29726 -51.83641
-53.56016 -49.98994
-54.35994 -52.31938
-55.40926 -52.82253
-55.62746 -53.08538
-53.11976 -50.23188
-54.1561 -51.59175
-55.03543 -52.96967
-56.61306 -54.65338
-57.27218 -55.39069
-58.42631 -55.57597
-59.27901 -56.15057
-60.60523 -56.18604
-62.33951 -58.93682
-60.56467 -57.5783
-60.35775 -57.57436
-60.83689 -59.09096
-61.19907 -58.49142
-59.65893 -58.03278
-60.22797 -56.52585
-58.5989 -55.4464
-58.32392 -55.71024
-59.38316 -56.401
-58.78467 -56.59501
-59.10873 -56.64631
-60.35391 -57.64106
-59.91844 -58.02084
-61.21037 -58.39272
-61.08192 -58.13476
-60.33512 -57.11218
-63.1777 -59.84328
-60.4631 -57.74165
-59.6512 -56.15206
-60.39826 -57.48184
-61.76859 -58.78975
-60.10347 -57.50268
-60.16077 -57.56257
-59.54565 -57.86735
-59.22373 -56.386
-58.69164 -57.02037
-57.69766 -55.56854
-58.79213 -56.68834
-59.27911 -55.96518
-58.58731 -57.20124
-59.37699 -56.93795
-58.0567 -55.85359
-58.7192 -55.76846
-58.22053 -55.37355
-58.53122 -56.38331
-58.40181 -56.14493
-58.93149 -56.59165
-58.93588 -55.04475
-57.86475 -55.28394
-57.04704 -55.31555
-56.75493 -53.68893
-54.82281 -51.72179
-54.02551 -51.15238
-53.56933 -49.76652
-52.94856 -50.54032
-53.86843 -51.03121
-53.66952 -50.71611
-53.31805 -51.13276
-52.88205 -50.72862
-52.27655 -49.5951
-54.16533 -50.57869
-54.40247 -52.53616
-53.80768 -50.67836
-53.96245 -50.73919
-54.91746 -52.21191
-53.71174 -50.46198
-53.31466 -50.45988
-53.3225 -50.18748
-54.11473 -51.55066
-53.72498 -51.26009
-53.20272 -50.50799
-54.28545 -51.47692
-55.03471 -52.79038
-53.22901 -50.96185
-52.62278 -50.35353
-53.47246 -49.95327
-51.91476 -49.96266
-51.42122 -49.52887
-51.98697 -50.10829
-52.42896 -49.70899
-52.30496 -49.24329
-52.54692 -50.53734
-52.01742 -50.27417
-54.32863 -51.10287
-54.26281 -51.77011
-55.21658 -53.87612
-54.42386 -51.6848
-54.72646 -52.3916
-53.35872 -50.61463
-52.57853 -49.85912
-53.02096 -50.31197
-53.31182 -51.14858
-54.30288 -52.16329
-52.90962 -50.37433
-54.18718 -51.3688
-54.8314 -52.84161
-55.94165 -51.58165
-54.82801 -53.45237
-55.00001 -52.22348
-53.934 -51.17018
-54.99899 -51.68614
-53.64538 -49.9453
-53.9016 -50.97056
-53.80012 -51.25343
-52.36151 -50.77358
-52.7877 -50.3789
-53.03104 -50.65488
-54.04649 -51.56033
-53.69184 -51.47319
-53.25128 -51.25672
-53.43404 -51.40801
-53.52108 -50.37557
-51.37527 -49.3884
-52.53145 -50.02884
-53.01506 -48.90219
-53.6451 -49.70162
-55.34763 -52.92841
-55.16199 -51.47297
-57.17972 -54.53201
-56.10454 -53.2625
-57.30094 -54.49265
-57.39185 -54.27443
-58.51255 -55.25836
-58.0442 -55.93732
-59.65053 -57.7501
-58.22949 -55.23029
-58.4846 -55.76986
-59.77654 -56.91811
-59.00302 -55.50896
-59.08825 -55.80974
-59.26119 -55.06054
-57.83578 -55.20516
-59.55039 -55.73983
-58.81758 -56.41458
-59.75497 -56.18614
-59.30663 -55.62458
-58.69088 -56.63735
-59.52571 -56.59266
-59.63805 -57.2782
-59.66192 -57.79427
-60.75877 -56.87195
-59.45487 -57.97653
-59.81 -57.46034
-58.85789 -57.43219
-59.17892 -57.74458
-60.71235 -57.23948
-61.21071 -57.79038
-60.6266 -56.72802
-60.76869 -58.92908
-61.12166 -57.75036
-59.28104 -56.467
-59.97277 -58.1033
-58.63776 -56.52714
-59.74979 -56.39309
-59.18414 -57.00089
-60.16946 -55.95377
-59.13983 -56.44448
-58.5995 -55.19214
-58.83083 -55.09893
-58.37892 -55.57808
-58.28864 -55.93351
-59.85014 -57.10882
-58.74534 -56.2787
-57.7969 -55.69181
-58.96695 -55.96724
-55.95214 -53.67934
-58.2325 -56.04948
-56.29106 -53.92416
-57.56949 -55.49914
-58.07281 -55.43542
-59.08946 -57.19428
-59.74157 -55.9765
-60.89696 -57.58487
-60.32177 -57.24669
-58.99806 -56.50483
-60.51696 -59.09277
-60.55695 -57.85483
-59.53381 -56.65606
-59.08124 -56.95596
-58.88845 -55.48831
-57.21849 -54.37073
-58.7244 -55.89436
-58.88465 -56.32996
-60.2295 -56.73929
-59.80178 -57.30676
-60.61771 -58.66938
-59.17208 -57.22807
-59.59956 -56.08982
-60.63417 -58.05483
-61.7386 -58.90408
-60.55178 -58.1346
-61.73825 -59.40138
-62.70897 -59.2553
-64.52366 -62.87073
-67.08405 -63.72134
-65.5901 -63.47135
-65.62256 -63.01046
-68.76422 -64.71499
-70.3909 -66.81979
-70.27892 -68.69545
-70.10818 -67.91071
-71.38959 -69.87099
-73.24648 -70.11739
-72.97513 -69.63557
-71.76817 -69.16185
-73.15064 -71.44805
-74.6248 -71.75769
-73.92678 -71.40355
-77.05202 -73.82294
-77.58472 -74.14317
-76.74429 -73.6846
-75.08088 -72.36503
-76.41345 -73.31105
-77.79234 -75.44541
-80.22128 -76.71579
-80.2376 -77.06721
-81.63981 -78.98168
-82.22278 -79.57187
-82.19791 -79.74213
-82.27533 -80.08519
-82.70652 -79.61281
-82.35674 -80.75372
-82.24862 -78.97642
-80.59453 -77.29705
-81.38816 -78.54142
-80.65895 -77.52964
-84.35031 -81.19108
-84.57202 -81.59101
-83.89742 -81.70538
-85.84546 -82.27636
-85.44017 -82.69909
-85.47863 -83.22903
-85.13576 -82.52007
-85.62007 -81.88591
-84.702 -82.78109
-83.64191 -82.84168
-83.79034 -80.05055
-83.35351 -80.17832
-83.17355 -80.55601
-82.13741 -79.21783
-82.87471 -79.69135
-82.08501 -79.54748
-82.34301 -79.38887
-83.53447 -80.21311
-83.71475 -80.80089
-84.39751 -81.45357
-84.50979 -81.10282
-85.26491 -81.13369
-85.17423 -82.17435
-85.53017 -82.25581
-84.88206 -82.47941
-87.00122 -83.5297
-87.85836 -85.05219
-89.20714 -86.26191
-88.4702 -87.0837
-87.60135 -85.93465
-88.61838 -85.77507
-89.13549 -85.59389
-88.35448 -86.19703
-87.1609 -84.38854
-86.69403 -83.02019
-86.42666 -84.01831
-84.56767 -82.87084
-85.33413 -83.20394
-85.66922 -82.26027
-85.68398 -82.18422
-85.90283 -82.38231
-84.8329 -81.39971
-85.12417 -82.42876
-84.10607 -80.97725
-83.83488 -80.45987
-83.67115 -81.08416
-83.43459 -80.8643
-84.57733 -82.85753
-83.72918 -81.53413
-82.08573 -79.9965
-81.41804 -78.20699
-80.82129 -77.82455
-81.94544 -78.58525
-81.00109 -78.52458
-80.82033 -78.11105
-80.02212 -77.36676
-79.41902 -76.36842
-79.00636 -76.30132
-80.07955 -76.55859
-79.75956 -75.71575
-77.48055 -75.37404
-77.77277 -76.84652
-79.5843 -76.4796
-78.19314 -76.4505
-78.11013 -76.54202
-79.99864 -76.85286
-78.16918 -75.82961
-79.24619 -75.47194
-77.29103 -74.26148
-76.73486 -73.5429
-76.26327 -74.27822
-77.52215 -74.65704
-77.60546 -74.13561
-78.05313 -75.27515
