GEN	R18	R19	R20	AUDPC	LP50	IF	IT	DS	R18t	R19t	R20t	I_cc_FAI_LP	I_cc_FAI	I_cc_SH
1	16.05	12.66	40.68	12.00	0.97	6.58	3.86	0.25	0.262434898	0.231595101	0.44033627	1.189	1.019	554.390
1149	9.39	10.81	35.47	8.46	0.97	4.71	3.39	0.19	0.198267093	0.213328822	0.40616074	1.279	0.574	457.028
1174	14.05	22.42	45.17	13.79	0.96	7.00	3.88	0.29	0.244569128	0.313999127	0.469189203	0.861	1.110	595.180
1258	9.59	8.65	14.47	11.53	0.96	5.75	3.86	0.25	0.200424802	0.190021265	0.248379748	0.744	0.928	533.271
26	11.54	15.39	44.55	13.22	0.97	7.05	3.75	0.28	0.22063343	0.256652639	0.465245459	1.030	1.102	583.499
49	8.19	13.67	17.39	7.65	0.97	4.12	3.77	0.18	0.184743667	0.241079433	0.273853481	1.332	0.642	463.802
496	11.04	10.08	6.05	12.63	0.96	7.69	3.87	0.27	0.215652484	0.2057258	0.158149865	0.904	1.030	566.862
743	10.69	10.28	16.51	13.71	0.96	7.34	3.91	0.28	0.212008611	0.207733762	0.266386193	0.926	1.154	598.912
942	14.72	10.73	5.88	14.07	0.97	7.40	3.91	0.30	0.2507027	0.212503508	0.155924302	0.940	1.082	599.432
1060a	9.91	9.97	4.35	13.66	0.96	6.92	3.92	0.28	0.203847993	0.204476676	0.133826904	0.732	1.021	573.953
1119	11.56	9.95	10.03	7.40	0.96	3.93	3.76	0.17	0.220810768	0.204352341	0.205201281	0.832	0.632	455.237
1135	11.64	6.27	29.93	9.99	0.97	5.24	3.75	0.21	0.221691339	0.161185307	0.368548029	1.065	0.784	496.469
3	11.19	15.50	6.18	16.86	0.97	9.18	3.90	0.36	0.217137016	0.25756672	0.159971422	0.970	1.288	694.534
1157	11.51	7.53	6.49	10.95	0.97	6.31	3.75	0.23	0.22031217	0.177003549	0.1639415	1.401	0.931	527.661
1175	9.55	8.52	20.71	10.29	0.97	5.66	3.53	0.21	0.200004569	0.188623076	0.300754984	1.172	0.638	481.644
1477	16.26	14.93	34.00	11.39	0.96	5.85	3.86	0.25	0.26420678	0.252546227	0.396291866	0.834	0.873	527.032
27	8.19	16.72	5.02	13.14	0.97	7.14	3.91	0.27	0.184772215	0.268205902	0.143849626	1.042	1.138	589.190
64	11.32	17.09	42.09	14.54	0.97	7.74	3.91	0.31	0.218466044	0.271345822	0.449399828	0.954	1.166	620.647
505	12.89	26.58	19.85	12.10	0.97	6.43	3.92	0.25	0.233811516	0.344854498	0.293978935	0.993	1.055	558.725
760	10.18	26.05	6.58	9.69	0.96	5.10	3.69	0.21	0.206748037	0.341027527	0.16514799	0.992	0.839	495.709
944	11.71	9.63	57.02	11.33	0.97	5.98	3.81	0.25	0.222351862	0.200889356	0.544823842	0.976	1.024	548.126
1060b	9.91	9.12	22.81	10.00	0.96	5.19	3.75	0.21	0.203926198	0.195276533	0.316993273	0.898	0.773	493.764
1121	12.50	14.25	26.23	12.58	0.96	6.49	3.92	0.26	0.23001003	0.246404645	0.342294437	0.686	1.016	558.121
1136	9.54	10.07	45.85	11.89	0.96	6.20	3.48	0.25	0.19987415	0.205608212	0.473552873	0.948	0.816	519.461
20	9.00	9.18	47.32	14.43	0.97	7.76	3.81	0.33	0.193985919	0.195963078	0.482957197	1.036	1.281	666.616
1158	15.31	8.86	52.00	9.88	0.97	5.23	3.46	0.21	0.255960208	0.192414833	0.512762594	1.165	0.795	493.573
1176	10.42	16.53	34.11	11.84	0.97	6.52	3.94	0.25	0.2092451	0.26651227	0.397056445	1.184	1.045	560.375
1556	15.59	16.14	12.83	13.59	0.96	7.07	3.91	0.29	0.258424107	0.263223652	0.23317748	0.916	1.127	595.764
28	10.58	10.68	11.12	9.51	0.97	5.04	3.56	0.21	0.210927805	0.211923316	0.216448209	1.194	0.744	488.128
223	9.98	8.84	5.61	12.06	0.96	6.24	3.88	0.26	0.204616544	0.192230415	0.15226753	0.903	1.069	566.268
701	13.66	6.85	36.40	10.83	0.97	5.90	3.74	0.23	0.240967575	0.168597853	0.412300692	1.192	0.862	513.414
792	8.10	10.15	2.21	11.22	0.97	5.94	3.74	0.23	0.18366803	0.20639076	0.094894017	0.970	0.852	516.486
952	17.43	22.09	52.79	11.99	0.96	6.12	3.91	0.25	0.274204044	0.311527954	0.517802117	0.767	1.000	544.109
1063	10.72	25.74	12.26	14.06	0.97	7.27	3.91	0.30	0.212380069	0.3387197	0.227774583	0.966	1.125	609.479
1123	12.88	9.92	45.17	9.40	0.97	5.04	3.74	0.20	0.233721727	0.2039297	0.469192172	1.084	0.668	475.813
1137	11.33	10.92	39.31	12.31	0.97	6.75	3.43	0.26	0.218570734	0.214435517	0.431442206	1.357	0.827	531.241
22	11.69	14.80	11.53	13.01	0.97	6.99	3.92	0.27	0.222171727	0.251439172	0.220539959	1.007	1.097	580.744
1160	11.09	10.63	14.01	10.53	0.96	6.12	3.71	0.23	0.216134489	0.21144321	0.244199029	0.883	1.006	529.184
1184	12.22	20.91	8.46	11.84	0.96	6.13	3.75	0.25	0.227346642	0.302337783	0.187898502	0.834	1.023	546.476
1564	16.32	40.51	5.70	17.43	0.96	9.03	3.88	0.39	0.264747646	0.439238714	0.153458365	0.817	1.368	736.004
30	13.47	29.67	52.46	9.45	0.97	5.12	3.95	0.21	0.239279444	0.36672105	0.5156947	1.198	0.964	519.020
264	8.87	18.13	56.97	12.11	0.97	6.46	3.91	0.26	0.19257335	0.280045863	0.544515297	0.964	1.012	558.184
702	9.42	6.88	5.15	12.02	0.96	6.13	3.75	0.26	0.198620946	0.168973749	0.145749856	0.855	0.952	546.291
797	8.77	29.45	29.20	13.15	0.97	7.06	3.91	0.27	0.191375482	0.365161712	0.363416821	0.969	1.049	572.255
961	13.82	6.98	41.66	10.38	0.96	5.41	3.65	0.21	0.242479216	0.170249623	0.446639601	0.930	0.852	502.305
1066	10.32	12.49	7.63	16.72	0.96	8.51	3.91	0.37	0.208227902	0.229922286	0.178129447	0.775	1.275	703.822
1125	8.24	11.33	30.15	9.49	0.97	5.27	3.78	0.20	0.185368876	0.21850599	0.370059196	1.250	0.946	507.049
1138	13.82	6.08	29.52	10.05	0.96	5.24	3.39	0.21	0.242496664	0.158630092	0.365677772	1.003	0.750	487.455
23	9.66	10.48	6.66	14.53	0.97	7.77	3.91	0.31	0.201149353	0.209881495	0.166123632	0.902	1.128	615.807
1167	8.80	8.11	9.84	10.38	0.97	5.54	3.72	0.22	0.191779841	0.183881393	0.203082839	1.076	0.898	510.200
1186	9.59	12.12	11.37	11.82	0.96	6.01	3.93	0.24	0.20039153	0.226417685	0.21897313	0.757	1.036	545.526
1580	10.02	21.70	5.04	20.28	0.96	10.46	3.94	0.45	0.205039789	0.308496616	0.144100285	0.700	1.548	829.231
32	12.46	15.07	6.47	10.67	0.97	5.61	3.64	0.22	0.229640875	0.253797986	0.163780378	1.052	0.816	502.561
265	9.92	11.90	7.82	16.19	0.96	7.52	3.94	0.34	0.203946061	0.224262664	0.180478842	0.872	1.225	663.498
728	14.26	18.68	58.93	10.89	0.97	5.91	3.92	0.23	0.246523429	0.284494749	0.557126399	1.041	0.990	529.809
798	10.56	12.37	4.16	12.52	0.96	6.57	3.90	0.26	0.210746623	0.228805431	0.130799053	0.823	0.962	551.414
1043	11.07	12.10	20.53	9.25	0.96	4.76	3.82	0.19	0.215924998	0.22619828	0.299356135	0.751	0.729	477.668
1069	9.41	15.24	9.29	11.97	0.96	6.12	3.92	0.25	0.198436911	0.255357342	0.197130652	0.736	1.050	551.522
1128	12.27	9.60	45.52	6.71	0.97	3.71	3.78	0.16	0.227871517	0.200563336	0.47146981	1.104	0.666	454.586
1140	11.14	15.21	11.57	10.83	0.96	5.73	3.47	0.23	0.21665018	0.255060784	0.220965005	1.020	0.853	510.934
24a	8.32	12.33	9.97	12.85	0.96	6.60	3.92	0.28	0.186236548	0.228394964	0.204504355	0.876	1.022	571.441
1168	10.34	13.01	22.70	9.82	0.97	5.55	3.37	0.21	0.208393741	0.234965886	0.316131848	1.456	0.644	480.422
1189	10.34	10.62	4.36	9.71	0.97	5.42	3.44	0.20	0.208410314	0.211303022	0.133891265	1.420	0.650	477.949
1818	13.69	12.77	8.58	16.20	0.96	8.49	3.92	0.35	0.241319066	0.232610624	0.189212165	0.871	1.209	664.543
33a	16.29	24.46	10.89	9.75	0.97	5.27	3.79	0.20	0.264492443	0.329313592	0.214104221	1.039	0.807	491.938
266	13.63	16.00	44.90	25.73	0.97	13.03	3.94	0.50	0.240711001	0.26200895	0.467492925	0.267	1.937	1091.848
729	8.18	15.96	19.12	11.26	0.96	5.83	3.90	0.25	0.184678902	0.261661403	0.28809716	0.855	0.925	536.937
801	10.12	10.81	4.89	12.82	0.97	6.88	3.91	0.27	0.20606066	0.213277028	0.141893833	1.075	1.115	581.649
1046	11.62	24.24	3.14	10.49	0.97	5.71	3.90	0.23	0.221409349	0.327707668	0.113331994	1.218	0.843	516.311
1073	11.29	10.33	5.87	15.55	0.96	7.74	3.92	0.33	0.21813323	0.208356139	0.155825805	0.691	1.227	649.204
1130	11.49	6.13	49.74	9.23	0.97	5.00	3.25	0.19	0.220153394	0.159295563	0.498358988	1.350	0.684	473.693
1143	9.73	8.65	15.15	10.62	0.96	5.55	3.59	0.23	0.20189755	0.190067513	0.254497484	0.957	0.756	501.162
24b	9.62	10.14	35.81	8.37	0.97	4.78	3.82	0.18	0.200738997	0.20628984	0.408400229	1.368	0.699	470.971
1171	9.82	10.24	21.65	9.20	0.97	5.31	3.39	0.19	0.202901619	0.207351974	0.308111366	1.529	0.812	488.043
1190	9.83	12.16	3.99	9.16	0.97	4.91	3.86	0.20	0.202978265	0.226754325	0.127979592	1.068	0.840	492.824
33b	8.51	12.96	60.97	9.23	0.97	4.98	3.87	0.20	0.188449998	0.234447232	0.570437709	1.205	0.953	511.489
494	10.71	10.68	7.78	13.06	0.97	7.12	3.91	0.27	0.212263417	0.211926065	0.179954173	1.066	1.117	586.023
738	13.75	7.02	4.96	9.94	0.96	5.16	3.75	0.21	0.241822878	0.170674873	0.14295909	0.943	0.819	495.843
904	11.24	17.82	8.52	13.01	0.97	7.05	3.91	0.27	0.217696538	0.27744117	0.188548375	0.942	0.997	561.500
1052	8.95	9.08	29.62	10.30	0.96	5.27	3.61	0.22	0.193393333	0.194897667	0.366365326	0.896	0.817	498.766
1086	10.57	10.96	48.37	8.14	0.97	4.38	3.91	0.19	0.210800843	0.214852595	0.489634878	1.170	0.851	488.545
1132	11.19	10.58	54.57	8.56	0.97	4.96	3.59	0.19	0.217194093	0.21093647	0.529146815	1.546	0.779	483.888
1144	11.06	18.27	57.38	12.63	0.97	6.99	3.72	0.28	0.215810173	0.281174942	0.547127405	1.099	1.001	570.802
25	10.24	11.72	44.20	11.80	0.97	6.34	3.88	0.24	0.207313536	0.222417052	0.46297541	0.989	0.977	541.233
1173	8.26	17.88	7.50	12.06	0.97	6.52	3.71	0.26	0.185525995	0.277951695	0.176555276	1.222	0.990	554.318
1199	11.48	13.93	53.93	7.28	0.97	3.99	3.53	0.17	0.220035082	0.243456357	0.525022745	1.413	0.552	446.129
34	13.38	28.93	58.37	22.35	0.97	13.23	3.93	0.51	0.238436128	0.361571104	0.553560716	0.565	1.753	941.864
495	9.17	6.74	5.62	12.71	0.97	6.78	3.87	0.27	0.195867533	0.167175206	0.152408076	1.018	0.995	560.026
742	11.47	7.69	56.50	10.34	0.96	5.42	3.91	0.22	0.219991222	0.178850691	0.541471084	0.946	1.018	527.063
906	8.47	7.94	32.71	7.91	0.97	4.20	3.85	0.19	0.188016688	0.181858902	0.387575939	1.121	0.791	481.372
1059	10.46	8.04	6.98	9.50	0.96	5.00	3.78	0.20	0.209657039	0.183026767	0.170155906	0.938	0.747	483.669
1118	10.05	25.20	19.22	9.22	0.96	4.78	3.76	0.20	0.205394107	0.334787728	0.288887477	0.965	0.745	483.289
1134	13.42	14.66	48.63	5.96	0.98	3.78	3.92	0.16	0.238812935	0.2501134	0.491268805	1.628	0.813	473.867
1148	11.41	14.73	59.33	13.28	0.97	7.06	3.65	0.29	0.219310422	0.25073975	0.559775415	1.032	0.981	572.592
1943	15.99	5.92	13.06	8.53	0.97	4.79	3.88	0.19	0.261857781	0.156465709	0.235354008	1.044	0.767	481.873
2372	11.24	16.16	6.61	11.41	0.96	5.91	3.84	0.24	0.217693179	0.263363055	0.165472244	0.796	0.961	533.059
2458	12.28	10.79	7.00	9.89	0.97	5.70	3.43	0.20	0.227883533	0.213032709	0.170456663	1.663	0.762	491.418
2617	11.20	8.33	15.14	11.83	0.97	6.55	3.91	0.25	0.217229404	0.186383349	0.254429151	1.203	0.979	544.733
1975	9.30	6.88	39.60	11.14	0.97	6.02	3.75	0.24	0.197330325	0.168926585	0.433296783	1.139	0.883	525.718
1983	9.99	12.78	8.34	12.91	0.97	6.78	3.82	0.27	0.20471966	0.232747608	0.186476845	1.037	1.075	577.545
2005	13.74	24.22	40.56	13.20	0.96	6.63	3.93	0.31	0.24171136	0.327594524	0.43951646	0.809	1.161	621.489
2037	9.04	11.57	12.93	11.63	0.97	6.24	3.82	0.25	0.194398822	0.220939686	0.234184296	1.130	0.963	540.419
2088	14.52	28.27	7.12	15.73	0.96	8.29	3.92	0.33	0.248850286	0.356915116	0.171960467	0.877	1.252	661.700
2208	9.79	14.07	59.53	8.76	0.97	4.67	3.39	0.19	0.202560492	0.244770488	0.561032746	1.281	0.625	467.143
2294	10.75	10.05	14.75	12.77	0.96	6.56	3.64	0.28	0.212639974	0.205384672	0.250941212	0.981	0.977	565.883
2329	8.69	8.98	4.45	8.97	0.98	5.16	3.70	0.20	0.190504128	0.193719675	0.135271562	1.582	0.775	490.663
1945	18.14	15.00	11.23	11.57	0.97	6.24	3.91	0.24	0.280078045	0.253183311	0.217500287	1.123	0.926	530.984
2378	11.25	5.88	5.21	16.09	0.97	8.84	3.92	0.36	0.217779879	0.155864153	0.146633541	0.962	1.332	703.130
2478	10.42	12.77	18.96	11.67	0.96	5.88	3.58	0.24	0.209285982	0.232626159	0.286804043	0.807	0.878	522.832
2633a	8.65	7.89	11.32	14.05	0.97	7.73	3.91	0.29	0.189994101	0.181302604	0.218473604	1.048	1.149	607.656
1976	8.37	11.72	16.33	10.30	0.97	5.50	3.92	0.22	0.186817329	0.222484768	0.264805396	0.978	0.960	518.651
1984	9.14	6.31	4.30	16.84	0.96	8.76	3.81	0.36	0.195515314	0.161677273	0.133020474	0.861	1.251	684.909
2009	10.09	11.50	34.14	13.71	0.96	7.11	3.93	0.29	0.205751085	0.220305571	0.397267074	0.849	1.061	584.069
2064	14.37	9.52	36.36	11.80	0.97	6.55	3.93	0.24	0.247501863	0.19968246	0.41203494	1.088	0.967	540.326
2095a	10.24	30.25	6.99	8.02	0.97	4.28	3.92	0.19	0.207371288	0.370738351	0.170384695	1.308	0.862	491.787
2212	10.84	12.09	6.58	12.35	0.96	6.38	3.78	0.26	0.213569931	0.22609015	0.1651324	0.813	0.951	543.085
2299	14.23	17.92	8.92	11.76	0.97	6.23	3.76	0.25	0.246280637	0.278253632	0.193095668	1.028	0.978	543.509
2342	8.88	13.81	4.16	15.35	0.96	7.71	3.92	0.33	0.192601378	0.242374882	0.130773642	0.733	1.244	652.778
1951	13.54	5.29	11.33	14.01	0.96	7.22	3.91	0.29	0.239934967	0.147700152	0.218594138	0.802	1.054	587.192
2383	9.90	5.59	13.42	12.42	0.96	6.37	3.91	0.26	0.203753935	0.151899276	0.238801981	0.844	1.119	571.901
2486	17.71	14.31	38.70	14.06	0.96	7.25	3.94	0.30	0.276526566	0.246953897	0.427446215	0.870	1.089	600.408
2633b	17.01	6.72	5.32	11.23	0.97	5.86	3.75	0.24	0.270602187	0.166958596	0.148115355	1.058	0.976	539.999
1978	15.43	9.48	52.49	12.75	0.97	6.78	3.45	0.28	0.257035428	0.199300686	0.51586867	1.168	0.922	556.820
1985	7.74	14.10	8.02	11.25	0.96	5.82	3.81	0.23	0.179449555	0.245069528	0.182825195	0.818	0.894	517.473
2017	10.88	11.51	22.10	11.21	0.97	6.26	3.85	0.23	0.213980251	0.220378869	0.311585285	1.215	1.030	540.749
2065	10.18	10.45	4.18	13.41	0.97	7.09	3.92	0.28	0.206717319	0.209576915	0.131071645	0.952	1.067	582.409
2095b	11.10	16.55	11.25	15.88	0.96	8.07	3.87	0.35	0.216202658	0.266728662	0.217744433	0.864	1.227	670.006
2223	16.60	21.86	50.76	9.80	0.97	5.40	3.53	0.20	0.267108059	0.309738579	0.504826982	1.219	0.771	489.575
2301	12.28	6.94	18.73	12.17	0.96	6.40	3.76	0.25	0.22789031	0.16973317	0.284936132	0.882	0.902	533.905
2343	10.51	7.38	12.10	14.33	0.96	7.10	3.92	0.30	0.210212071	0.17518034	0.226141321	0.683	1.198	620.887
1956	18.79	10.43	42.72	13.86	0.97	7.29	3.93	0.29	0.285450325	0.209311241	0.453511132	0.911	1.040	589.350
2408	7.54	6.94	27.61	10.78	0.96	5.46	3.74	0.22	0.177096548	0.169709959	0.352212873	0.725	0.908	514.320
2551	8.56	28.04	7.87	14.55	0.97	7.77	3.80	0.31	0.188974346	0.355240157	0.180976853	1.009	1.205	633.798
2646	9.81	10.63	6.84	8.44	0.97	4.60	3.75	0.19	0.202819302	0.211439522	0.16843191	1.335	0.803	486.650
1979a	8.43	6.07	58.34	12.48	0.97	6.62	3.89	0.26	0.18748374	0.158432831	0.553322023	0.997	0.984	555.213
1990	11.69	11.59	11.50	13.47	0.96	6.94	3.87	0.28	0.222178474	0.221142058	0.22025226	0.895	1.031	578.106
2022	8.77	15.28	11.19	12.11	0.97	6.53	3.68	0.25	0.191371728	0.255638015	0.217137957	1.116	0.945	542.679
2076	13.37	14.39	6.16	10.82	0.97	5.74	3.49	0.22	0.238304307	0.247664572	0.159722515	1.095	0.674	492.607
2114	10.95	10.51	64.36	10.85	0.96	5.61	3.42	0.23	0.214711161	0.210147454	0.592742521	0.929	0.709	495.473
2224	15.41	10.88	11.67	10.03	0.97	5.71	3.47	0.22	0.256860235	0.21404326	0.221900018	1.446	0.723	495.991
2309	12.97	20.30	2.97	14.35	0.97	7.54	3.90	0.30	0.234541537	0.297547041	0.110250382	0.932	1.148	612.280
2350	12.78	16.70	4.50	16.85	0.97	9.69	3.87	0.36	0.232753256	0.2679684	0.136034775	1.051	1.311	701.958
1958	10.16	12.75	19.70	13.02	0.97	7.51	3.90	0.27	0.206529314	0.232429097	0.292787605	1.268	1.064	580.384
2428	8.69	5.60	28.96	13.73	0.97	7.56	3.91	0.29	0.190549936	0.152111981	0.36173015	1.010	1.167	607.560
2560	9.12	28.54	6.67	18.70	0.97	9.98	3.91	0.43	0.195329731	0.358790591	0.166347562	0.813	1.448	787.099
2653	10.10	11.47	7.35	12.31	0.96	6.42	3.73	0.26	0.205910454	0.219963175	0.17477489	0.890	0.984	549.751
1979b	10.38	6.26	4.53	13.81	0.96	7.29	3.82	0.29	0.208829882	0.160979971	0.136584882	0.950	1.098	590.698
1991	9.35	13.73	40.50	13.04	0.96	6.43	3.84	0.27	0.19780803	0.241633163	0.439172415	0.777	0.988	558.666
2024	13.42	8.44	47.40	17.72	0.96	9.14	3.75	0.38	0.23877678	0.187631159	0.483452658	0.800	1.316	716.177
2078	12.40	10.67	6.12	14.53	0.96	7.35	3.91	0.31	0.229107032	0.211801401	0.159084649	0.833	1.138	614.172
2142a	11.55	12.63	47.33	14.44	0.96	6.85	3.92	0.32	0.220804024	0.231264164	0.482994379	0.867	1.187	631.108
2229	9.68	7.94	14.67	10.75	0.96	5.64	3.81	0.22	0.201377007	0.181867684	0.250268487	0.880	0.825	504.444
2310	10.04	13.15	33.68	12.22	0.97	6.75	3.77	0.25	0.205263199	0.236209388	0.394156147	1.149	1.053	559.226
2354	8.93	6.43	30.20	10.05	0.97	5.46	3.75	0.21	0.19324273	0.163263748	0.370381585	1.129	0.881	505.045
1966	10.58	11.54	17.99	13.38	0.97	7.45	3.90	0.28	0.210877739	0.220653422	0.278837835	1.134	1.086	587.618
2444	9.52	11.60	58.21	11.46	0.97	6.63	3.86	0.24	0.199693629	0.221220446	0.552486786	1.262	1.037	552.054
2575	16.10	9.53	43.53	11.72	0.97	6.37	3.91	0.26	0.262863671	0.199817624	0.458685265	1.159	1.039	560.375
2665	11.28	24.18	23.58	14.92	0.96	7.52	3.75	0.35	0.218028981	0.327272772	0.322813087	0.913	1.181	664.715
1980	8.19	5.76	17.77	9.35	0.96	4.88	3.39	0.21	0.184812262	0.154286231	0.277023204	1.053	0.621	476.510
1992	11.35	12.82	7.87	9.92	0.96	5.01	3.91	0.23	0.218787349	0.233162219	0.181050539	0.830	0.936	522.653
2027	10.66	9.21	9.04	13.81	0.96	7.19	3.76	0.29	0.211721247	0.196242271	0.194472288	0.939	1.029	582.735
2079	8.94	7.21	4.23	11.33	0.97	6.26	3.83	0.24	0.193293473	0.173042421	0.131836748	1.228	0.965	538.633
2142b	10.42	9.23	4.21	10.76	0.97	5.73	3.91	0.25	0.209272	0.196509821	0.131577078	1.176	1.038	552.638
2237	10.15	8.06	35.72	11.02	0.97	5.84	3.70	0.23	0.206370187	0.183262493	0.407832084	1.071	0.908	521.374
2322	9.11	9.47	54.02	13.04	0.96	6.70	3.91	0.27	0.195189209	0.199162498	0.525610615	0.737	1.005	560.398
2360	10.06	7.81	22.84	18.53	0.96	9.43	3.92	0.40	0.205432122	0.18034347	0.317193964	0.670	1.426	759.595
1973a	9.22	9.36	37.53	12.41	0.96	6.41	3.37	0.26	0.196364062	0.197942919	0.419793873	1.025	0.822	528.055
2445	13.26	8.41	53.86	13.44	0.96	6.88	3.92	0.28	0.237308642	0.187330472	0.524620646	0.708	1.056	578.102
2576	11.25	8.92	17.78	9.84	0.96	5.10	3.58	0.21	0.217748743	0.193120881	0.27708643	0.868	0.676	480.854
1981	8.66	6.89	4.18	11.34	0.97	5.90	3.75	0.24	0.190103679	0.169068051	0.131008503	0.996	0.890	527.280
1994	10.30	7.97	7.38	12.73	0.97	6.74	3.82	0.27	0.207984232	0.182237295	0.175168501	0.971	1.007	560.305
2029	11.04	27.44	22.35	12.71	0.97	6.70	3.90	0.27	0.215649053	0.350978625	0.313468663	0.959	0.966	556.628
2083	10.20	13.47	6.62	16.95	0.96	8.64	3.76	0.37	0.206990925	0.239249182	0.16572192	0.828	1.253	692.304
2167	14.40	15.46	4.95	9.18	0.97	5.04	3.82	0.20	0.24775136	0.257299708	0.142852524	1.146	0.820	489.279
2238	9.88	10.37	48.57	8.74	0.97	4.71	3.72	0.19	0.203507988	0.208759913	0.490925388	1.235	0.864	491.888
2326	8.91	6.42	3.80	13.74	0.97	7.27	3.75	0.29	0.192953996	0.1630585	0.124930328	0.960	1.047	589.287
2367	10.28	7.99	3.79	13.03	0.97	7.28	3.75	0.29	0.20773542	0.182384455	0.124763284	1.239	1.035	583.173
1973b	9.08	12.36	60.72	15.60	0.97	8.25	3.86	0.33	0.194812827	0.228695982	0.568752449	0.911	1.250	662.264
2448	9.32	6.52	3.41	14.13	0.96	7.24	3.75	0.31	0.197509376	0.164356104	0.118177751	0.791	1.048	597.154
2605	9.65	8.46	32.73	11.62	0.96	6.06	3.49	0.24	0.201047812	0.187866182	0.387755399	0.901	0.689	503.418
1982	9.08	6.92	5.25	13.92	0.97	7.50	3.92	0.29	0.194854113	0.169457794	0.147179261	1.055	1.188	616.702
1996	9.87	6.60	18.74	13.32	0.97	7.26	3.70	0.28	0.203484941	0.1653516	0.284979185	1.097	1.052	578.948
2036	8.83	9.10	37.12	9.08	0.97	5.06	3.37	0.20	0.192052534	0.19512927	0.417096161	1.473	0.608	467.682
2086	12.92	20.87	6.57	11.58	0.97	6.36	3.82	0.24	0.234064801	0.302074166	0.165035721	1.059	1.023	547.662
2206	10.98	8.35	5.02	8.77	0.97	4.69	3.13	0.19	0.214977542	0.186595903	0.143792858	1.259	0.379	441.529
2240	10.39	14.62	9.61	11.24	0.97	6.10	3.72	0.23	0.208912237	0.249775757	0.2006518	1.046	0.833	512.987
2328	10.81	12.12	5.40	9.44	0.97	5.06	3.71	0.21	0.213318721	0.226368953	0.149316005	1.108	0.782	495.246
2370	9.00	19.56	7.84	11.68	0.97	6.31	3.67	0.24	0.193947232	0.291661674	0.180637839	1.117	0.885	529.291
2714	9.13	10.41	12.94	9.44	0.97	4.95	3.46	0.20	0.195382816	0.209171161	0.234293411	1.157	0.680	478.915
P39	8.99	6.42	57.61	11.57	0.96	5.93	3.82	0.24	0.193818242	0.163047165	0.548638755	0.852	1.043	548.203
P52	9.75	5.79	13.97	9.56	0.97	5.25	3.83	0.20	0.202192945	0.154649435	0.243855339	1.099	0.754	484.310
P314	10.55	5.99	30.89	5.70	0.98	3.28	3.07	0.14	0.210547345	0.157419505	0.37515229	1.913	0.247	405.691
2906	9.28	33.89	6.99	19.98	0.97	11.57	3.91	0.46	0.197107321	0.395585767	0.170338393	0.707	1.621	865.068
2995	11.42	13.56	54.35	10.38	0.97	5.55	3.69	0.22	0.219426694	0.240100653	0.527746555	1.091	0.814	504.291
3030	8.02	14.27	24.28	11.88	0.97	6.54	3.92	0.24	0.182753646	0.246589089	0.328044499	1.069	1.045	552.266
3083	10.83	23.19	42.65	12.07	0.97	6.25	3.94	0.26	0.213492097	0.319864227	0.453060316	0.973	1.184	587.275
3093	11.18	15.83	55.01	14.72	0.96	7.47	3.91	0.32	0.217049257	0.260539476	0.531933203	0.749	1.221	636.514
3104	8.17	34.22	7.90	14.47	0.97	7.64	3.77	0.32	0.184528153	0.397819012	0.181404176	0.985	1.160	627.375
P14	11.05	9.48	41.26	14.67	0.97	7.74	3.93	0.33	0.215760615	0.19926796	0.444062178	0.886	1.235	655.465
P23	8.70	11.64	11.20	10.19	0.97	5.41	3.76	0.22	0.190661839	0.221690465	0.21726415	1.022	0.955	522.239
2767	12.47	5.91	19.88	10.20	0.96	5.18	3.74	0.22	0.229776778	0.156346861	0.294184892	0.848	0.875	508.824
P42	9.81	10.95	44.13	15.24	0.97	8.18	3.77	0.32	0.202857717	0.214754616	0.4625393	0.983	1.122	627.388
P54	9.36	6.21	26.71	14.36	0.96	7.28	3.76	0.31	0.197975744	0.160349195	0.345784086	0.847	1.071	606.513
P315	14.35	10.41	12.69	5.36	0.98	2.98	2.78	0.14	0.247380645	0.209157933	0.231887597	2.185	0.063	389.059
2907	14.25	10.15	52.51	14.62	0.97	7.82	3.92	0.31	0.24645177	0.206427802	0.515956791	0.926	1.193	628.104
2996	12.56	16.66	13.86	11.98	0.97	6.34	3.33	0.25	0.23062475	0.267661309	0.24281766	1.133	0.847	524.428
3033	10.99	10.45	18.36	8.62	0.97	4.87	3.84	0.18	0.215118675	0.209518181	0.281884085	1.291	0.773	479.940
3084	13.64	7.79	55.40	11.14	0.96	5.84	3.87	0.24	0.240828785	0.180069575	0.534436462	0.888	0.976	533.277
3094	31.33	18.76	57.74	10.62	0.97	5.59	3.69	0.24	0.37817948	0.285141445	0.549468634	1.103	0.918	526.817
3105	10.33	15.63	10.38	16.64	0.97	9.13	3.83	0.37	0.208311704	0.258712972	0.2088685	0.977	1.375	718.841
P16	10.24	6.04	2.91	5.52	0.97	2.90	3.31	0.15	0.207376651	0.158108876	0.109114671	1.341	0.305	415.993
P25	15.29	10.65	45.69	10.29	0.96	5.34	3.70	0.22	0.255770426	0.211678266	0.472522236	0.987	0.846	508.064
2776	10.35	16.63	13.63	13.75	0.97	7.41	3.83	0.28	0.208546027	0.267368243	0.240761408	1.038	1.074	587.567
P44	10.21	6.09	45.37	16.32	0.97	8.77	3.91	0.35	0.207083642	0.158683128	0.470476315	0.914	1.256	678.862
P60	11.52	11.98	4.47	11.01	0.97	5.88	3.65	0.24	0.22046114	0.22496301	0.135675589	1.093	0.875	520.832
P316	11.19	11.99	5.22	11.79	0.97	6.57	3.92	0.24	0.217173122	0.225074082	0.146724939	1.208	1.003	545.919
2938	12.44	10.91	2.98	16.20	0.96	8.50	3.91	0.35	0.229511846	0.214342938	0.110399473	0.842	1.301	683.690
2997	16.76	31.99	5.79	15.42	0.97	8.45	3.93	0.33	0.268496243	0.382710078	0.154735767	1.001	1.238	655.026
3034	8.90	15.02	12.32	14.28	0.97	7.98	3.92	0.30	0.192809848	0.253358835	0.228344385	1.106	1.175	617.732
3085	15.22	11.55	16.81	13.66	0.97	7.25	3.94	0.31	0.255119815	0.220757837	0.268964512	0.935	1.197	629.939
3095	8.20	30.00	18.89	16.09	0.97	8.75	3.91	0.38	0.184919371	0.369007155	0.286253885	1.000	1.334	720.767
3106	15.99	25.26	16.13	17.51	0.97	9.34	3.91	0.40	0.261907688	0.335222625	0.263068514	0.893	1.358	748.538
P17	11.96	14.85	40.77	13.55	0.97	7.30	3.94	0.28	0.224825859	0.251856606	0.440925718	1.002	1.078	586.089
P26	10.70	10.04	14.07	12.51	0.97	6.74	3.56	0.27	0.212115748	0.205259979	0.244737769	1.131	0.993	563.076
2867	9.28	9.41	35.15	12.00	0.96	6.24	3.91	0.25	0.197048469	0.198487677	0.404014343	0.793	0.948	538.535
P46	8.34	7.79	4.19	7.57	0.97	4.04	3.20	0.17	0.186499058	0.180115783	0.131220095	1.232	0.515	430.853
P61	9.00	6.64	19.88	14.82	0.97	8.26	3.91	0.31	0.193961613	0.165879496	0.294202458	1.080	1.246	645.480
P614	12.47	11.91	4.88	10.25	0.96	5.34	3.73	0.21	0.229786271	0.224305741	0.141784017	0.880	0.878	504.489
2946	9.18	15.67	5.52	17.23	0.96	8.76	3.91	0.37	0.195969112	0.259113776	0.151024325	0.693	1.324	706.567
2998	7.43	8.73	4.57	10.59	0.97	5.40	3.88	0.22	0.1757163	0.190979802	0.137186202	1.062	0.971	543.720
3044	9.62	15.25	12.47	13.62	0.96	7.00	3.92	0.30	0.200718983	0.255411166	0.229762078	0.884	1.092	601.174
3086	10.23	18.33	39.58	9.11	0.97	4.91	3.79	0.20	0.207265689	0.281646699	0.433178523	1.221	0.749	488.604
3096	9.47	19.21	26.62	18.25	0.97	9.98	3.91	0.39	0.199144754	0.288816667	0.345102232	0.916	1.392	747.981
3108	13.41	14.17	40.64	11.48	0.97	6.21	3.88	0.24	0.238692921	0.245700509	0.440036171	1.021	0.969	534.759
P18	13.76	11.25	16.75	9.47	0.97	5.01	3.72	0.20	0.241935593	0.217708776	0.268403476	1.079	0.744	486.947
P29	9.43	21.43	14.48	14.37	0.96	7.47	3.91	0.31	0.198672797	0.306370154	0.248543095	0.850	1.145	619.037
2887	11.39	21.92	17.24	16.94	0.97	9.73	3.91	0.38	0.219186878	0.310205523	0.272579908	0.979	1.379	734.284
P47	10.72	6.11	5.66	7.21	0.97	3.99	3.29	0.16	0.212352417	0.158973371	0.152892205	1.501	0.452	429.195
P65	8.31	9.78	18.86	14.14	0.97	7.77	3.86	0.30	0.186108466	0.202537288	0.286007579	1.034	1.184	619.248
P615	9.56	10.74	13.51	9.68	0.96	5.06	3.81	0.20	0.200161797	0.212530405	0.239568475	0.903	0.846	495.901
2948	8.87	36.75	60.52	8.87	0.98	5.02	3.91	0.22	0.19256661	0.414650795	0.567496022	1.441	0.929	524.187
3024	10.53	18.35	35.06	14.08	0.97	7.55	3.92	0.30	0.210381524	0.281844895	0.403392974	1.014	1.148	614.803
3060	11.68	16.49	19.62	10.83	0.97	5.81	3.91	0.23	0.222018578	0.26623666	0.292167332	1.073	1.016	536.155
3088	9.81	14.04	18.81	9.11	0.97	5.12	3.89	0.21	0.202768138	0.24452818	0.285611255	1.322	0.868	506.098
3097	9.34	22.98	5.67	11.25	0.97	6.06	3.89	0.24	0.197738727	0.318280726	0.153109267	1.115	0.994	540.449
3109	9.09	21.53	49.11	11.01	0.96	5.73	3.82	0.23	0.194921305	0.307203891	0.49431809	0.893	0.861	512.893
P19	10.86	6.55	29.14	11.49	0.96	6.11	3.85	0.24	0.213803966	0.164806666	0.362984317	0.909	0.896	526.619
P30	12.16	10.34	5.20	14.65	0.97	7.74	3.94	0.31	0.226803319	0.208430731	0.146505395	0.906	1.125	612.816
2888	9.72	12.97	13.27	8.95	0.97	4.68	3.92	0.19	0.201864379	0.23452027	0.237334565	0.918	0.765	482.674
P48	9.36	6.81	5.54	15.58	0.96	7.90	3.91	0.33	0.197935371	0.168047926	0.151278141	0.798	1.183	641.062
P67	10.03	9.83	27.15	10.86	0.97	5.79	3.59	0.23	0.205114326	0.203022441	0.348957711	1.127	0.725	504.069
P617	8.30	8.71	12.39	13.00	0.97	7.42	3.92	0.28	0.186020839	0.190729699	0.228997975	1.143	1.147	602.061
2964	12.26	11.99	40.31	11.93	0.96	6.22	3.83	0.25	0.227756993	0.225066253	0.437932613	0.828	0.970	539.482
3025	13.01	11.56	3.11	14.91	0.97	8.02	3.91	0.32	0.234952884	0.220805061	0.112838114	0.997	1.157	635.057
3062	8.37	21.21	47.58	10.65	0.97	5.66	3.92	0.23	0.186882876	0.304673688	0.484599403	1.050	1.034	539.399
3089	9.25	14.80	33.82	15.49	0.96	8.02	3.90	0.33	0.196783811	0.251401621	0.39507798	0.857	1.173	638.711
3098	10.84	29.62	6.95	14.71	0.97	7.73	3.93	0.33	0.213588254	0.366352044	0.169894093	0.898	1.233	655.722
P6	8.20	6.79	18.20	12.34	0.96	6.45	3.74	0.26	0.184846594	0.16788215	0.280606009	0.843	0.911	539.685
P20	14.33	5.38	4.60	11.18	0.97	6.08	3.70	0.23	0.247170768	0.148996718	0.137643499	1.083	0.802	511.172
P31	13.93	7.13	24.42	14.59	0.97	7.83	3.91	0.30	0.243472467	0.172068115	0.329047934	0.986	1.186	623.635
2895	9.68	8.07	46.51	16.55	0.96	8.59	3.94	0.35	0.20140102	0.183371115	0.477764338	0.803	1.229	674.847
P49	10.09	6.75	10.01	16.03	0.96	7.93	3.90	0.34	0.205733346	0.167305041	0.204899389	0.739	1.139	643.851
P69	9.99	14.69	4.56	11.80	0.97	6.31	3.90	0.25	0.204675213	0.250399395	0.136976464	0.963	0.939	536.838
2965a	11.44	12.82	7.44	11.22	0.96	5.82	3.70	0.24	0.219616737	0.233120268	0.175917207	0.974	0.955	529.462
3027	10.68	19.33	13.50	10.94	0.96	5.67	3.91	0.22	0.211981875	0.289781046	0.239556107	0.860	0.947	521.907
3068	18.52	16.21	51.18	16.68	0.97	9.25	3.91	0.36	0.283208107	0.263803907	0.507537161	0.968	1.356	711.838
3091	11.56	7.74	3.82	15.58	0.97	8.28	3.93	0.34	0.22085625	0.179495068	0.125203551	0.908	1.326	678.048
3099	9.73	26.48	18.33	14.19	0.97	7.51	3.91	0.30	0.201982595	0.344134693	0.28163134	0.915	1.214	624.340
P7	9.62	12.38	5.70	17.27	0.97	9.44	3.92	0.37	0.2008057	0.228911487	0.153449708	0.922	1.350	720.222
P21	9.09	7.99	10.68	15.14	0.96	7.74	3.71	0.32	0.194994183	0.182386955	0.211937282	0.873	1.132	624.407
P35	7.32	17.78	3.84	20.33	0.97	11.82	3.93	0.47	0.17438368	0.277103959	0.125562121	0.610	1.695	892.049
2905	10.97	9.84	4.13	16.28	0.96	8.17	3.94	0.35	0.214948174	0.203156463	0.130270252	0.635	1.153	654.358
P50	9.87	10.41	28.04	12.77	0.97	6.86	3.92	0.26	0.203418628	0.20911731	0.355259833	1.004	1.106	574.904
P311	11.99	5.84	42.94	19.83	0.95	8.49	3.94	0.43	0.22506929	0.155390029	0.454877262	0.467	1.291	758.500
2965b	7.79	6.40	5.12	10.77	0.96	5.59	3.86	0.22	0.180135329	0.162816534	0.14535127	0.839	0.808	504.711
3029	17.62	14.15	9.95	10.36	0.97	5.70	3.79	0.23	0.275779689	0.245486657	0.204317263	1.197	0.957	528.931
3082	21.74	31.05	6.95	16.90	0.97	9.17	3.89	0.37	0.308830677	0.376264584	0.169810237	0.919	1.320	711.697
3092	11.97	18.26	47.32	13.23	0.97	7.21	3.88	0.28	0.224919178	0.281102477	0.482905793	0.953	1.271	619.150
3103	9.67	15.62	11.68	12.01	0.96	6.06	3.74	0.27	0.201355092	0.258626056	0.222062788	0.886	1.033	565.759
P13	15.77	15.64	4.78	16.97	0.96	8.68	3.93	0.38	0.259967035	0.25882151	0.140369386	0.781	1.347	723.232
P22	10.00	7.06	48.77	11.47	0.97	6.08	3.71	0.25	0.204864042	0.171200272	0.492197871	1.110	1.000	546.454
P37	8.06	8.29	6.18	16.60	0.96	8.64	3.94	0.36	0.18328306	0.185922002	0.160002979	0.836	1.255	690.561
P621	12.44	11.83	4.26	12.21	0.97	6.63	3.91	0.26	0.22945383	0.223573388	0.132282637	0.995	1.122	575.552
P633	8.90	12.89	4.18	11.85	0.97	6.79	3.89	0.24	0.192906412	0.233769922	0.131012328	1.252	1.072	558.117
P645	8.33	9.55	55.80	12.29	0.96	6.42	3.86	0.26	0.186380572	0.200010407	0.537014454	0.846	1.027	554.775
P657	12.13	5.57	3.54	16.94	0.96	8.93	3.92	0.36	0.22647291	0.151684632	0.120428781	0.850	1.279	693.521
P669	11.14	12.41	44.96	17.58	0.96	8.65	3.92	0.38	0.216678379	0.22914735	0.467869102	0.663	1.277	704.676
P624	11.79	11.35	10.43	9.20	0.96	4.72	3.57	0.19	0.223155125	0.218799752	0.209397923	0.825	0.653	467.695
P634	9.66	15.64	19.20	10.34	0.96	5.03	3.92	0.22	0.201233952	0.258841413	0.288739588	0.763	1.010	522.378
P646	10.35	7.15	17.07	10.06	0.96	5.12	3.66	0.21	0.208560278	0.172278171	0.271125217	0.718	0.786	491.707
P658	19.63	6.39	61.89	12.69	0.96	6.54	3.90	0.26	0.292213753	0.162645329	0.576425588	0.785	0.982	554.745
P670	9.95	5.73	12.33	16.62	0.96	8.40	3.78	0.36	0.204323118	0.153819963	0.228372073	0.784	1.180	673.381
P626	13.35	11.34	45.39	11.39	0.97	6.05	3.58	0.24	0.238078345	0.218692731	0.470625893	1.064	0.903	525.948
P636	13.25	12.17	40.21	8.27	0.97	4.39	3.74	0.18	0.237173876	0.226853172	0.437245008	1.102	0.721	472.831
P647	11.08	6.91	8.51	14.65	0.97	7.94	3.93	0.31	0.216000262	0.169390901	0.188443083	1.027	1.178	631.728
P659	14.43	12.88	37.90	14.49	0.96	7.51	3.91	0.32	0.248058314	0.233667156	0.422190935	0.812	1.104	615.375
P671	10.03	11.85	13.48	15.69	0.97	8.57	3.91	0.33	0.205121998	0.223771704	0.239335138	0.998	1.216	656.720
P627	10.46	9.16	23.49	10.00	0.96	5.19	3.74	0.21	0.209673695	0.1957241	0.322107545	0.924	0.719	489.884
P638	8.26	7.17	5.36	11.54	0.96	5.92	3.75	0.24	0.185619898	0.17253753	0.148755336	0.856	0.950	535.373
P648	11.24	10.99	24.78	9.23	0.96	4.87	3.52	0.20	0.217668085	0.215074623	0.331717533	1.029	0.712	477.732
P660	13.52	5.95	24.99	9.09	0.97	4.59	3.94	0.19	0.239737115	0.156812344	0.333283043	0.615	0.748	480.491
P675	9.45	13.87	49.66	17.66	0.96	9.32	3.93	0.39	0.198917978	0.242986994	0.497841841	0.779	1.485	746.399
P628	12.30	12.07	44.81	10.44	0.97	5.99	3.91	0.22	0.228112241	0.225886558	0.466893432	1.243	0.855	509.263
P639	12.07	9.44	23.96	11.96	0.97	6.29	3.75	0.25	0.225916084	0.19876241	0.325652575	0.987	0.944	542.632
P649	10.65	13.04	42.95	15.56	0.96	7.85	3.75	0.33	0.21162752	0.235158947	0.454969867	0.816	1.192	648.118
P661	9.29	8.60	12.97	12.17	0.97	6.57	3.91	0.26	0.197189398	0.189477004	0.234531615	1.016	0.999	554.453
P691	7.99	15.96	26.37	14.12	0.96	7.20	3.93	0.31	0.182456638	0.261607751	0.34331555	0.772	1.154	623.804
P629	9.07	19.87	5.30	12.05	0.96	6.43	3.76	0.26	0.194760461	0.294157865	0.14788571	0.961	0.973	549.914
P640	14.29	8.03	40.45	10.96	0.97	6.21	3.92	0.23	0.246787048	0.182888732	0.438858393	1.245	0.914	521.917
P650	10.13	9.98	26.85	12.78	0.96	6.85	3.88	0.27	0.206234609	0.204616728	0.346784696	0.940	1.092	574.800
P662	10.96	6.90	4.26	12.67	0.97	6.80	3.86	0.27	0.21481237	0.169233516	0.132359844	1.113	1.010	563.562
P55	25.73	16.19	11.14	14.72	0.97	7.72	3.93	0.31	0.338655354	0.26364488	0.216639333	0.921	1.136	619.241
P630	15.87	12.14	47.63	10.12	0.97	5.72	3.68	0.21	0.260870138	0.226607145	0.484907446	1.388	0.834	504.164
P641	10.30	12.09	6.90	10.49	0.97	5.91	3.92	0.22	0.208003312	0.226068973	0.16924441	1.186	0.872	510.549
P651	21.53	5.67	5.83	11.32	0.96	5.98	3.91	0.24	0.30716325	0.153011074	0.155281643	0.934	1.024	542.189
P665	12.41	15.33	4.14	17.01	0.97	9.39	3.93	0.36	0.229211521	0.256068531	0.130502674	0.927	1.362	711.374
P632	12.48	8.86	3.93	11.33	0.97	6.08	3.75	0.24	0.229877954	0.19242275	0.127027478	1.092	0.933	531.999
P643	10.33	14.33	4.40	12.51	0.96	6.35	3.85	0.26	0.208352967	0.247171263	0.134594481	0.715	0.970	549.495
P656	10.65	12.41	48.36	16.48	0.96	8.52	3.92	0.35	0.211626556	0.229231011	0.489565305	0.788	1.256	681.255
P666	14.07	5.31	8.26	17.40	0.96	7.61	3.94	0.37	0.244779766	0.148034481	0.185639742	0.859	1.218	688.476