1.224549
1.169476
0.8392239
0.7208439
0.9633009
0.9615264
0.8631911
1.024039
0.9641476
1.18759
1.174599
1.513308
1.195053
0.9857313
0.8235984
1.270443
1.001125
0.8431587
1.116007
1.489888
1.330401
0.9935114
1.158087
0.9031842
0.8251265
1.289841
1.422964
1.239006
1.364825
1.201896
1.282513
1.3851
1.082651
0.9417719
1.132672
1.367045
1.433648
1.139619
1.142765
1.059236
0.8913022
1.121729
1.049894
0.9849894
0.9410253
1.041826
1.618529
1.471845
1.427754
1.0185
0.831992
0.8714112
0.9770083
1.380096
1.158741
1.078449
0.9919717
0.9990828
0.995255
0.8498122
0.8331584
0.5294727
0.6188261
0.6944925
0.9109843
1.199825
1.359682
1.273275
1.215023
1.201107
1.311383
1.077974
0.951365
0.933124
0.6332836
0.664567
0.5963229
0.9995434
0.9446257
1.304001
1.182149
0.8478614
0.6893974
0.8182208
1.166128
1.11243
0.9249595
0.864815
1.061873
0.9795331
1.289189
1.374735
1.95156
1.96678
1.417294
1.265693
1.368111
1.332472
1.636495
0.8964455
1.093695
1.205882
1.397868
1.34383
1.144403
1.049921
1.054139
1.125274
1.237907
1.335091
1.222226
1.160178
1.276574
1.177348
1.045612
0.8678295
1.074044
0.9740696
0.9247875
1.226521
0.9952695
0.9811133
1.425823
1.053515
0.8581897
0.728133
0.6856022
0.8272387
0.7252635
0.8521976
1.059953
1.136807
1.296033
1.093263
0.7168323
0.8173705
0.8217724
0.8381524
1.019257
1.239485
1.677088
1.250325
1.246665
1.423351
1.146556
1.654099
1.190241
1.109213
1.354456
1.368277
1.701283
1.800817
1.29776
1.158348
1.046771
0.7361824
0.6541275
0.6518699
0.5238065
0.5814374
0.7759131
0.8325817
0.67692
0.783027
0.6334911
0.6009583
0.7849401
0.9125154
0.9799394
0.5563551
0.5195206
0.7254403
0.590039
0.468418
0.8443086
1.350188
1.262785
1.017138
0.7537875
0.8514828
0.882062
1.04212
1.107682
1.266152
1.267618
1.728242
1.480948
1.059668
0.9654459
0.8151978
1.019011
1.419434
1.543618
1.691686
1.554053
1.196671
1.254169
0.9288489
1.055433
1.289227
1.088729
1.014774
0.9636467
1.108894
1.495147
1.050886
1.144069
1.078249
1.043183
1.47499
1.639222
1.629251
1.405344
1.173673
1.379751
0.8155396
0.5503608
0.5297236
0.558421
0.48286
0.7142475
0.6661427
0.4951502
0.5328793
0.6061914
0.4252386
0.472646
0.5877409
0.6437774
0.7572962
0.8987458
1.370711
1.612908
1.381384
1.214578
1.529353
0.8708074
0.9506758
1.043332
1.409653
1.827786
2.380975
1.518746
1.106028
1.595023
1.231286
1.197583
1.448691
0.8901231
1.018156
1.106952
1.079489
1.028471
1.441485
1.66013
1.761965
1.955753
1.920807
1.027604
0.8086478
0.7652002
0.8467694
0.9718858
0.9874232
1.177433
1.006929
1.134747
1.048659
0.9831793
0.7139511
0.899236
0.8669557
0.9375886
1.167034
0.8809315
0.6858598
0.6741116
0.7635503
0.853258
0.8192143
0.873509
1.014494
0.8676773
0.9200173
0.8561572
1.202743
1.076446
1.311974
1.124253
1.098304
1.186386
1.296162
1.259823
1.530511
1.659466
1.375132
1.057738
1.302949
1.005992
1.056938
1.044055
1.189873
1.078645
1.280333
1.120026
0.9053432
0.9618526
0.7668297
0.6797892
0.7967379
0.8172509
0.9298165
0.8020463
0.833529
0.9631047
1.061034
0.805084
0.8708463
0.7055118
0.8030095
0.708703
0.7608886
0.7611976
0.6368855
0.672592
0.5726929
0.6499285
0.7814984
0.5998328
0.5944524
0.4923408
0.6255611
0.7015668
0.5505219
0.6498913
0.6767827
0.6074392
0.8934009
1.240351
1.003182
0.7898886
0.9118664
0.8611124
0.7402584
0.7295943
0.8292188
0.7095851
0.8012705
1.25446
1.342524
1.043521
1.998362
1.299728
1.452159
1.679823
2.023316
1.503562
1.765875
1.766141
1.247225
1.290964
1.107865
1.454554
1.342602
1.486083
1.658041
1.102245
1.234099
1.085249
1.315042
0.8850357
0.8205599
0.8880221
0.6881973
1.007756
1.055743
0.5704353
0.7648997
0.8831694
1.078146
1.012404
1.100371
1.167114
0.9622559
0.9144465
0.6837078
0.8687952
0.6627029
0.8938624
0.8362918
0.9866351
0.8598953
0.8180358
0.7928596
1.274371
1.109939
1.422055
1.069447
0.8783942
0.8831445
1.059878
1.254116
1.047657
1.434613
0.9071343
0.5912955
0.784481
0.9647191
0.8229458
0.7796943
0.6966458
1.296498
1.418443
0.9663381
1.125642
1.453442
1.301865
1.120649
1.078236
1.25435
1.311655
1.554696
1.142436
1.274417
1.107558
1.38992
1.006256
0.799998
0.909509
0.9409073
1.037711
0.8575642
0.7099715
0.949611
1.079899
0.7412147
0.8099523
0.7519493
0.6496804
0.6124087
0.6302347
0.7960391
1.085237
1.036527
1.003715
1.35385
1.251346
1.23955
1.294511
0.9486593
0.9105893
1.048637
1.410454
1.028132
0.9839391
1.054726
1.154632
1.549716
1.676475
1.858192
1.15255
1.182978
1.700352
1.731357
1.368149
1.371587
1.094775
0.8308421
0.8481582
0.9976648
1.118301
0.7540145
0.6380017
0.5846154
0.4694573
0.4915776
0.6503204
0.5236492
0.6291457
0.6146487
0.5120791
0.5706654
0.6638046
1.140251
0.8428766
0.9404758
0.9191278
0.9716669
0.9489357
1.452249
0.9165936
1.18361
1.378968
1.138125
1.081647
0.7488346
0.6247904
0.7348241
0.5748329
0.7854525
0.6929459
0.7712275
0.7369528
0.7152766
0.6327456
0.9047646
0.8795216
0.7430695
0.6689175
1.096335
0.7424258
0.9181352
0.8754626
1.029484
1.395173
0.959381
0.7622518
1.025303
1.038048
1.071026
1.079406
1.358759
1.104182
1.233925
1.229379
1.132897
1.174006
1.001617
0.9772475
0.7272988
0.7977991
1.091954
1.168988
0.9301917
0.8675055
1.331108
1.046256
0.9649343
1.49609
1.562302
1.492272
1.748329
1.468526
1.226038
1.486535
0.9715587
0.903811
1.227862
1.170806
1.163108
1.286556
0.9002119
1.085855
1.148937
1.157009
0.9691217
0.789613
0.7956923
0.6960575
1.124052
0.9620556
1.0116
1.01644
0.6917221
0.9370586
1.046541
0.8338425
1.408527
1.144269
1.206754
1.412778
1.641613
2.23549
1.543799
1.563752
1.974825
1.630677
1.148135
1.420098
1.135769
1.020908
1.121162
1.107041
1.091477
0.9826382
0.8785899
0.9178307
1.249503
0.8900596
0.7931272
1.068771
0.9326369
0.9454209
0.7736296
0.92418
1.025807
1.345102
1.334519
1.288723
1.735696
1.233749
1.295405
1.025606
1.27866
1.058409
1.094402
0.9752319
0.9480189
1.221722
1.38523
1.584677
1.388802
1.425051
1.129495
1.027961
1.004416
0.8034035
0.938012
1.4154
1.582953
1.092941
1.250507
1.485577
1.462596
0.798059
1.046383
0.7735294
0.6569382
0.7174042
0.7181487
0.8662224
0.6718286
0.7649079
0.7248497
1.022882
1.079122
1.307449
0.6773731
0.7618298
0.5821467
0.3517901
0.608804
0.7823653
0.9653294
1.498643
1.366929
1.022602
1.401265
0.9498241
0.9104825
0.980431
0.8419955
0.8866387
0.9192364
1.062651
1.030174
0.778243
0.8377921
1.047755
1.299793
0.996199
1.481479
1.123535
1.14721
0.8338938
0.7844438
0.5470781
0.7819765
0.8645776
0.732139
0.8923868
0.9779975
1.152721
0.8932345
0.7992733
0.908154
1.135998
0.9453
1.036157
0.9606036
1.215169
0.858617
0.9269964
1.138345
1.001455
1.323566
0.8706752
0.7769526
0.9173989
0.873326
0.9285897
0.8612757
1.248814
1.258095
0.8494274
1.084135
0.8930408
0.7143843
0.8834557
0.8814445
0.8184436
0.799348
1.028158
0.7742476
0.8389932
0.8018606
0.6620502
0.8768392
0.8966378
0.9415478
1.40028
1.429545
1.37042
1.151133
1.306755
1.543071
1.120543
0.9837648
0.620326
0.9868913
0.8596104
1.119246
1.27639
1.137064
1.102845
1.766013
1.249818
1.069499
1.145139
1.627255
1.527527
1.156666
1.262096
1.316177
1.289883
1.423429
1.288573
1.489738
0.9445135
0.9036526
0.8267722
0.8681549
0.6938418
0.7057147
0.6250734
1.1019
1.035746
1.065392
1.044354
0.8714333
1.24656
1.02744
0.9431842
0.9710929
1.13654
1.267492
1.290667
1.377274
1.19957
1.324425
1.3043
1.209832
1.364985
1.221188
1.86861
1.592575
1.04793
1.158729
0.6480968
0.9816656
1.061354
1.054295
0.6598164
0.6858887
0.6969089
0.7517921
0.5747773
0.7611058
0.897974
0.9227922
0.7876227
1.153911
0.9048327
1.612852
1.344982
1.225948
0.8789663
0.5166104
0.5421873
0.7450546
0.7247448
0.7761405
1.023625
0.9819881
1.174144
1.170666
1.264079
1.306071
1.193713
0.7963891
0.6176434
0.6447401
0.7325857
0.507519
0.7959504
1.008017
0.9848857
0.9798118
0.8498803
0.5033812
0.7293045
0.9415598
0.7200519
0.4911053
0.6255503
0.6910968
0.7489689
1.009056
1.179695
1.040551
1.028416
0.8128722
0.8449623
0.9188814
0.8394133
0.6615511
0.7238888
0.8244708
0.8521798
0.8312415
0.7082851
0.4207262
0.6596099
0.9572133
0.9696601
1.019009
1.208906
1.494929
1.607337
1.142291
1.638306
1.278975
1.474505
1.149765
1.228947
1.218898
1.22712
0.8000438
0.7917513
0.8380484
0.8577975
1.039904
0.9915775
0.7185843
0.8476035
1.280869
1.236963
1.30032
1.215268
1.353654
1.100358
1.223263
1.533874
1.531014
1.832244
1.295398
1.719661
1.593916
1.344731
1.069233
1.103955
1.163953
0.9254857
0.8207666
1.043475
1.057734
1.330969
1.06347
1.036419
0.922695
1.33105
1.37752
1.385732
1.253029
1.219916
0.9107828
1.05562
1.159052
0.9235724
0.8065177
0.9335049
1.275025
1.65014
1.788542
1.721657
1.47466
1.144891
0.900744
1.073511
0.8648304
1.148692
1.403651
1.725134
1.316983
1.240586
0.952236
0.9483729
1.005256
0.6195157
0.63809
1.001237
0.7177314
0.8090586
0.8477012
0.66911
1.011096
0.7608721
0.7501865
0.7791704
1.09068
0.8161883
0.9135881
1.055855
1.100885
1.12401
0.9334332
0.8915691
0.9149512
0.8166023
1.097939
1.154963
1.3544
1.148692
1.474027
0.9730931
1.128111
1.138889
1.148463
1.441471
1.206184
1.272437
1.124032
1.421615
1.563194
1.162962
1.012639
1.310021
1.385222
1.709086
1.234271
1.029962
0.8811314
1.141971
1.162361
1.377635
1.26426
1.208919
1.64495
1.345909
1.426271
0.9588181
0.9479186
0.9165144
0.8324164
0.8593875
0.8081665
0.9071938
1.152165
0.8790908
0.7648835
0.7669821
0.7637199
0.766965
0.7722345
0.7964254
0.8537239
0.9965082
1.04732
0.6414538
0.9559257
0.6580252
0.5792208
0.6444853
0.6939341
0.972826
1.152273
1.196716
1.514426
1.230953
0.9297014
1.3479
0.990609
0.8850878
0.8750435
1.129389
0.8895386
0.6744749
0.8193846
0.8938984
0.7054728
1.025527
1.345147
1.271477
1.01149
1.170217
1.041631
1.44179
1.079884
1.166053
0.9401273
1.124497
1.034648
0.9131017
1.087437
1.042838
1.12053
0.9864551
1.022969
1.054657
1.250672
1.284016
1.208234
0.9435161
1.095744
0.8277658
0.966743
0.6652644
0.752658
0.8418644
0.9249831
1.01601
1.268864
1.353268
1.00749
1.078553
1.062792
0.9372031
0.9065108
0.8773031
0.8956996
1.117688
1.008083
1.047959
0.8502597
0.8644222
1.042636
0.9740651
1.396593
1.264506
1.146975
1.219353
0.8927496
1.264082
1.163657
0.8119247
0.7921888
1.312545
1.098841
0.7068651
1.054965
1.057158
0.8006594
0.8621401
1.508634
0.9891688
1.127059
0.9424282
0.8397263
0.9355078
0.8137307
0.9731967
0.9925746
0.7856007
0.9789218
1.374636
1.476286
1.733733
1.649778
1.110758
1.098634
0.7530079
1.075858
0.9572829
0.864348
0.912691
0.8746777
0.941149
0.9008801
1.005096
0.8691874
0.925619
1.152397
0.96933
0.9451582
0.8325509
1.060365
1.152257
0.9512826
0.7837374
0.7964761
0.8001833
1.235116
1.20981
1.27554
1.256531
1.047504
1.061808
1.335914
1.331413
1.346258
1.043012
1.1476
1.254902
0.9837553
0.7500889
0.8323075
1.029099
0.759161
0.9969466
0.8398607
0.9549779
1.234201
0.9953283
0.9087025
0.9443369
1.028905
1.497446
1.035505
1.206359
1.324268
1.5061
1.52822
1.443776
1.897302
2.11231
1.312701
1.162255
1.263716
1.244784
0.9907805
1.027485
0.6371711
0.7876974
0.8502135
0.9779025
0.8412101
0.9072093
1.027551
0.7355156
0.8707832
0.7128015
0.6297746
0.7681582
0.8812099
0.7384625
0.908679
0.8363809
1.00948
0.7483779
0.9773098
0.963484
1.074814
1.185178
1.248479
0.8547942
0.7242912
1.038668
1.032838
1.194663
1.003876
1.121868
1.220312
0.9633769
1.196834
1.53514
1.753653
0.8853602
0.9061263
1.137216
0.732399
0.6975762
0.7434486
0.970055
0.9459877
0.7788971
1.023784
1.204591
1.279237
1.840713
1.924619
1.871942
1.806948
1.497589
1.516334
1.278832
1.281491
0.8534309
0.6428223
0.7440991
1.047981
