3.525348
8.378539
14.62344
16.58655
19.26391
17.81001
16.81796
19.2527
20.88631
16.17217
14.16407
14.63777
17.69321
19.50845
22.03161
21.50392
17.65171
17.27144
17.68025
15.34507
19.34148
17.46393
17.05802
16.77241
21.8241
18.60532
19.71536
21.34026
18.02461
20.39723
19.52682
19.10726
16.94698
19.67938
22.03428
19.59384
16.16369
22.79222
23.32513
13.43147
16.51612
16.407
13.34897
15.64307
16.50646
17.76526
22.90277
20.75334
19.68462
19.37607
19.4789
22.67863
16.39886
16.87723
16.45131
18.39046
16.4903
19.38706
19.08404
17.81133
18.38623
16.32828
21.09728
22.75946
22.80799
16.10006
15.78541
22.53812
21.0325
18.91356
22.68481
18.00807
17.63877
18.23719
22.81957
21.52893
20.68852
25.29606
20.96907
19.37863
17.3229
20.24508
17.02897
19.52071
17.79808
18.4644
19.67577
23.31899
23.07177
19.6327
19.02128
21.61704
15.0493
15.77299
18.31207
17.40461
18.06643
18.43115
16.86399
16.50147
14.57359
17.52694
19.35817
21.36066
15.52722
17.6269
15.87074
16.9211
21.05158
16.29962
15.7245
20.22718
17.45581
22.74423
24.61725
24.38604
19.03961
18.48065
17.31684
18.64063
17.22721
20.37765
21.53381
18.1579
19.17732
16.7057
15.39657
21.46013
18.71846
17.97843
19.19962
14.96456
21.05741
20.37907
16.25124
15.83172
14.97701
20.78393
21.38093
18.71227
20.06071
17.9281
15.90013
18.47565
17.88843
19.64545
17.37925
12.82552
19.418
19.69718
17.07606
24.13936
18.28327
18.18808
19.30946
19.97683
17.97492
18.80254
16.1169
17.41394
19.74162
19.99744
21.55841
20.41117
23.83225
18.96951
19.82684
17.79132
21.22937
18.33235
18.91334
19.16828
19.73195
17.61716
14.07414
18.36894
18.7989
22.7778
14.59141
16.27703
19.796
20.52045
23.62741
16.23702
17.07135
17.14332
21.62122
18.20859
27.46644
20.22453
16.89952
20.32602
26.15376
20.25203
19.60324
19.01145
18.74575
22.36446
24.39362
17.59436
17.6424
16.02261
16.98767
18.56198
19.85942
19.08965
18.57017
16.61479
17.10886
18.36389
19.18631
17.81066
20.3177
18.47827
17.48855
18.21881
22.23003
19.70061
19.74573
15.89101
18.95095
22.77164
18.10543
15.98633
25.26626
16.1306
15.22714
18.8915
20.60345
20.51292
19.06205
18.33458
17.75254
18.49404
22.10643
19.51245
17.20938
15.63733
20.58773
20.67859
18.87211
19.54051
20.76628
19.74605
19.12809
15.6091
20.22954
17.10764
19.29563
20.39825
19.75075
22.07957
20.43259
19.56306
22.28513
21.8925
22.2288
26.61963
22.08553
17.68878
20.73145
18.21556
18.00842
25.09569
17.73051
18.05959
17.81942
19.54374
24.75703
21.60572
21.56495
17.97373
19.68978
19.98434
19.36794
17.57261
17.44751
18.82815
21.62995
20.448
20.81119
21.10692
24.25066
21.58904
20.96103
22.3477
22.14721
18.6857
14.97629
15.15987
18.04149
19.89239
23.81047
24.11296
22.98912
17.01845
16.57594
20.45182
16.88813
19.1247
23.32121
20.43348
17.81656
20.36877
21.56498
24.38838
21.59173
16.46532
15.47769
20.3098
19.26066
15.31955
15.92751
14.77473
22.54445
22.72448
21.40868
16.51218
16.9298
15.78428
19.77701
13.02428
13.55269
15.19142
14.80684
19.72908
16.35014
19.44056
21.18447
18.19685
13.65843
15.41315
13.18655
14.01283
17.1597
15.6477
18.15286
21.13705
16.16048
22.88915
25.56352
17.8452
18.05964
21.97345
18.24021
20.28335
20.39545
16.36768
21.13122
17.9872
19.89403
23.01377
21.70481
17.51265
17.29227
20.28519
20.9348
22.87823
20.31365
21.12644
22.64829
17.2158
22.29633
20.11883
21.1042
19.65388
18.08225
25.89809
20.95208
26.60014
16.75328
15.37007
12.37597
14.64195
16.28363
17.65053
20.65344
20.682
18.16616
17.01651
21.00872
21.35635
14.9505
20.22118
16.6859
22.18256
22.18011
21.01869
17.74197
18.0267
19.80774
16.97256
18.66925
18.01662
14.89303
17.41686
15.61072
14.82894
14.74062
22.42066
19.82218
24.72503
20.11873
21.22171
24.45473
18.03729
18.66307
22.30377
21.49972
17.90918
18.78535
18.66835
18.55631
18.02427
18.50594
23.88349
23.41892
18.49464
19.01739
19.74436
23.95709
18.51285
18.01585
14.43705
15.40607
13.9992
12.73454
16.94733
18.57562
17.54323
25.28345
20.82471
19.93411
16.44034
15.26106
18.98142
18.94525
21.61369
23.84384
22.48031
20.07404
17.05178
18.15433
18.18944
16.71514
20.59751
21.57007
20.33192
18.55989
17.84147
17.83904
15.82432
14.45111
15.7243
17.783
20.38678
17.66738
20.06757
23.27599
19.74088
25.34833
19.12028
20.42436
16.15482
17.6398
24.20059
21.3255
21.32313
23.0423
18.27329
20.75158
20.12524
16.73038
16.55312
21.18391
19.9253
17.84523
15.73877
12.97304
14.36545
18.13152
17.08374
24.15906
16.98619
14.93799
21.59079
15.94706
15.43258
20.93844
22.9544
19.72459
15.17868
19.03727
21.5658
18.55412
19.76585
17.04853
19.34279
19.0009
17.83524
17.63031
19.34502
15.06889
15.18043
20.13975
17.83891
20.02165
17.14402
16.92492
20.14894
19.33186
20.12384
18.38412
19.3408
20.1827
24.5932
19.49615
22.33863
18.60061
18.70712
22.38564
23.81136
23.69308
18.8166
21.34049
20.59293
19.31468
21.46199
20.84007
18.4646
18.32659
22.58914
16.10767
17.61174
15.56602
18.7161
19.37337
14.81721
22.06171
18.54144
19.18665
17.99649
19.95628
20.26848
16.04403
22.95994
15.57698
17.2407
19.84777
19.01133
20.62719
21.25083
19.1647
19.25568
17.38047
23.57499
19.68073
20.07504
17.95518
21.69925
17.89867
21.16714
20.66988
18.2522
19.49712
20.00846
15.63102
16.44305
14.04944
17.85842
16.41042
15.30218
22.94307
19.59344
19.2647
22.51755
13.61374
16.84967
25.09968
18.66939
22.65976
19.43781
17.75522
13.74009
16.661
16.04938
20.12003
16.72136
21.42773
18.35628
19.426
23.70941
18.75251
20.47745
16.59974
16.60341
22.41641
19.22295
26.93725
18.81736
17.1548
16.96268
18.74153
23.36016
15.03864
16.68687
16.30792
15.06944
13.91031
19.87062
18.58692
16.03442
19.48109
20.62707
17.42509
17.1739
21.77481
23.32139
19.54888
17.1639
15.12755
16.43691
17.96621
21.18031
20.66772
18.34603
17.64673
18.649
20.83289
16.5031
19.02342
15.96025
16.90645
17.48066
17.86128
19.69487
17.40886
19.23102
19.12244
21.96869
15.98183
12.54009
16.15905
18.33737
18.05179
19.33521
19.80187
22.72721
21.19183
18.37963
20.93703
19.25709
19.29961
21.85134
19.75469
23.01808
20.23675
15.49163
20.241
18.15194
17.32661
21.83087
14.1538
15.47026
22.29729
20.21964
21.22373
19.38096
15.93783
14.69667
10.90452
12.73995
21.96823
17.72523
19.49535
15.74107
17.65701
17.64862
22.70391
24.68343
20.28611
20.26452
18.77657
21.78002
17.22457
18.65114
22.59395
18.8004
18.0057
17.60307
15.29197
17.89735
16.5901
17.16957
16.75923
19.43767
16.52206
23.90425
23.2199
20.4039
19.2968
20.73907
23.86091
17.02757
15.13868
17.46421
19.65378
19.69293
20.82552
19.68565
23.02958
17.46333
17.81135
27.73361
23.07608
21.20129
16.87095
24.2688
22.56204
17.60594
15.26475
17.26371
18.71501
23.68245
18.75916
16.89763
17.90404
14.4507
18.90131
17.33942
13.5844
14.33182
16.8137
18.52995
19.10353
20.3579
15.57044
22.93171
18.81313
19.41322
21.39752
21.48136
20.2665
19.26027
19.65306
21.21258
23.30871
17.12975
17.92248
19.95434
17.71928
25.81541
18.51266
13.64745
13.83957
17.06759
16.20366
20.67075
19.12255
25.48168
24.01312
16.35566
16.50967
23.03063
22.1672
20.41312
20.24212
18.57342
19.81572
16.48406
13.90099
19.55722
17.19784
19.92684
13.93354
17.47791
15.90706
11.42471
16.81836
18.63161
21.31562
15.18892
19.06783
17.98447
20.52924
17.17761
13.45132
17.61329
15.66294
15.2152
15.75984
16.88627
16.16345
21.63715
18.29457
22.06099
12.94772
18.1388
17.58539
16.96965
20.59245
18.85146
17.39866
18.68472
18.55722
17.51703
18.94354
18.30219
18.68242
17.06466
14.18134
20.48241
18.92059
17.7761
18.57143
23.47143
16.51023
18.97429
20.43745
20.19983
22.37448
17.27129
19.49469
20.95095
17.65742
22.39494
17.13276
14.2412
24.36646
16.70583
16.25785
14.00624
14.74163
17.73999
17.55692
21.65125
18.48529
22.94514
24.97737
24.39129
17.56143
15.9459
19.12384
19.15612
16.49979
18.47021
23.76454
23.46465
18.06224
19.14064
22.28567
21.95688
18.16868
17.73406
18.97934
23.47461
21.58409
18.79744
21.40666
23.2391
22.10162
22.34064
17.86637
23.17717
17.6731
21.20222
28.83115
21.49758
15.79787
15.86551
17.74896
19.16899
18.60181
18.54856
24.55719
16.5162
20.1937
14.69931
15.53436
15.20638
20.56097
15.39781
23.40283
23.57172
25.61294
17.40103
17.45782
19.39206
21.00006
22.75741
15.65847
18.90783
18.1423
24.50752
22.67524
18.36315
20.01225
15.53628
16.03441
16.44156
14.6533
15.19184
17.84139
19.16218
18.90674
19.16722
18.76614
24.46772
18.42294
19.76907
16.22686
17.20676
19.09191
17.49445
18.64468
17.68518
16.9071
18.2736
18.07369
16.83282
18.76596
20.28834
20.86536
17.98463
20.29109
16.00036
20.14256
17.90318
19.68969
23.487
19.60503
16.88809
19.45266
18.62456
17.39814
20.45492
21.09594
19.95427
20.16937
17.47322
18.74963
20.19085
20.15978
27.53341
21.36887
20.28653
24.15823
19.81868
22.66772
17.26392
20.46315
17.73999
15.37645
19.73027
19.77671
18.22687
20.40417
17.8963
14.31724
13.38299
18.62948
19.05285
18.47745
20.706
23.04817
18.52105
18.56977
21.19431
20.87387
17.94058
19.30993
19.79176
16.40678
15.17378
20.2526
19.36463
20.43272
18.84006
19.07978
16.11085
15.53733
18.05067
24.33839
14.30615
16.32493
15.57181
22.16931
18.67138
19.13889
17.88651
14.1091
17.70178
20.69301
18.55613
17.9963
20.99686
22.16983
20.10563
15.10304
16.77934
21.43624
21.54556
23.06894
18.22077
17.65736
23.89047
20.51974
20.76098
20.23263
24.68055
18.81759
19.37138
16.54453
14.6513
16.34929
14.23281
18.05897
24.19793
18.43249
21.21971
20.05016
15.43704
19.61055
17.8605
16.1503
15.4066
15.86222
18.09108
16.33866
18.94768
15.42601
15.54871
16.34525
17.40134
21.2274
18.55837
25.93219
16.98601
15.36408
16.34454
14.98657
16.77966
17.9874
19.26367
18.76226
17.04814
18.87187
18.08029
20.86167
21.34093
20.13272
16.65695
20.54221
24.05958
20.88952
21.30035
21.15817
20.18567
12.40387
17.02044
15.85974
21.64749
18.90557
16.27263
17.58573
17.15506
19.96668
16.76549
22.86937
20.5545
20.98141
17.16117
16.09574
18.66732
18.86613
21.19244
19.0794
14.25453
17.34369
13.74325
14.01799
14.85798
17.26372
17.90992
19.52176
21.90782
19.46046
18.32122
24.43037
25.75322
21.51073
23.42065
13.9996
15.13352
21.96408
23.17765
18.45354
21.64976
24.7277
20.30202
15.13142
18.69689
23.58016
22.27333
18.72931
18.3866
17.7957
22.16282
20.20808
22.91623
18.28425
20.11018
18.45532
17.29717
14.493
18.33148
21.48158
17.96809
16.04301
19.29109
24.25955
21.59418
22.59298
17.70075
21.0401
21.56549
25.45697
23.65687
16.71214
18.65982
15.7736
21.85836
19.2931
22.49559
20.30251
18.18135
20.11951
21.22167
22.48273
16.33206
13.43627
22.48837
18.27054
18.46802
17.78356
18.47116
16.27653
17.83002
14.16524
15.0326
19.99287
22.02535
17.53775
18.01101
16.22036
22.06611
17.89738
29.04838
16.96064
18.08787
15.61853
19.32288
18.94576
19.42328
21.84724
20.04062
18.70468
19.33053
19.92946
21.24422
21.36265
19.73314
17.646
19.5736
20.2715
23.646
24.70415
20.93147
18.79217
18.81274
17.08299
24.12396
19.68852
20.85824
22.48129
17.74557
21.43438
25.7428
18.94987
17.20751
21.88413
23.84385
22.67876
21.26621
18.24975
18.64047
16.15553
16.6372
16.79452
21.52612
