1.505544
1.343
1.384491
1.621201
1.377475
1.274123
1.048747
1.090181
0.9177098
0.8538404
0.6592773
0.921248
0.5694673
0.6311732
0.6573015
0.4174409
0.6624998
0.6805822
0.6269105
0.3605216
0.2849385
0.3631203
0.6082511
0.4953709
0.5523614
0.661224
0.5666662
0.5771743
0.6205849
0.6673328
0.628071
0.6631459
0.9156531
0.7790728
0.8955852
1.238442
1.071135
1.027888
1.028073
1.119801
0.9716373
0.7794863
0.665277
0.6109487
0.40625
0.4339359
0.4498355
1.023637
1.017868
0.9700734
0.91611
0.9614386
1.164074
1.361746
1.137266
1.180268
1.149331
1.070137
0.9709303
0.9562598
0.83917
0.7492113
0.9096949
1.037216
0.8216513
0.8007302
0.594037
0.694489
0.6392113
0.6632785
0.8043864
0.8945546
1.344558
1.356284
1.247508
1.236224
0.7909
0.9840188
1.143603
1.1029
1.082616
0.9566175
0.8476555
0.9179252
0.9092771
0.9190472
0.8804625
0.5299535
0.6173848
0.5921853
0.9156626
0.6951055
0.60964
0.8727237
1.146273
0.9771578
0.5995812
0.7096789
0.8047306
1.001319
0.6615812
0.5233123
0.5095977
0.6517789
0.9077054
0.8602599
1.116881
0.8750506
0.8859711
0.5939735
0.5666792
0.637485
0.7633195
0.9232712
0.7988092
0.9548817
0.8232771
1.099884
0.8096219
0.8299886
0.875645
0.6872356
0.9091439
0.7428334
0.6669463
0.5833496
0.5769754
0.6403777
0.7874569
0.8154638
0.8031292
0.9340531
1.264258
1.18547
1.224699
1.09733
0.7278895
0.5388762
0.8478609
0.8235763
0.8805034
0.5809362
0.8268265
0.9615838
1.248104
0.9028556
0.7464581
0.7366701
0.5263359
0.4847984
0.514522
0.8316099
1.016963
0.8708471
0.6605457
0.7441858
1.054356
1.174113
0.9434336
0.6158253
1.005437
0.797368
0.8149055
0.5442348
0.9378545
1.060177
1.047428
1.164044
0.907974
0.737718
1.176671
1.680083
1.579731
1.923994
1.390313
1.087965
0.9217824
0.8936356
0.7562532
0.8182362
0.5296706
0.3823191
0.5960611
0.3911867
0.3310841
0.3648121
0.45139
0.6553909
0.9301314
0.9640158
0.8265349
0.6871361
0.5832064
0.5448206
0.4505775
0.3717089
0.5252492
0.8085427
0.8200128
0.8302795
0.9037857
0.6954168
0.6032919
0.8697149
0.7260096
0.569036
0.8150555
0.9753507
1.043908
1.215539
0.9910817
0.7900987
0.7047744
0.8090614
0.8418119
0.9478614
1.003777
1.384018
1.561305
1.737843
1.75066
1.377787
1.419167
1.196968
1.371036
1.428001
1.629746
1.365351
1.668106
1.59469
1.715495
1.279897
1.310161
0.7901277
0.6375694
0.6480568
0.594208
0.5853115
0.5392015
0.8343772
0.5495358
0.602923
0.5558917
0.6462452
0.7049643
0.9638533
0.6852621
0.6248896
0.7116941
0.7067238
0.7509963
0.6073554
0.6174037
0.6091961
0.6959944
0.5480566
0.5868126
0.5266638
0.5505342
0.4296477
0.7229042
0.5560093
0.6160068
0.7569238
0.9982104
1.110588
1.150909
1.333887
1.407535
1.094286
1.261649
1.128002
0.8301314
0.9121804
0.8170237
0.7707208
1.025224
0.599471
0.6119158
0.6849488
0.7062181
0.7829955
0.9705947
0.9203124
0.8867853
0.8350635
0.8419397
0.6655025
0.5257252
0.7302751
0.968297
1.198372
0.801994
0.8242847
0.7758101
0.6204884
0.6729006
0.6343993
0.5589516
0.5170348
0.5222856
0.5028283
0.5092942
0.4916372
0.4071254
0.5438663
0.4758623
0.6216424
0.5881633
0.8934467
0.7669169
0.8214725
0.8494859
0.8797229
0.736023
0.7221608
0.7887156
0.8975366
0.9312022
0.7659882
1.030701
1.100878
1.381218
1.1565
1.420898
1.397087
1.40922
1.220005
1.345312
1.361715
1.464243
1.130451
1.303346
0.8156953
0.9568746
1.153087
0.9724305
0.9441826
0.9659386
0.8520738
0.9854434
0.6952204
0.8377029
1.118311
0.9786858
0.7700345
0.5094312
0.4496221
0.6847054
0.6732715
0.7167766
0.6826528
0.703967
0.7042625
0.8167807
0.9415533
0.8215949
0.5544764
0.5275163
0.5948817
0.5748706
0.5298104
0.6680151
0.7620058
0.6951485
0.5701807
0.6946246
0.5408192
0.335112
0.3753016
0.5865796
0.6501298
0.6814608
1.425057
1.26263
1.632647
1.036831
0.9628724
0.9834497
0.8251275
1.020594
0.8378123
0.6587063
0.8412246
0.8797681
1.013293
1.080052
1.023537
0.8126449
1.332248
0.8724988
0.8547105
0.6274538
0.6063482
0.5369835
0.6632858
0.6691614
0.7330579
0.5793744
0.7813023
1.103463
1.273125
1.262053
1.028072
0.9503191
0.7861499
0.8424161
0.9445614
0.811232
0.7996292
0.50483
0.6429543
0.4331582
0.5990805
0.8625686
0.7955463
0.8792952
1.139299
0.8456381
1.046474
1.121815
1.021178
0.9206135
1.009384
0.9287441
0.9323656
0.783461
0.8606806
0.8459498
0.8432137
0.8154611
0.8810689
0.9203896
0.8549084
1.399681
1.420641
1.111847
0.8637284
1.003902
0.8547177
1.15278
0.9352355
0.9742982
1.16517
0.9195777
0.9727905
0.7643266
0.8754788
0.6294178
0.5639219
0.5251209
0.7241762
0.7852838
0.8263315
1.167813
1.171856
0.8467906
0.8154029
0.4457728
0.3846301
0.386434
0.3840858
0.383204
0.3253492
0.5472388
0.6165666
0.9489319
1.058712
0.8949084
1.054314
1.492736
1.322725
1.279568
1.578732
1.841624
2.054003
2.172328
1.319499
1.644308
1.575056
1.128279
1.194414
0.9519934
0.8732247
0.6743307
0.9022385
0.7052206
0.5324556
0.7748415
0.781936
0.8699277
1.124014
1.062671
1.269521
1.295248
1.471413
1.528254
1.234809
1.32702
1.152687
1.267671
0.8986114
0.8187944
0.9119469
1.052735
1.15312
1.035688
1.216937
0.9416492
0.8169574
0.7667601
0.8222055
1.105596
1.161707
1.095015
1.092818
1.128291
0.8861253
0.6931377
0.6274415
0.5400611
0.5593062
0.3531371
0.3405293
0.4356889
0.6420082
0.5599446
0.5631945
0.8440047
0.6949309
0.6938733
0.8000073
0.6923411
0.6401203
0.4583649
0.3727127
0.262315
0.3741215
0.3727948
0.4236474
0.5090704
0.6609958
0.7041179
0.6290025
1.051069
1.014963
1.18283
1.23025
0.9265367
1.376621
1.590488
1.164034
1.056058
0.967595
1.166158
0.9862723
1.063249
1.254546
1.397205
1.237058
1.030448
1.022778
0.8224527
0.6305768
0.761605
0.944932
0.8648813
0.5812417
0.8260857
0.6410251
1.102291
1.034051
1.201851
0.9259454
0.8195101
0.826887
0.4716008
0.5650846
0.8197328
0.863312
0.6696736
0.739887
1.115487
0.7458845
0.5836537
1.012475
0.7379802
0.6335522
0.8122542
0.845346
0.8361162
0.8880205
0.7484427
1.119281
1.24552
0.9450355
0.7808631
0.7553976
1.010257
0.9979745
0.9018064
0.6263583
0.7169036
0.6139525
0.5228543
0.9029983
1.092252
1.160207
1.058358
0.953242
0.5386954
0.6422604
0.7343964
0.8502872
0.650486
0.5254161
0.6527882
0.6918557
0.883383
0.9515373
0.9676147
0.7290536
0.6453667
0.6304042
0.982302
0.8410558
0.9732122
0.7679853
0.6866183
0.7243881
0.9172413
0.8653033
0.8682638
0.7262095
0.7224125
0.6675076
0.8324607
0.7984728
0.6961322
0.9303701
1.154284
1.417952
1.436248
1.277825
1.148489
1.196433
0.691779
0.764695
0.7809806
0.6404456
0.741082
0.7007189
0.7375042
0.9733159
1.21442
1.007224
0.9222533
0.6778165
0.789767
0.761776
0.6588302
0.6570727
0.8544718
0.9143606
0.8716857
1.109618
1.485649
1.647495
1.41108
1.589624
1.248039
1.38058
1.041608
0.7034178
0.6114646
0.668242
1.38247
1.436518
1.377855
1.32884
1.435545
1.152004
1.042218
1.046175
0.9747578
0.8332004
0.6467611
0.9758934
1.092795
1.225826
1.295793
1.270704
1.108389
1.510943
1.440616
1.474295
1.029995
0.8437195
1.113188
0.8713486
0.7444524
1.061845
1.157811
1.258745
1.687979
1.594238
1.903616
1.089681
0.7141662
0.7771418
0.9429748
0.9830784
0.9927369
1.138222
0.8858501
0.84911
0.6312253
0.7541939
0.5298193
0.802447
0.9840973
0.7564968
0.9592229
1.100154
1.129392
0.6934911
0.9808619
0.6159628
0.752923
0.9729439
0.6746864
0.4938693
0.7013872
0.7900219
0.8589849
1.081499
1.322121
0.9387738
1.143119
1.10773
1.253419
1.177787
1.124971
1.141715
1.146827
1.135026
1.325212
1.121754
0.9550816
0.8788057
1.101177
1.15443
1.02632
0.887914
0.9403279
0.8526877
0.6945482
1.02842
0.9988391
0.7289829
0.6438352
0.6396332
0.9946177
0.905167
0.6259711
0.6167632
0.5757465
0.6232721
0.6719675
0.8530189
0.918447
1.020026
0.9093281
1.068232
1.339885
1.167304
1.143869
1.088861
1.093852
0.974561
0.9266669
1.02753
1.020397
1.529201
0.9900552
0.834541
0.8709188
1.071517
1.164771
1.185318
0.9175937
0.9252253
0.9247539
1.028602
1.084818
0.8446272
0.9044074
1.041645
1.084394
1.245084
1.250391
0.8878924
1.129352
0.974179
1.028544
0.7872104
0.6099678
0.6554952
0.5958006
0.6592189
1.0357
1.688972
1.227721
0.9609551
1.086849
1.283993
1.316615
0.8502985
0.8494519
1.153397
1.574225
1.802638
1.078295
1.116711
0.9462979
1.213059
1.341175
1.067971
1.802594
0.9706411
0.8096411
0.7466325
0.7039408
0.7477314
0.7299778
0.6668015
0.6660397
0.6546823
0.899394
0.7971833
1.021409
0.9118083
1.026435
0.7627618
1.227008
1.44751
1.134925
1.165335
1.719107
1.023021
0.9473243
1.133259
1.366734
0.9881415
1.206858
1.064259
1.0261
0.7938
0.8095312
0.7435737
0.5241671
0.7299251
0.6872228
0.7970909
0.658579
0.6374779
0.5802074
0.7404683
0.5175776
0.7400336
0.7068779
0.4345083
0.4952923
0.7450867
1.199816
1.022519
0.8259602
0.7306027
0.9023393
1.170214
0.9986687
0.8691356
0.7792765
0.7576498
0.746861
0.9854952
0.7966506
0.5121055
0.403891
0.7082689
0.7105273
0.7347547
0.6949151
0.5654229
0.5244157
0.8397042
0.8960978
0.7631439
0.891255
0.8669732
0.7043287
0.6232849
0.6766313
0.9391509
1.096141
0.9554392
0.7354174
0.7111576
0.7653234
0.7435987
0.8102185
0.968824
0.8253993
0.6783953
1.029184
0.9190016
1.06645
0.9354394
1.338746
1.210102
0.752678
1.007666
1.062389
0.9777393
1.026591
1.075258
1.257663
1.087334
0.887602
1.036788
0.782541
1.225304
1.194532
0.7526676
0.8050662
0.9370015
0.9480163
1.088843
1.272592
0.8671915
0.6176313
0.7322336
0.6135841
0.8516094
0.7821924
0.8481255
0.7359475
0.8525386
1.304953
1.3949
0.9646053
0.7399267
0.7342212
1.514737
1.102239
0.9473895
0.9918752
1.030545
0.7857969
0.85595
0.8118447
0.7386897
0.7718976
0.9022927
0.8151504
0.7848514
0.7850485
0.921247
1.103223
1.146841
1.242187
1.519645
1.848416
1.5486
1.518939
1.30222
1.609516
1.12819
1.047945
0.9163115
1.192738
1.12979
1.601985
1.2769
1.238921
1.272009
1.485043
1.365515
1.785267
1.598321
1.709153
1.968413
2.088958
1.073828
1.193035
1.101939
1.304756
1.8653
1.392885
1.456714
0.6854198
0.8895371
0.7523575
0.6265292
0.6244165
0.6339536
0.5390678
0.6892744
0.6453226
0.805219
1.258521
1.222826
1.279612
1.305299
1.334874
1.248806
1.209726
1.209766
1.130493
1.31278
1.786745
1.212165
1.010754
0.9473206
0.6673486
0.59041
0.8735257
1.0288
0.8840906
1.383917
1.186268
0.8253802
0.5738447
0.7844074
0.7886731
0.8066066
0.6758431
0.4574971
0.2526884
0.437141
0.5460492
0.4335207
0.3392911
0.3245194
0.7151639
0.6973193
0.6301399
0.760312
0.6802976
0.8382371
0.6021998
0.6060081
0.7342664
0.5375943
0.5410702
0.457858
0.4830479
0.7602225
0.7861775
0.6845464
0.581423
0.4439073
0.3982099
0.7129492
0.7227306
0.7666299
1.005373
1.113167
1.247888
1.332582
1.027576
1.48214
1.045412
0.7783441
0.9918039
0.7392101
0.7142797
0.6764752
1.062621
1.011496
0.9349248
0.7965947
1.028318
1.259971
1.097666
0.8852021
0.6514292
0.7781625
0.7643869
0.8861922
0.7068953
0.6663347
0.7085948
0.9603897
0.8680467
0.8247932
1.12164
0.9758777
0.8681295
0.901023
0.7274408
0.5502804
0.600777
0.8740212
1.130854
0.989773
0.9679836
0.5996267
0.661325
0.8162812
0.7799838
0.8643535
1.131427
1.345451
1.289248
1.35625
1.217357
1.790483
1.462369
1.543686
1.935405
1.150113
1.25272
1.336677
0.9995662
0.8581114
0.8890656
1.073057
1.07195
1.243128
0.7284642
0.6665091
0.7125213
0.7486769
0.5349619
0.8385041
0.9950158
0.762792
0.7883143
0.9197394
0.8934669
1.22377
1.304202
1.642247
1.402955
1.301643
1.247928
1.040307
0.804782
0.717109
0.6631137
0.6200155
0.7329825
1.076653
0.8963979
0.8114264
0.9184705
0.9495471
1.035699
1.090423
0.8243633
0.8291381
0.8848299
0.9762087
1.128258
0.8886998
0.8110709
0.8664759
1.074761
0.7291891
0.689802
0.557966
0.4568015
0.4334244
0.6958905
0.9322619
0.8308135
0.8354632
1.083585
1.109351
1.317143
0.9422527
1.164143
0.8506958
0.6927539
0.7805505
0.6688326
0.7544053
0.8742808
0.8760841
0.7842955
0.6635371
0.5818224
0.5371831
0.4963218
0.4496693
0.5348692
0.6143753
0.5744113
0.4844253
