Taxa	PC1	PC2	PC3	PC4	PC5	PC6	PC7	PC8	PC9	PC10	PC11	PC12	PC13	PC14	PC15	PC16	PC17	PC18	PC19	PC20	PC21	PC22	PC23
1	17.71317	0.5402413	-0.39175487	1.2651474	-6.7647896	5.7503734	-9.397338	-5.1365275	-6.9312863	5.4166474	5.2741623	-1.0836323	0.82456994	-2.1818027	5.910929	-0.61310834	-1.8319218	-5.731804	-8.028539	-6.84318	-4.6106586	2.1419942	0.793227
1149	21.00845	-11.03236	41.364185	9.4554825	15.804906	0.016108943	3.2819245	3.8516831	7.351823	-0.85895723	-2.083917	2.3498154	0.4228283	1.3020515	1.0564485	0.38110468	-0.1853721	1.4475538	0.084772624	-0.7754092	0.19025381	-0.42850226	0.49537057
1174	13.700487	0.9929339	10.275023	-5.269557	-24.091372	-10.405413	17.544197	-1.7726923	-16.349237	-13.858671	-4.3605013	-6.6643877	-2.502464	-0.3430491	-5.134262	2.400678	4.27461	2.9092784	-2.251068	-11.827645	14.148291	-2.3547494	-5.6568103
1258	12.190026	-4.0800834	-4.3623743	-1.9977294	4.0534606	0.78328395	-0.2682811	-0.45904735	-0.39309716	-0.2965217	-2.9103734	1.861542	-2.70748	-0.39167583	5.5382886	-1.6341604	2.7493157	0.21555375	0.5591907	-0.33758804	2.599246	0.09702882	0.72191286
26	16.750057	-2.7212472	-0.78741926	-0.7297866	-3.779217	4.6275516	-8.0173855	0.06024738	3.94071	0.31953043	-2.8346338	-6.5479097	-2.6659193	-1.8328577	8.707924	-1.9909936	-3.6283505	-0.70504177	-3.564621	1.3875058	-1.5708721	3.1586847	-3.8572712
49	12.076081	1.2377853	8.758518	-5.5782843	-25.398146	-10.822112	17.896177	-2.172809	-16.937447	-13.865643	-4.217523	-6.860436	-2.6076047	-0.40832335	-5.113363	3.012937	4.837142	3.2536755	-2.147289	-12.037756	15.088586	-2.5544484	-5.6444626
496	-33.288223	39.962395	9.674096	-11.922701	9.579014	-2.0053623	-1.1408129	-1.5948086	0.9795445	3.0801141	-0.17186044	-2.3521485	-0.25282484	-0.119494736	-0.0067830575	0.40385512	1.8134693	-2.2276669	2.6365564	-0.46632022	7.831047	0.69051903	4.6240063
743	3.207889	1.2901609	-9.995135	16.393726	-1.0856457	-0.55867815	-2.4559515	-5.8681655	1.6980262	5.590224	-8.9651375	-9.84346	7.7409744	16.384237	-1.2877278	3.2927668	2.6042268	0.1276885	0.4419526	-0.7485779	-1.564076	1.6842932	-2.1303396
942	4.1141973	5.1237793	-6.495393	11.587341	-1.0958321	5.4609447	-10.421986	-0.5778415	-3.7507944	-13.776674	3.5944958	8.646563	-0.9305025	16.718668	-13.138113	-13.024761	-2.5593069	3.6936297	-8.221215	3.1666884	0.86282086	-1.6538488	-0.07864856
1060a	11.998982	-1.0480369	-2.5566862	0.14188915	-6.3053627	0.78334594	-3.793591	1.4742491	3.010751	-1.5429574	-2.5981402	2.074964	-1.1863381	-3.2797515	8.225638	2.7476428	-0.4380879	-2.111711	-0.339568	6.5955143	6.127736	2.0105975	-0.63452363
1119	18.930527	-11.178229	39.28691	8.90211	15.208784	-0.5891259	3.2268052	3.832785	7.334807	-0.8802682	-2.1540205	2.3771927	0.40341008	1.186496	1.0829561	0.540126	0.39451957	1.2349733	0.012935	-0.8211153	0.47161326	-0.5121665	0.53282547
1135	21.497925	-8.412588	36.054855	7.03312	8.694247	-1.2239437	5.4890566	2.6145425	2.6299663	-2.999883	-2.2423453	0.58286446	0.15892044	1.5889583	-0.53776824	-0.1581888	-0.60088664	1.2090771	-0.50740033	-1.9256996	1.0754932	-0.33974385	-0.24683523
3	17.570387	-6.4049025	-11.426864	-12.943435	12.386268	-3.975908	11.045456	1.2823665	-3.4616063	3.7920613	2.4266274	2.818229	-0.9352718	1.9592911	-0.6091189	-1.3715451	1.0113077	-2.593303	2.297065	0.14141338	-5.240064	0.5664051	-2.0613658
1157	20.986315	-9.563635	38.42239	8.048755	11.575407	-0.8034428	4.4280725	3.409732	5.1096687	-2.0197487	-2.659953	1.6603636	0.28482035	1.5761572	0.12916195	0.17845556	-0.4074843	1.3127317	-0.30867398	-1.2309617	0.44678664	-0.2186489	0.099158965
1175	14.017422	-1.5108186	9.593609	-0.7479118	-11.747896	-6.0375147	7.743745	-7.3870516	-18.720303	-7.848002	8.740588	-13.008571	2.7056239	-2.4495919	-4.214021	0.7938851	3.1970706	-11.714094	6.3706336	20.367968	-10.450952	3.9153373	14.427955
1477	11.859511	-5.2947936	-12.3269205	-6.8108315	10.6753645	1.5714586	-5.040189	4.3896413	14.766796	-13.744127	1.9718189	-24.122183	0.6991557	-11.391717	-1.212304	-6.0474343	7.8599787	1.1452546	2.3076267	-7.7400856	2.4448967	-2.311246	3.4642189
27	10.729215	-1.889723	-0.18037458	-1.2529768	0.3054823	0.83748126	-4.321903	-1.4692289	-0.41219917	0.45436513	-3.3063114	-1.2056423	-0.9124322	-0.045026425	7.650741	1.9773879	-1.165073	-2.9542913	-2.1116877	2.6173692	-8.521205	2.6254368	0.22098999
64	-27.781467	38.406082	7.73915	-8.9606905	5.033803	-1.0902151	-1.3202093	-0.7790924	0.5612598	0.8006507	-1.5544133	-1.872637	-1.0590167	1.1086559	1.0939605	-1.8110176	-2.89957	0.20258737	-1.0818019	-0.68823004	-4.8045654	0.18931705	-2.855098
505	15.08519	-4.9432673	-9.142237	-8.759968	10.860706	-1.2460587	5.4799285	1.7759255	-3.447637	-0.69303614	2.054335	1.0897868	-0.014701352	1.5865817	-3.0002375	9.6425495	-13.075106	1.5392082	-7.028716	1.9907019	2.227632	0.9680905	-0.29372817
760	10.017074	-2.9986343	-8.394577	1.1209501	3.6259027	3.157021	-5.450931	0.5975277	5.541996	-4.7097626	-1.9605606	-9.447533	0.51530355	-1.3283058	-5.525423	1.9290414	1.717613	3.634777	9.985847	-1.1124004	-1.6994992	-3.5727832	0.023304068
944	18.12436	-6.567759	11.941633	2.9012148	1.2687315	4.949265	-13.125866	-8.316368	-7.267999	19.848787	18.12544	-6.9595194	2.1503482	-6.122917	-7.813325	0.016138298	1.6475434	-1.3861871	-2.8078263	-1.5209608	-1.1296673	-1.2029669	-8.72109
1060b	9.90191	-1.4277203	-5.8456383	0.47530225	0.37605435	2.2544436	-6.262056	0.89647925	0.61882836	-4.053236	0.08715211	-0.6080213	-2.068738	-1.4962388	12.672215	1.9685901	-2.053521	-0.93567073	-1.7779332	7.703325	5.8360724	2.8382735	0.68774617
1121	12.828752	4.4129558	6.916205	-6.3755016	-18.777155	-6.1807837	10.821118	-2.0537996	-9.097527	-6.557559	-1.1544113	-4.5957174	-2.0355332	-0.5525467	-1.1441393	-1.6986163	-1.3373257	2.1677437	-1.0847764	-1.2078352	-3.00404	-0.6422264	-1.5005519
1136	20.600918	-5.152659	23.84846	4.9904923	4.4180403	0.80204296	2.1721566	-0.23772904	-0.8638557	1.1265146	0.4110034	-0.21425217	-0.24632365	1.1855434	-1.3969893	-1.1754234	-2.0842175	-0.27984858	0.3705147	0.79630274	-4.47022	1.1041594	-0.26720765
20	10.742617	-2.3625534	-4.2761183	-0.09967885	-0.6028044	1.4412003	-4.5683804	-0.25004986	0.34707224	-2.3359814	3.5190587	-0.8420198	-0.17627059	2.2792387	7.008231	3.7866096	-3.0212872	-1.4027433	-2.5863495	-0.2068157	4.0809035	0.40117922	0.6846157
1158	20.420519	-11.19165	41.16886	9.313041	15.568661	-0.19875638	3.1631205	3.9032533	7.4466085	-0.7788966	-2.1493196	2.592014	0.52572393	1.3485827	0.91678363	0.4847987	0.10940043	1.451474	-0.018559791	-0.9137305	0.3686959	-0.507365	0.4709932
1176	17.079313	3.7347722	8.843117	-4.4307137	-23.650305	-7.643067	15.023318	-4.2169466	-17.94896	-12.607523	-2.1189184	-8.334792	-1.2915592	-0.9450715	-4.761926	-0.7358158	1.1849638	-0.56469786	-0.09140517	-3.1496081	3.3887389	0.56694263	-0.78240216
1556	8.142722	-1.4901053	-4.659877	2.9057043	-3.4078386	2.654631	-6.207286	0.117524765	0.39052597	-6.2830143	-3.295745	-1.4600546	-4.459702	6.3299165	12.058886	3.7329483	-2.2780516	1.1459291	6.7200036	3.3527105	4.1742764	1.138473	-5.825313
28	8.714162	-0.5757622	-3.3591347	1.7431954	-0.59639215	1.4095193	-4.149191	-1.917078	-4.413522	-3.5520432	2.4318414	2.7708776	-0.55910856	3.6321793	11.523398	3.8212738	0.64565295	2.5672479	4.304713	3.55387	5.926945	-2.1010633	-6.6797
223	12.189617	-2.241746	-4.6438103	-0.9839351	-10.325951	0.40782437	-4.6215677	-0.21013546	4.675766	5.442685	-14.126906	2.3160157	-2.330508	-2.7560127	6.9890556	-3.5410483	-2.232327	11.862502	2.8459816	2.7555308	-3.9617283	4.545335	5.9576125
701	7.913248	-1.2772827	0.5910139	4.897396	1.6451299	3.0282495	-7.6332984	-0.06959032	1.7311405	-6.016219	-1.1090406	4.0279756	-0.6485222	6.3649197	8.431957	2.3216	-1.7260739	1.386733	7.7687764	2.4736547	-3.604079	2.099911	-2.6872075
792	4.290137	0.9621625	-5.165067	4.897279	-3.0246196	2.5071454	-8.215722	-1.5406024	-0.8005793	-13.946878	0.90722764	0.12926699	2.4495182	11.700485	17.413637	11.297739	-0.40746033	-10.801964	14.580608	-5.3526874	1.0453657	-26.375578	6.423323
952	14.015758	-1.7290779	-2.5557666	0.23192401	-2.262645	2.606574	-6.6722536	-3.833377	-0.1406964	4.0497737	0.41830042	1.8787735	2.2992756	-1.7889111	-1.6796196	-0.42455608	-1.3879853	-4.8828735	-4.3498936	-1.5600256	-6.0942726	1.8334517	-0.18956615
1063	13.466775	-5.8635087	-11.623372	-8.77385	11.509588	-1.0410676	3.703641	2.2761376	1.9268308	-0.48613575	6.3926854	-3.5617511	-2.3476627	-1.3093002	15.970111	-12.501849	10.970855	-5.730234	-9.499237	9.598458	7.916018	2.8459616	-9.521847
1123	18.528452	-11.228673	38.793804	8.727234	15.117405	-0.41291043	3.0656073	3.7836585	7.289025	-0.68479216	-1.9216087	2.3727372	0.3154185	1.2200837	1.027451	0.67545295	0.3521281	1.5031672	0.25192356	-0.8716208	0.5789727	-0.7053137	0.5066375
1137	19.157232	-11.225071	39.841637	9.013463	15.084553	-0.29117423	2.9611478	3.7087164	7.0613484	-0.7701777	-1.8806144	2.441889	0.519755	1.4172378	1.0111974	0.6686869	0.3231996	1.4348255	-0.025323002	-0.7831485	0.59787774	-0.42748144	0.6226034
22	16.59514	-2.513797	0.5890692	0.34585512	-0.36504832	3.472036	-7.1917934	-2.090187	0.0052426914	1.6114807	-1.0356388	3.416796	1.6170882	-2.4759438	5.8495975	-0.37964034	-2.4716966	-7.658947	-9.5486965	-3.13704	-4.3427086	4.454896	2.8633173
1160	19.578854	-11.290621	39.96643	9.179236	15.208417	-0.3564699	3.1941993	3.8650115	7.3900433	-1.032478	-2.1845734	2.4223368	0.4536483	1.4774929	0.7948122	0.4921273	0.24833708	1.5025625	0.34629482	-0.7702113	0.41336915	-0.5496238	0.4098699
1184	14.333926	1.8362802	7.543219	-5.7389126	-24.177761	-9.681199	16.780382	-2.4502506	-16.088068	-12.668243	-3.813654	-6.559069	-2.2542872	-0.63679075	-4.724432	1.4905497	3.378381	2.835952	-2.1315684	-10.40475	12.755637	-1.7879394	-5.174721
1564	14.342801	-7.15644	-11.705969	-11.961549	11.846081	-4.2926903	9.100436	0.35075188	-5.3080387	4.330743	2.5079715	3.6415088	1.0590955	3.0731153	-6.771368	6.6986775	-3.0474203	-2.1155088	3.913076	-2.913201	-3.8292575	-2.8949254	2.3034008
30	12.099216	-4.135242	-11.66599	-4.1917267	11.984624	3.8455274	-5.7513165	3.4609344	14.822358	-12.192521	-1.2416611	-23.149563	1.1807091	-8.482464	-7.781274	-3.147582	3.3280115	4.5666375	4.4642687	-3.3980083	-2.8578246	-0.19459501	0.99819934
264	9.804653	-1.3418515	-6.167257	2.8980417	0.7460016	2.1951067	-5.4530005	-1.5573719	-4.3664336	-6.5034323	0.95677143	0.6032949	-2.0057518	8.603004	12.654542	5.214323	-4.139178	-0.14760074	9.361411	5.4263144	0.8473526	3.7600644	-4.960314
702	8.207771	-1.0247555	-5.5153947	1.4061741	-0.9925251	2.0832248	-6.7200165	-1.82703	-2.040707	-0.4871401	0.0042284713	1.8561974	-1.7816567	1.7047493	7.338253	1.8460469	-0.68489146	-0.58009106	3.1389666	0.86688256	3.1749978	-0.15101473	0.109862156
797	13.206877	-3.3123546	-2.657238	-2.0780485	-7.3690214	-0.017034635	-3.4925003	-0.44761434	3.9925132	4.9464273	-11.944141	2.1664813	-0.9273932	-5.114628	-0.22008905	-2.4377503	3.4223971	4.963569	5.687197	5.9243317	1.8464755	-1.6546986	-0.6871858
961	15.6414385	-0.2885162	-1.9619558	0.37159365	-5.851589	3.7569973	-6.2731447	-4.337865	-6.0188017	2.8997376	2.8515594	-2.2300615	-1.6361887	-0.228348	5.9764485	-2.857534	-5.0315194	4.7971663	-0.50811994	-1.6235598	-1.1338241	-0.47893322	4.9388947
1066	14.450484	-5.551422	-11.537974	-8.8102455	11.360079	-0.7805286	3.873382	2.1935773	1.7518808	-0.5235055	6.459572	-4.107902	-2.2540922	-1.7195376	16.246746	-12.713011	10.372843	-6.247681	-9.707852	9.966749	7.5787735	2.9628022	-9.000082
1125	20.719147	-11.017523	40.91041	9.358804	15.478873	-0.058993366	3.1597583	3.7862375	7.3028107	-0.81922865	-2.0601432	2.5233104	0.54408145	1.3135564	0.87078124	0.53617513	-0.10316901	1.4424149	0.08442327	-0.92238027	0.23689672	-0.4158766	0.45652816
1138	18.492298	-11.279803	38.502323	8.460053	14.911576	-0.43609765	2.9362648	3.6208093	7.0480204	-0.74783707	-2.0354404	2.5669582	0.21321698	1.3530633	1.1937963	0.8884858	0.23900875	1.3566711	-0.04091938	-0.8043122	0.53345084	-0.34113303	0.29881537
23	9.19559	5.6359506	-2.2918057	4.5337625	-3.0870361	4.5424957	-7.8939176	-2.110463	-3.6024494	-4.5339575	1.3672018	3.0241969	-0.9459141	5.3510413	-1.6283461	-4.405036	-1.9348769	1.8034494	-0.16821341	1.4032186	-2.167755	2.3863728	-0.09033682
1167	18.407969	1.3674603	8.611319	-3.3867443	-19.597715	-7.048448	12.570602	-6.573919	-19.843742	-10.2090845	4.8830934	-11.760407	1.2340225	-2.3037987	-5.1592984	-1.6505914	1.7824267	-7.5492897	4.094823	12.568427	-7.2915845	3.2910478	9.947125
1186	21.742342	-5.702135	31.780954	5.0432487	3.9277766	-1.4077458	7.0341663	1.9070961	0.21890372	-3.580999	-3.1772723	0.07267734	0.049897518	0.508732	-0.587562	-2.0617251	-1.0262747	1.4034802	-1.4768838	-2.1186306	0.35272744	-0.08772185	-0.41139314
1580	14.921706	-7.556718	-13.0703945	-13.431665	16.715267	-3.8906853	11.905965	1.7378765	-5.7067547	8.193503	-0.4351622	10.1303625	-3.913467	5.052513	0.93409806	-7.834743	6.5139036	3.0448136	8.823709	1.5119747	-5.4258013	0.29313472	-1.9401188
32	15.691485	-2.3019176	4.035166	2.7492561	-2.3134606	4.8987	-10.584207	-4.287367	-2.3614573	9.528198	8.103488	-1.7697114	1.4642329	-1.9737879	-2.9702692	-1.089779	-0.62000394	-3.1563818	-4.008373	-4.5950127	-3.626679	3.7346046	-5.174976
265	15.544901	-6.0805626	-5.4078326	-8.65555	6.253928	-3.0223432	5.5947857	-2.04824	-5.492076	6.4014354	-1.5971972	7.8970094	-0.18527237	-0.0095992545	8.014143	-9.820769	13.798464	-8.166552	-4.725409	6.203556	7.3621163	2.0635505	-6.9897485
728	4.7054324	1.2955213	-5.14422	4.777521	-3.1840272	2.6591346	-8.309828	-1.5466841	-0.65501416	-14.277361	0.9719115	0.10343217	2.6774335	11.627728	17.545479	11.281447	-0.54784673	-11.033676	14.527528	-5.3263006	0.91150093	-26.565575	6.550513
798	4.7312264	6.283387	-7.182962	12.550926	-1.1696514	6.261984	-10.098378	-0.15872198	-2.9937525	-15.955152	3.2746491	9.459562	-0.56738734	17.303137	-12.583691	-14.728906	-3.3130007	4.399245	-7.9034667	4.026117	0.5920898	-0.51088643	1.2625159
1043	19.045692	-11.073921	39.201992	8.998434	14.984929	-0.20990773	2.7480006	3.806647	7.21191	-0.56832695	-2.0363014	2.3133337	0.26863143	1.4342885	1.2658353	0.5905796	-0.03472852	1.5512787	0.016089963	-0.6944419	0.36219868	-0.51513046	0.46227342
1069	12.481357	-2.156848	-2.7029126	-1.3038435	-7.5300756	0.5563533	-5.368448	-2.6146567	5.4444447	4.1093216	-16.32872	6.6282625	4.239516	-11.858875	-11.654359	2.4423654	6.4127398	-4.037002	4.0619135	5.8591566	13.771853	-2.9643333	1.9190824
1128	18.94456	-11.29656	39.329857	8.887427	14.972293	-0.56601363	2.909476	3.6685777	7.072357	-0.947325	-2.0639634	2.2694552	0.40463158	1.4071382	0.94226426	0.7446642	0.2127761	1.427965	0.21280514	-0.8751284	0.81390804	-0.5700995	0.4848871
1140	18.530033	-2.7227023	18.262608	1.7353117	-6.0399117	-3.6294239	7.6041327	-4.301997	-11.844372	-6.742712	4.880322	-8.2789345	1.6720928	-0.37899742	-4.111557	-1.4762557	-0.09168001	-7.5090427	3.2300832	12.95628	-8.019695	3.4325666	9.382846
24a	10.981418	-1.8751488	-1.2202994	1.1879224	-2.9079497	1.7979852	-7.346773	-3.7219982	-4.692696	1.8407565	10.351526	-3.6812475	0.10605202	0.40889728	4.7368083	5.30261	0.29374817	0.929832	3.1049442	3.1888566	0.20306547	-3.7164068	-11.197601
1168	20.667694	-8.914272	33.39377	7.2282515	11.777799	0.582102	2.8420212	2.765577	4.7228603	-0.81365675	-2.3006692	2.1729598	0.26019686	1.1696204	0.9874252	-0.850606	-1.5032822	1.0569474	-0.5266818	-0.15918683	-1.1432257	0.27304998	0.34709123
1189	16.555601	-1.9664923	13.20804	0.20054771	-9.1666	-4.7199516	7.1818957	-6.1316366	-16.039087	-7.378058	7.2734017	-11.40611	2.3347838	-1.8654801	-4.3174233	0.19469401	1.7352974	-10.337605	5.49459	18.60672	-10.976916	3.8500233	13.305972
1818	19.215256	-2.828524	-9.705841	-7.4884534	6.0342674	0.4691675	3.726509	-0.06584034	-3.291667	0.3381543	1.6720251	0.48848394	0.72529846	1.7862191	-2.934736	1.935704	-7.352848	-0.8916643	0.94200134	-1.462829	-5.9770217	0.5083016	1.5057603
33a	15.301321	-4.609137	6.600235	1.6402373	-0.3883552	3.399762	-10.719273	-6.3323417	-4.5364604	14.159756	15.745705	-3.185872	3.199692	-3.742564	-5.670981	3.3503168	2.861219	-10.949734	-7.1397767	-1.6779523	-0.26512036	1.9199072	-16.961346
266	10.935887	-4.6570253	-11.660632	-4.8977017	8.872079	1.5786853	-2.9746327	1.6896955	7.05501	-6.8009315	2.514496	-14.806539	-0.802776	-6.307896	9.787751	-8.307448	8.530528	-2.876077	-7.7124577	3.6347537	5.5655537	1.4787115	-6.3846087
729	17.720844	-6.638031	11.547055	2.1702256	2.924548	3.105938	-10.047692	-8.318764	-9.858197	18.492376	19.280916	-6.929887	2.115202	-4.5902867	-7.019968	0.81165266	3.5557244	-5.8654947	-1.7939322	1.6481606	-2.3017993	-0.40820557	-11.140914
801	4.744375	1.6586738	-6.038124	11.417471	-0.8372913	1.6867002	-5.534567	-3.005594	-0.99659944	-4.501936	-3.8614953	-0.4349486	2.7914996	14.160092	-6.152636	-4.4423766	-0.13863985	0.8306479	-2.1189256	0.22266605	-1.0409554	-0.15388466	-0.44129285
1046	10.48822	-1.8794173	-9.213881	-1.4176368	7.1399565	4.5760865	-7.3717284	4.5299873	15.582374	-10.915142	-1.4751912	-15.9262495	1.1280738	-5.968398	-10.087351	-1.3702017	0.90991515	4.016042	6.194738	-2.0741389	-6.250466	-0.932246	-1.7034819
1073	-16.032133	9.397639	-8.319204	23.909122	2.901405	-1.7997764	3.9899483	3.7211652	-1.7736869	-6.6531305	7.845973	10.309884	-3.984267	-16.534903	-2.0326717	4.550087	3.873573	-3.7252095	10.521888	-12.085744	-6.610101	6.4780803	-6.720008
1130	20.453964	-2.8874867	16.341896	1.5618918	-4.8037634	-1.5272769	6.3833766	-0.51152974	-3.4111102	-4.355264	-1.2393218	-2.9989607	0.0803712	0.4575933	-1.2810234	-1.6980454	-2.60614	-1.2973881	-0.40121746	2.950437	-2.6331463	2.1781945	1.8884348
1143	11.119595	0.7112852	8.68718	-5.613518	-24.618582	-10.982972	17.5383	-2.0359254	-16.499031	-13.253927	-4.047026	-6.8848233	-2.6321688	-0.23728359	-5.028121	2.8701415	4.931853	3.1236148	-2.3127472	-12.106804	15.050081	-2.6025417	-5.685317
24b	8.674963	-1.016606	-3.026397	2.186958	-2.430188	1.3489732	-6.096546	-3.0643723	-5.9621086	-3.427134	4.652653	-3.7792215	-2.7740092	1.8592511	7.7195687	5.315609	0.81479913	3.5935838	6.21728	3.8734336	3.0270865	-4.6375723	-12.412055
1171	20.40749	-7.877803	32.700993	6.4854736	7.5024447	-1.1010437	4.8694468	1.3305924	0.91499287	-2.930748	-0.92845106	-0.7690722	0.7539288	0.66070646	-1.0653379	-0.32101238	-1.357732	-0.46360034	0.43084028	2.3547268	-1.8792641	0.6977488	2.7069578
1190	11.508572	0.9424692	1.4821091	-3.4916453	-8.82367	-3.0726676	3.5104308	-3.5685081	-5.137212	-3.681758	0.29223529	-6.798616	-0.63558924	-2.5940275	1.8803365	0.52898484	-0.6969596	1.1951457	2.3415573	3.9259534	1.4465103	-0.62636614	-2.1636674
33b	15.39302	-4.598971	6.368479	1.6561618	-0.4639514	3.2971735	-10.656701	-6.2201066	-4.4022527	14.244044	15.819938	-3.0784373	3.235609	-3.6664224	-5.6763096	3.2101247	2.8577619	-10.863967	-7.1357884	-1.7526344	-0.1849203	2.0118637	-17.047113
494	-33.920986	42.729927	9.8217	-12.316986	9.69979	-1.3973244	-1.5010742	-1.6511511	1.0011026	3.5785239	-0.39775416	-2.4480543	0.17263246	-0.14132918	-0.031486228	0.067842506	1.2999796	-2.7705276	2.2628708	-0.1298708	7.7593737	1.2793831	4.9061704
738	15.564317	-3.6381848	-5.4388976	-6.022896	-4.367304	-1.2510965	-0.8858802	-2.9241834	0.6670555	7.8783126	-9.0342245	6.322696	1.5396832	-6.320988	-4.1655374	-3.741293	4.8337736	-0.7322022	0.86686933	2.682641	3.401291	0.0019400106	-0.74946624
904	15.047049	-7.8781877	-13.896886	-12.996698	15.015957	-3.9314253	9.982909	0.44628128	-5.0896463	4.986099	-1.0824652	10.673921	-0.10976497	3.2890928	-0.050307255	-4.176136	9.326263	-2.2419026	0.031066695	-9.722308	1.8983914	-3.2752604	2.6965096
1052	16.066711	-2.1499062	2.3456788	1.9884005	-4.701582	6.573742	-12.960919	-7.821566	-12.72677	16.794842	18.720228	-5.9665804	-4.4955235	-4.0228405	1.6045407	-6.136561	-2.625425	19.720362	6.118469	-4.6038904	6.431055	-5.4054265	8.06302
1086	20.583359	-8.263876	35.29864	6.6544633	7.7944345	-1.4672943	5.739837	2.3063848	2.2099354	-3.1887503	-2.4785285	0.8945871	0.36478382	1.5172062	-0.62820065	-0.26149052	-0.44310024	1.7330445	-0.6247799	-2.5853932	1.6494291	-0.2037145	-0.069078505
1132	20.613945	-10.867702	40.82394	9.269989	15.386284	-0.117504194	3.1598372	3.8024268	7.246802	-1.0596492	-2.2017999	2.6047468	0.43461165	1.3676456	1.0093137	0.4123521	0.011527919	1.4344851	0.07465512	-1.0266433	0.4076137	-0.38794926	0.5508883
1144	10.266594	-0.23806494	2.130483	2.1627758	-1.560877	2.7902925	-7.3171387	-2.8184423	-0.027485937	4.3412657	6.8738556	-1.9767929	0.24364884	2.3647668	1.459799	2.4468818	-1.7288365	-0.20441355	0.03461544	-1.0794282	-2.6161013	-1.1690284	-4.1240115
25	12.760739	-3.5212157	-0.37348494	-0.70961875	-0.8805619	2.0857823	-4.9983892	1.4139875	2.539221	-0.8964652	-5.674894	-0.3800341	-3.3370035	-0.06281029	10.125233	0.9804101	-2.2044055	0.47616476	-0.6750085	2.654587	0.58396745	2.7448068	-1.4482757
1173	17.443413	1.0424911	7.314548	-2.8745103	-16.965466	-5.7545614	10.434009	-5.529702	-18.355698	-9.887524	2.6457164	-9.662363	0.52234346	-1.6539012	-4.620612	-1.5712097	1.3422244	-6.3973327	2.945761	9.31918	-4.8266287	2.1540642	6.6932106
1199	17.844421	-5.241098	20.422611	3.6030862	2.2652836	-0.6299343	1.7756581	-2.9206414	-6.3012047	2.3150322	4.247482	-3.2538643	-0.27898434	-1.0436445	-1.8315114	-1.2834831	1.1636821	-2.3408837	1.2701609	2.3880343	-4.4133296	0.77559996	1.9618288
34	11.116892	-5.6025047	-11.998976	-6.559573	10.430739	1.4394104	-5.0947084	4.309458	14.344934	-13.441757	1.5292315	-23.346876	0.6776129	-11.238078	-1.0608312	-5.718207	7.7822175	1.0918391	2.418984	-7.7567387	2.7737262	-2.2899737	3.178346
495	12.100552	2.4327164	3.564879	-3.283865	-13.3362665	-3.6407254	6.773907	-1.1663607	-7.8151617	-7.745076	-1.444535	-4.001381	-2.5941126	0.6698034	0.30096233	-1.571264	-0.67472476	2.6040707	-0.25560543	-3.7649074	-1.5812218	0.6189708	-1.7703606
742	17.38205	-6.769427	11.3965645	2.1709914	2.8740582	3.0946531	-9.873112	-8.489142	-9.938261	18.609997	19.136103	-6.7043047	1.9874291	-4.494341	-7.203558	0.80334944	3.5702665	-5.670858	-1.7549895	1.4060236	-2.2632322	-0.57435083	-10.997268
906	7.453659	-0.90846765	-3.5505238	3.5110214	-1.3436598	2.5211916	-6.3612943	-0.89581794	-1.5871961	-0.80016875	-3.0385249	0.03623862	-4.224713	3.9496012	5.856919	4.9828725	-2.0466897	1.9477721	5.2161245	2.2476764	-0.73802024	1.8369682	1.0819137
1059	18.89104	-0.4028186	4.216435	-2.460202	-9.600623	-3.3904693	7.127349	-5.8107815	-15.607887	-6.5609818	7.893733	-11.440817	1.8179035	-2.5264714	-0.21591792	-4.878661	2.8552854	-10.449492	2.494749	18.827614	-8.683056	4.5264235	10.799336
1118	16.397118	0.6938587	10.785085	-2.8890765	-19.149853	-7.6426945	13.849121	-5.1595583	-19.134659	-11.418357	2.475802	-9.902766	0.0143458685	-1.2787905	-5.3235283	-0.42132983	2.3867517	-4.9463725	1.4525363	4.5403023	0.41225755	1.2967129	4.7677712
1134	20.898087	-4.9317083	30.013409	3.379122	-2.0218847	-3.8761666	10.057927	1.2601489	-3.9732883	-6.709944	-3.3397317	-1.2891048	-0.13794914	1.3595327	-2.0596776	-0.5664387	-0.31410626	1.541524	-1.6700164	-5.0271025	4.6605477	-0.20959285	-1.1799357
1148	18.718538	-11.146539	39.174408	9.088785	15.0861025	-0.5353319	2.875927	3.8066645	7.1485095	-0.9153925	-1.8852644	2.4818344	0.4694101	1.6997682	1.0655055	0.59486514	0.22558384	1.4824452	0.0792393	-0.7685549	0.673687	-0.38783243	0.40551236
1943	-54.912437	-28.510324	2.5543442	-4.854379	0.20580088	-24.830711	-9.584941	-4.526849	1.3420085	0.5789075	-0.5359089	-1.1477871	-3.6282916	1.0608184	-0.6710509	-2.7595794	-3.2448602	-1.5410662	0.07060227	-0.30295923	-1.0290428	0.937854	0.007473432
2372	-9.777616	14.276588	-0.624952	1.1546971	3.2154095	1.2875124	-4.334281	-0.08385756	-1.6286916	-4.1719084	1.2333403	4.063659	-1.5584618	4.1601653	-1.5833733	0.16505454	-0.69518715	-2.0527937	2.3309033	-1.1854128	2.4528766	-2.1064465	1.4779521
2458	10.293733	-2.2075236	6.216369	6.0666013	-0.78575486	2.928011	-9.931126	-5.1998987	-5.5313735	6.2657394	9.222628	-2.1239178	2.3377752	-0.3267856	-1.7425098	5.4906306	0.46340445	-2.148553	0.9978189	-1.0019107	0.91421115	0.046782665	-6.987082
2617	9.927832	-1.4239969	-5.847783	2.817433	1.0575854	2.7185428	-7.0683193	-0.7121892	3.1599095	-0.44711608	-3.4618864	-4.47767	1.1322885	3.6044896	2.1097083	5.2803674	-5.8636656	3.5384164	2.1155126	2.6003883	-2.280702	1.3429514	-7.675954
1975	-44.189857	-15.116419	1.7351075	-0.93627524	-2.234314	11.638741	2.5145137	15.372872	-7.367964	2.2748015	-1.690197	-1.4582942	2.9755533	0.0847776	-1.1579745	1.5514898	0.10519016	-0.42837018	-2.2002816	2.5470178	-0.31044927	1.2504792	1.415279
1983	-10.767293	8.325755	-10.629075	32.49627	2.4851587	-5.9856095	11.276178	4.8576345	2.3634381	-2.4621935	9.000931	9.125845	-8.932003	-20.205374	5.367108	-3.8668144	-8.945077	-1.1792005	-1.0485401	5.688366	3.3414288	-5.3962655	7.429783
2005	14.040018	-4.236843	-11.680686	-5.6632695	7.478261	1.0551509	-2.6276445	2.4390345	6.7107873	-6.395162	1.9438804	-8.970643	-0.9155333	-6.6386805	16.250114	-6.7401204	3.852785	-5.0848875	-12.562539	5.599713	8.079191	2.7504609	-3.5878563
2037	-29.041862	38.722607	7.8624916	-9.023391	8.626411	-0.4079757	-3.3282597	-2.1299343	-0.84607124	1.9056017	-1.5993347	-1.5133332	0.25952637	0.7278175	0.62079865	-0.35129347	-0.25125033	-2.172276	1.886955	0.83003473	3.227149	0.8219097	2.015686
2088	17.488047	-6.5819364	-14.787953	-12.47595	13.15169	-3.0479176	8.50837	-0.09301223	-2.1894672	3.6737232	0.0015046875	2.9651241	2.190092	2.504245	-5.8644543	-0.08450825	0.69487536	-1.0197421	9.9591465	-0.065061934	-9.125962	-2.5533023	5.0850754
2208	12.232655	0.05483835	-3.4113665	1.4955664	-4.0819254	2.3127685	-5.3576026	-2.1626503	4.07736	-0.07444563	-5.0423965	1.28422	3.8353393	-2.8263202	-7.0368757	1.2566485	0.54533494	-4.3773403	0.8458735	2.9144368	0.55155665	-1.6307845	-2.4243448
2294	14.381338	-2.7620912	-5.9507365	-1.9720471	1.9951118	2.57146	-3.64053	0.30890372	3.4764476	-1.3793544	-0.71518797	0.33671856	-0.6503799	0.23012984	7.2820616	2.130206	-7.1374993	1.0350667	-2.7297719	1.0230806	-1.7407346	1.7732623	-0.8714541
2329	1.3013948	2.927072	-9.404548	14.240161	3.1399934	-2.5572672	4.6342864	2.5211098	0.77209365	-3.2651255	4.575386	-0.22759089	-3.5026996	-7.485454	12.222364	-0.77705854	-6.183579	-3.1930187	-5.087752	5.51628	4.061545	-0.35634553	4.6429267
1945	-55.638905	-29.042612	1.9855036	-4.960393	-0.010136974	-26.308355	-10.32068	-4.6521635	1.6689678	0.5724128	0.0038872063	-1.3191069	-4.140697	1.0243473	-0.93917245	-2.2489376	-2.800315	-1.3669236	0.8946902	-0.15464604	-0.06679639	0.93911004	-0.511253
2378	-53.70444	-22.427353	1.7125218	-5.137436	-3.7517319	29.248087	19.695652	-30.167568	11.753168	-2.3110988	1.6938113	1.6671507	-6.2060194	0.72122365	-0.30263838	-0.2656351	-1.1442603	-0.6561299	0.34454894	-0.3903615	0.26351514	0.18431787	-0.40749404
2478	-34.801502	47.701405	10.67929	-12.941122	9.742234	-1.6376908	-1.7638899	-1.9531173	1.3029971	3.9023166	-1.8727441	-3.5435169	0.056238804	0.72139364	0.17020772	-2.7642038	-2.1102903	-2.8333817	2.1465313	1.2413425	3.6160002	-3.5720553	2.7466857
2633a	18.069468	-2.080843	3.9026098	2.4513192	-3.7192652	4.9257746	-9.310438	-4.723241	-4.952706	8.499685	4.8801026	-0.22876221	1.4847814	-2.8588028	6.67665	-0.44459188	-2.8619583	-6.955944	-11.519641	-8.37909	-3.898225	2.7252269	8.150756
1976	0.7244555	2.0754695	-6.915922	9.956046	-2.5478756	4.4180694	-11.866084	1.1191467	1.9170023	-11.808425	0.6087565	9.760966	-2.7405002	12.324908	-15.498141	-8.724468	0.07327979	5.621378	-7.6074424	6.795986	7.69157	-1.1977041	-2.560963
1984	-12.387076	10.438053	-11.525321	36.77476	2.6375847	-6.5030513	13.593067	5.283142	2.0556238	-0.9382071	9.164182	9.674632	-9.088534	-21.866549	3.626994	-4.6164303	-9.631041	-2.6610253	-0.923468	5.367932	2.351768	-5.692352	6.9023213
2009	14.49071	-2.2291148	-4.4271603	-1.7286782	-7.045909	-0.19638018	-4.9286227	-4.0789003	5.210177	7.507076	-17.545416	4.2147584	5.307025	-11.3223	-12.825208	1.8942912	4.5833473	-2.3221364	5.8301015	6.464288	7.5396943	-5.544253	-1.0372148
2064	-7.4677653	7.841017	-5.8855658	12.22072	1.0205648	3.328572	-4.2001696	1.6711396	-1.6688006	-8.765933	3.088255	6.416629	-0.46165842	-1.4247863	-4.976589	1.265058	3.232536	-1.335789	3.130864	-3.5773304	-3.9937594	1.4108834	-2.3446941
2095a	17.452044	-6.6463637	-14.923454	-12.491517	12.950817	-3.1478946	8.428886	0.18045518	-1.9443909	3.7319193	0.20655985	2.9851136	2.0141666	2.4403822	-5.5409536	-0.4425467	0.7724344	-0.6610529	10.226482	-0.081683725	-8.8008585	-2.5221558	5.1519685
2212	12.869261	0.29759133	-3.0220003	1.5881377	-1.9913951	3.3967767	-5.8768435	-1.7759017	4.290004	0.63153607	-5.0971556	1.6950897	3.4000442	-2.9167588	-5.029064	-1.4522908	0.31556877	-3.2477648	2.6996875	3.3821847	-2.7141328	0.8649628	-0.102435365
2299	18.758776	-0.40523124	-0.2937507	0.32835665	-0.27437612	4.123844	-3.2071033	-1.4034039	-1.4985808	-2.6186535	-1.5459617	-2.0076888	0.6598054	1.1267425	4.040257	-0.6938002	-6.185407	-2.9532077	-2.2635694	2.4398086	-4.3727517	4.26056	0.095675275
2342	-12.499043	24.342451	5.3785563	-3.3035371	8.148148	1.4874811	-7.409051	-6.39173	-3.8577216	5.5863895	4.5029364	-3.3696768	3.9668257	2.0677142	-1.6240414	-0.3756839	1.0662004	-4.3845186	2.832502	1.2714809	1.7278374	0.037450053	-1.0294557
1951	-54.05781	-27.66992	2.0347009	-4.176186	0.28405616	-23.75322	-9.190489	-3.5775142	1.9792928	0.25265667	-0.0036893564	-0.29991382	-3.7816656	1.1555493	-0.15433057	-1.8113989	-2.5195818	-0.7655657	0.8551495	-0.19294536	0.13125984	0.46197537	-0.13223134
2383	-34.811317	45.219376	10.418714	-12.826579	10.283177	-2.0220382	-2.0659413	-1.8174818	1.1214882	4.187506	-2.0400405	-3.3223479	-0.16106988	0.98534036	0.49879974	-1.7931865	-1.2584723	-2.6003125	2.3080468	1.2014956	5.0342345	-4.090003	2.9487953
2486	-32.365562	46.37991	10.199933	-12.0569515	9.383871	-1.2649461	-1.9397628	-2.469354	0.0013127847	4.0742836	-1.6097758	-3.2900145	0.48859823	0.5317424	0.27477765	-3.589492	-1.9670641	-2.8907607	1.5199711	1.5159779	2.8831308	-3.5378282	1.6381676
2633b	6.3746357	-0.2508747	-4.00735	4.0728984	-2.0994532	3.7324905	-9.765214	-3.3158867	-2.4400878	-0.06443548	0.2383774	3.0453463	1.7828238	2.1177645	4.2376404	1.92509	0.7251447	-10.594676	-11.241961	-15.185586	-5.580236	3.9313858	5.907782
1978	11.718861	-2.2807455	-3.8628845	0.85842544	-10.294994	1.9064034	-8.996761	-4.462214	0.28848663	3.8608723	-11.155695	4.9674535	2.2728286	-1.6219339	8.449037	0.4580158	4.8639035	-11.323932	-13.820931	-17.396788	-1.811579	0.8491405	22.62442
1985	-6.290622	7.798844	-10.83932	25.015867	1.4808033	-4.356915	11.091663	4.10447	0.5873169	-1.160201	7.175233	8.092505	-7.2701154	-14.573441	4.8583016	-1.7440414	-9.149962	-2.3565571	-1.6184545	3.4523668	2.1993177	-2.554159	6.1290836
2017	6.833863	2.9643493	0.13209355	-2.033995	-7.6917806	-1.936201	2.4688244	-0.9874104	-3.3773053	-7.5851564	-4.629648	-4.1386995	0.20720147	-0.16800235	-1.5732536	4.3132677	0.37760493	-0.047053546	-0.6350777	-5.501586	5.5084863	-0.20709695	-5.0162334
2065	-1.7650931	3.9642413	-6.4036875	11.482841	0.34921393	4.2206054	-8.631393	1.2710963	-1.5548351	-14.515904	4.7781267	8.554656	-1.14798	14.274581	-7.505455	-8.962885	0.45049122	3.7599244	-1.0744318	0.29282913	1.8670566	-3.4654944	0.8723775
2095b	18.464685	-7.228721	-14.00815	-14.808636	17.670063	-4.1039333	13.843207	1.9510964	-6.559285	8.904759	-0.30932018	11.56539	-4.1103606	6.0775757	1.6344932	-9.4174795	7.0643196	2.4632168	7.7246423	2.4545805	-4.787322	0.85138124	-2.1070564
2223	14.29907	-1.7712544	-0.66105247	1.1190782	-4.6905303	3.199554	-10.476251	-5.2698054	0.69321	7.8356633	-3.0047698	-0.67675513	5.190804	-6.376993	-6.6207623	2.5935962	1.6975801	-6.7104235	-2.4029536	-2.2942297	-1.0765547	-2.5189	-2.5339735
2301	9.512901	3.758297	-5.0337243	6.630319	-2.2742958	5.8825517	-10.762525	-3.4693131	-1.4853497	-2.0998967	-0.28724957	4.9499974	3.3766184	5.2982545	-3.6841903	-0.1407565	-2.943587	-5.8109665	-0.91655546	-4.98121	-9.431376	2.8801694	-0.56281596
2343	-8.764813	8.26463	-16.674183	42.380997	0.64394104	-9.554353	16.747622	-3.592683	4.3953958	18.319555	-8.712277	-18.16816	7.8280315	14.637906	0.1827276	1.3252333	3.0335174	1.5069746	-1.4876862	-0.6533871	0.55839604	0.70503086	-0.6655517
1956	-54.92171	-28.301678	2.6944208	-4.6824965	-0.603848	-24.048122	-9.528605	-4.251732	0.73222643	0.17243597	-0.24672958	-0.5025814	-3.7956827	0.73487955	-0.9410595	-2.1889524	-2.9872863	-1.6571995	0.08714295	0.011176325	-1.1664864	0.54562193	0.029340995
2408	10.060896	1.709635	3.971921	-2.8038332	-14.882991	-4.8144674	6.1395154	-1.8224583	-5.7883286	-9.050715	-3.801779	-5.356816	-2.7010155	-2.2953699	2.7500863	1.4198757	3.482371	1.4627607	0.6092672	-2.2117167	0.7685538	-0.36543292	-6.479914
2551	20.90449	-5.30254	-13.541951	-12.615729	13.101294	-1.8013893	9.895692	0.6739031	-3.2284057	6.486956	-1.8576512	5.183362	-1.0647813	3.1811075	-2.2052088	-7.9213347	3.05469	0.8859708	6.6425033	0.5012193	-8.910496	0.9582956	0.36148813
2646	13.59257	-4.190251	-8.8374605	-6.5543957	9.496386	-0.9458358	3.8098445	0.42425302	-2.7469606	-0.44198263	4.0291495	-0.9351846	-0.9244512	0.21875468	0.23533177	0.47082165	1.2320396	-1.412145	5.6428757	1.5412364	-0.81354845	-0.10914503	3.6137717
1979a	3.8831384	10.701046	-3.6495914	5.299838	-1.9890203	-1.1111125	2.7981606	1.0861602	-2.745307	0.54475087	-0.33298254	4.467104	-3.1523552	-10.53093	7.399752	-2.250616	-13.235937	-1.2653676	-10.207744	12.632181	-3.7488902	-2.7611198	-5.536307
1990	1.8884628	5.4840627	-6.802312	12.602067	-0.5883269	5.345632	-11.032197	0.801481	-1.5281519	-16.90588	3.0388315	10.640818	-1.8161887	17.326477	-14.479163	-15.958758	-2.1150181	5.4600897	-8.425459	2.7581308	1.5960327	-1.4855795	1.2485757
2022	17.31635	-5.8103933	-6.107967	-9.2367115	4.641385	-2.936826	6.298548	-0.96391654	-4.2006693	5.459162	-2.4911811	7.0468836	-1.0930245	-1.1145072	9.277797	-9.45983	11.895754	-7.970895	-6.565757	6.7237644	6.080383	2.5683937	-8.09633
2076	4.5973406	15.544292	7.499303	-9.426304	-14.936599	-4.3084526	9.929015	-0.19175969	-5.697106	-2.878086	-3.288941	-1.9105262	-2.4508436	-1.0464981	-2.877923	-5.5030746	-0.0031848273	-0.08588006	-7.717619	-6.2956877	-1.9397495	-1.0628934	-5.531158
2114	13.9182	0.76637447	-4.4868736	2.9884388	-4.417081	4.7025847	-10.462686	-3.5322697	1.3338047	3.079317	-5.0036044	3.2279742	4.1625605	-3.6557178	-7.7961392	0.778535	-0.6406274	-6.9392376	-2.6167834	-2.5397744	-3.4704685	1.0532657	-2.3992844
2224	12.759681	-2.4765317	-5.1195483	-2.949159	0.7743619	2.5294123	-5.3159213	-0.20729685	2.517799	0.91808444	0.1902382	-0.28474483	-0.0065759565	-0.5374965	-0.21060868	0.59873134	-2.6554847	0.43852344	-0.35408533	-4.5625052	-3.8702934	-0.13920407	0.10364745
2309	13.366511	-4.868884	-13.626651	-5.825844	13.107144	3.4978187	-3.083974	4.873845	14.935413	-13.111968	1.3909177	-21.87744	-0.56778973	-8.22096	-4.91183	-3.520017	1.0453262	4.090776	-1.8920146	-1.3826178	-2.2410002	1.5004305	1.6000462
2350	-3.067347	14.751902	-3.4893167	8.752687	0.45091134	5.0197096	-8.542079	0.37973124	-2.230235	-13.76122	2.996099	8.230774	-1.5201942	14.105957	-12.47112	-14.374618	-2.2981112	4.3331156	-6.5993385	3.004448	0.14920303	-2.1951306	0.10594067
1958	-55.483746	-28.907446	2.7982488	-4.4527025	-0.1500832	-26.054646	-9.882468	-4.480477	1.8340143	0.5523228	0.36253047	-1.1863954	-4.090787	0.7227081	-0.9406017	-2.4816427	-2.6315906	-1.4669569	0.8181875	0.06365388	0.16373323	1.0566198	0.23441185
2428	-3.0382867	9.296951	-3.8941283	7.963345	-0.5271977	5.39187	-7.8527403	-2.0280414	-2.4376416	-7.996401	-0.4017708	3.5324364	1.9261955	4.538673	1.1956128	4.501512	0.3895223	0.3451344	4.3542233	-0.7307938	0.23081295	8.79821	-0.4173039
2560	17.754606	-7.565662	-13.46121	-14.030341	16.65938	-4.05244	12.844425	1.6953897	-5.3785787	9.004362	-2.265556	11.040959	-3.355263	5.507178	0.6743278	-8.174361	6.362576	2.576708	8.881465	2.865395	-5.510882	0.26268744	-0.9154498
2653	0.095282145	2.3061495	-5.7515945	7.6810846	0.3102121	2.7400377	-7.5110474	-0.20385788	-3.3739917	-7.4584594	0.20368534	4.0415974	-0.16951382	8.343766	2.1780987	2.803293	1.8680849	-0.8029393	3.8442922	-1.7413281	0.43029785	-2.2218506	-0.8223639
1979b	3.1182213	10.578545	-1.9323639	2.895652	-4.477602	-1.0453612	2.1870139	0.9749145	-2.061282	0.5947801	-1.5168837	3.4506192	-3.439342	-10.292033	6.409896	-3.16796	-9.979729	-0.022940999	-8.31952	10.063366	-3.7091818	-3.2872927	-6.5026193
1991	-16.785408	9.580007	-8.913719	23.852568	3.0143597	-2.3043754	3.636931	3.5855892	-1.8089178	-6.3866735	7.799524	10.379376	-4.3679676	-16.313894	-1.9204574	5.3807244	3.3285022	-3.8039155	11.0387335	-13.425382	-6.1129146	6.2407	-7.74782
2024	-16.576862	8.761769	-6.246693	14.795507	1.9708898	-1.1016163	1.1718248	3.2962995	-0.40138048	-6.85445	4.4147315	8.502487	-1.8855146	-8.800347	-0.5013939	4.0782456	3.3099122	0.47840104	3.8599753	-5.125889	-2.9707959	3.1773667	-2.7690372
2078	-53.30892	-22.178589	1.8229	-5.1571727	-3.8619206	29.26915	19.744812	-29.978981	11.537948	-2.4851115	1.6142886	1.7927468	-6.0392733	0.7174094	-0.12588972	-0.40109324	-1.396933	-0.8290824	0.3677753	-0.32912505	0.13204838	-0.10600357	-0.5560299
2142a	4.143526	2.905828	-6.565939	7.777704	0.106018595	4.9945173	-12.2401495	-3.970687	-0.32291695	-2.9322505	-0.34618288	4.7443867	3.9927573	6.4040947	-4.3628244	1.1597596	-0.2298525	-4.67691	-0.4803052	-6.3107142	-7.560372	4.1395144	-0.47157896
2229	10.966629	0.3722921	-3.2796223	0.54148567	-8.370565	0.49375194	-4.5923786	-3.4005075	-3.6355255	2.076162	1.2211325	1.3129299	1.2316618	-0.023678958	4.0811424	0.9993528	2.0790775	-3.287912	-2.4063058	-2.2954366	1.8769451	-0.2832684	5.3393483
2310	11.5896015	-2.7092335	-2.12732	-0.534681	-5.3297377	0.37462622	-6.7256746	-4.1394076	4.846645	5.4212193	-16.583714	7.0034347	4.7313147	-10.271221	-10.780304	4.438243	2.2143552	-1.2790939	6.973818	8.520874	7.279925	-5.430191	-2.2367754
2354	10.460879	0.4736229	0.35368443	-4.438016	-14.14258	-3.4511583	1.9953384	2.233165	6.0698957	4.3206387	-8.442723	3.3190331	-1.440324	-2.192279	3.1348462	-3.699517	-0.721578	11.075877	2.2091794	1.3459456	-3.7869256	2.0332923	2.3215833
1966	-32.511646	44.705612	9.133901	-11.152285	7.978002	-1.2710476	-0.68972915	-1.004047	0.7367416	1.9396954	-0.66044706	-1.8239665	-0.25685623	0.13102151	-0.25735015	-1.8394717	-1.3736588	-1.0781841	-0.6115828	0.13059628	-0.3054927	1.8306658	0.37214816
2444	18.377115	1.072653	-2.5470757	-3.9139037	-11.620726	0.628393	-2.3265216	-0.78526807	4.1156135	4.0746155	-12.436274	5.686118	-0.23450698	-4.4035435	1.3127989	-5.3157287	-1.8963289	4.5280056	0.69817805	2.2452545	-2.974838	3.748659	-0.16050158
2575	14.655603	-2.1036835	-2.1719286	-3.0888662	-8.893996	0.27909917	-4.1368675	-2.1652048	0.39340904	4.321294	-3.4347618	3.428084	1.8543262	-4.5129547	1.1247795	-2.0508003	1.5276463	-2.84337	-5.514334	1.2450368	2.761935	-1.1202842	-0.8545046
2665	13.890957	-4.55307	-12.418863	-6.458457	10.8650875	1.9046099	-2.9722407	3.2693043	10.491263	-8.034078	3.60641	-16.086178	-0.44198376	-5.0195794	-5.313513	0.1922225	-3.7205515	4.1440372	-0.9035101	-1.7033732	-5.769854	1.2272468	-1.1275578
1980	-0.111156516	2.703322	-5.909868	7.3840466	-0.020152954	3.6710858	-8.391701	-1.0441709	-1.468121	-8.654675	0.76233447	3.9341362	0.2511235	6.8374705	5.720597	2.9029038	0.96389323	0.46160433	3.066596	-1.7618486	3.5366096	-0.99822927	-1.037785
1992	13.084212	-1.7627053	-4.3497853	-1.7599591	-7.7154875	0.37450483	-6.767008	-3.4708853	4.5811124	5.4779844	-17.424948	6.5315313	4.6005135	-12.657504	-11.8934	3.1880605	6.2970037	-3.577676	4.6475563	5.92106	12.681144	-3.9754663	2.4827356
2027	-22.963184	39.388233	6.30083	-10.565693	0.027877111	-2.0361526	3.5335178	1.0586762	-1.2633334	-0.4237577	-2.3378541	-1.1529596	-3.1445024	-0.03891089	0.3148825	-4.7293305	-4.774462	1.3317951	-3.3122964	-3.892781	-13.139313	-1.5180511	-7.474387
2079	12.811961	-1.8756765	-3.2739396	-2.0275218	-9.267293	0.15659901	-3.7435627	-0.7761757	4.355016	4.7168164	-10.054603	4.5184474	-1.3300991	-3.1807618	4.4662204	-4.1041417	-0.8585122	8.4822855	1.6420195	4.000868	0.99088407	2.6683116	3.12236
2142b	5.635573	1.9320849	-4.609596	6.7093973	-0.57731515	4.402527	-9.905733	-2.4110126	0.4481619	-1.8708462	0.22668512	2.4308615	1.5607139	6.814284	-1.6747228	0.6059591	-0.03173697	-4.4234433	2.5124946	-3.802883	-5.912611	2.3358374	1.6123521
2237	9.537385	-0.7589198	-0.4669906	3.8345287	-2.4550085	4.0501657	-10.577407	-4.4058943	-0.21945062	4.155179	-4.472565	2.8649793	3.0266707	-3.2814455	-6.0617037	2.177363	1.4313569	-8.126485	-3.127666	-2.4833264	-2.8986204	-1.7334383	-0.14995255
2322	-2.3950107	4.0336976	-4.7646093	9.456334	1.6635547	3.1770427	-8.399585	-0.27487424	-0.5294813	-6.6604285	-0.23609915	4.206595	1.0319988	4.593266	-3.8928175	0.66446406	1.7611088	-0.17628828	1.7281164	-0.038971346	-3.0392523	-0.24755742	-3.5843892
2360	-3.0125048	3.2453833	-6.3134885	7.5907106	0.33493367	2.651985	-6.715286	-0.5702555	-1.1381713	-7.7443237	1.0737371	2.3341305	-1.7551359	6.4548273	2.5236852	2.43388	1.6474732	1.8918417	5.562066	-0.54975677	2.9857917	1.875779	-1.8138797
1973a	-10.049051	8.020509	-10.640175	29.884775	3.0715957	-1.507994	2.8302805	2.5431688	0.34937677	-10.796633	6.806495	11.487131	-5.087754	0.9192148	-8.272992	-13.725726	-3.533276	3.1895268	-7.901521	3.351628	5.6015224	-4.1842656	2.0025396
2445	0.5172423	4.078866	-5.49311	3.614123	-2.186264	1.9902289	-6.4059095	-3.0362535	0.17917928	-2.7656531	-6.5839076	5.1165056	3.6699998	-4.0236206	-5.5575037	7.0596375	2.887321	-1.7219584	6.081879	3.2431524	6.464247	3.7783186	-0.37360048
2576	8.937696	3.1482532	0.24593787	-10.81376	-25.667778	-6.789671	6.73052	11.10735	26.75691	4.5397396	23.713673	6.635971	7.8342156	7.959848	-1.6092153	3.8036149	2.9657316	-5.096996	2.0832708	3.4467878	4.4683037	0.39222142	3.3121035
1981	-55.023895	-29.01647	1.9412025	-4.8865833	-0.39043602	-25.985947	-10.178229	-4.8186564	1.9209853	0.7600264	-0.29410884	-0.6746151	-4.426974	1.2443993	-0.9819001	-2.2853603	-3.5719023	-1.4621985	1.3458651	-0.4696407	-0.27697846	1.129032	0.20122421
1994	-5.2441797	4.963229	-7.0148067	13.8009205	1.2632476	3.8307405	-9.111335	0.11732487	-1.2549467	-13.112353	2.9702442	9.025487	0.029082842	11.3696995	-11.169732	-8.68427	1.1477038	3.406735	-4.2888265	0.17737271	3.0006814	-0.8999016	-0.2698022
2029	15.459759	-6.8847413	-13.176111	-11.80983	14.612317	-3.347156	9.072734	0.36845282	-5.110691	4.8455715	-0.07261721	10.812003	-0.4926011	4.1028886	0.26163876	-5.7507043	11.051415	-0.69734895	1.8479981	-10.422503	1.8693194	-3.5927885	3.8384612
2083	-33.64639	44.487423	9.7589035	-11.848933	7.3158216	-1.1312416	-0.45360422	-1.5437778	1.3529938	2.3624163	-1.083255	-2.821733	0.41045687	0.8688127	0.3588812	-2.767405	-2.8271072	-0.28528422	-0.7052135	-0.19791465	-1.9299284	-1.2870685	-0.86847657
2167	12.269464	-0.9738037	-3.2524297	0.5793783	-6.5902815	1.8780518	-8.140451	-4.6028423	5.2299824	7.268246	-15.173618	6.1260495	6.730823	-9.899866	-11.773668	5.211665	0.14611784	-5.2573457	4.1850214	7.387287	4.6688304	-5.605445	-1.7201716
2238	11.21517	-0.90624344	-3.8186393	2.063206	-5.8129	1.9984906	-8.24528	-4.371112	6.0523944	7.058901	-17.311533	6.7245	6.5933223	-9.327762	-12.151106	6.1943603	0.5103265	-6.093647	5.873389	6.8493657	2.8466685	-6.1721478	-0.17351162
2326	-35.41487	45.750496	10.385095	-12.727376	10.308445	-2.3632278	-2.104607	-1.8618635	1.4740506	4.2756567	-2.1333106	-3.4487517	-0.035590176	0.8512275	0.57983583	-1.8966706	-1.4136521	-2.9521334	2.5079844	1.3016578	4.730626	-4.1687746	3.0141816
2367	-29.201038	36.69422	7.8295374	-11.545952	1.0589957	-4.4398966	1.8847861	0.6855816	1.1865591	-0.21674217	-2.0200775	-2.6573236	-3.0605614	-0.1591653	2.245065	-2.4194632	-2.1227832	0.92083704	-5.9681926	-4.283696	-9.224489	-2.673881	-8.492266
1973b	-9.686464	8.309986	-10.155269	28.85931	2.9775476	-1.9654047	1.232468	2.43396	0.23437111	-10.332286	5.89223	11.4792595	-5.5188265	-1.6716316	-7.8180785	-13.999914	-3.3937025	3.3802838	-6.3101044	2.9335742	4.116663	-4.779543	2.815472
2448	-34.68945	46.98667	10.144291	-12.584609	9.596191	-1.8066397	-1.6187704	-1.8716996	1.1326842	3.464948	-1.2808427	-3.1051881	0.31410173	0.39050454	-0.040454186	-3.0718365	-1.744886	-2.1023781	1.2452868	0.85850894	2.2585843	-2.6358917	1.9378381
2605	9.904084	-2.6914206	-6.7221594	-0.5067985	1.4510055	1.342185	-1.9138227	1.2427186	-0.29894525	-2.3716161	-2.186965	-0.5812691	-4.5298038	2.0760653	11.265509	-4.340976	5.223797	0.9404401	-0.042974494	1.4585187	2.5339942	3.348228	-4.70152
1982	-19.638968	12.659082	-1.6701286	4.512288	4.884045	2.2459793	-5.5487	-1.018502	-4.0180655	-6.9471197	3.6263683	5.1122518	4.220369	1.3192316	0.29890764	15.126095	11.4172945	8.354291	5.454298	-0.7728647	10.688473	39.670765	8.222341
1996	11.933177	-2.215353	-3.8628736	0.7827607	-10.406187	1.8575245	-9.123365	-4.452665	0.32031518	3.9145107	-11.443881	4.968056	2.3985684	-1.8416998	8.687784	0.32728457	5.0067954	-11.402842	-13.9964	-17.463346	-1.7753544	0.8052592	22.615662
2036	5.8425965	0.53637296	-3.7690935	6.0536947	-2.370285	2.3316565	-7.1119866	-2.4319367	-6.3416553	-7.116449	-1.38437	0.6160412	-2.8525681	7.766233	15.274443	4.6182666	-0.621018	0.18634218	5.8666606	1.580882	3.9183116	3.881601	-0.8302107
2086	16.631813	4.364773	-2.7211752	5.5741224	-4.369889	6.822568	-8.982759	-3.1408384	-1.6391885	1.195482	0.3327164	1.4494041	2.3840222	1.5033884	-3.2945619	-3.559879	-4.402871	-4.28817	-1.0974368	0.42782903	-8.685307	3.4279468	-3.6853113
2206	9.822679	-2.8952136	-3.3667312	-0.42933	-2.947458	0.58757406	-5.996316	-1.3581085	8.515299	4.421091	-13.542359	6.460785	5.890708	-8.107431	-10.258828	5.2656736	2.170245	-1.772422	5.4919825	7.23169	8.573261	-3.311123	-0.94746387
2240	7.7312074	0.780214	-3.0050833	5.175736	0.5635554	3.538792	-7.7316585	-1.5398273	1.9692321	-1.3549964	-0.29787925	1.7545046	0.5131097	2.5956943	-3.0817409	0.35246086	-0.67961764	-1.219973	3.5796804	0.85451317	-7.5349665	2.1137109	-2.7474687
2328	11.867809	-1.632596	-3.0606828	-0.668279	-9.137473	0.13611217	-2.4390538	0.8395714	4.8787246	2.2557898	-11.491851	3.5210307	-2.4160228	-1.8744725	4.1337957	-3.462249	-1.4195676	7.7724037	0.9324203	1.2832574	-1.5801378	1.4731585	1.0207113
2370	1.3272791	2.350551	-6.3465457	10.010029	-2.6591208	4.804952	-12.27103	1.1264488	2.0487423	-13.528223	0.6173755	9.577076	-2.6270728	13.157941	-14.203172	-9.212924	0.07973795	4.8239927	-8.563075	6.399864	5.278019	-0.47294024	-1.0001329
2714	14.851054	-2.9229903	2.1805596	-2.5333579	-12.054918	-1.1041187	-2.360217	-3.6009042	2.562224	3.6602929	-18.740309	5.5518	1.3294216	-9.612068	-3.6751623	-0.2235312	4.207121	-0.14984415	-0.022144018	-0.11553591	2.888551	-2.3184965	-2.7515671
P39	11.390777	1.4384392	-1.8946718	4.3998866	-2.1027021	3.9056048	-8.204103	-3.5825684	-1.7671958	-0.30670935	-3.0850165	5.1686296	1.7649788	-0.36103147	-1.569081	-0.0143123865	0.16656232	-6.465478	-2.1238291	-3.8555393	-4.098513	0.18735896	0.0731784
P52	-46.929646	-16.124159	1.5622989	-2.1368155	-3.3480306	12.064037	2.2246928	16.228056	-6.642686	3.5026398	-1.7452986	-2.5628016	2.3878024	0.3298578	-1.2474369	2.2234929	1.5098056	-1.0455483	-1.4853013	2.891367	-0.3083131	1.0502201	1.8188657
P314	-30.311253	-14.257289	0.90627474	-0.5321043	-7.6300554	22.294552	-1.642793	34.245235	-6.417387	12.484172	-6.364858	-10.397226	-34.344162	7.112657	-7.110199	5.134686	1.6732293	-9.175992	0.8653034	1.1633872	2.260951	0.69008654	0.86676085
2906	17.687492	-7.981356	-11.93034	-14.550769	16.199326	-4.3343253	13.385094	2.4675298	-4.3171477	8.215438	1.0640932	13.030044	-2.6608548	5.271234	1.6764067	-9.294395	11.636978	-1.5254209	5.0603075	-0.36833853	-0.00853218	0.16748177	-1.8915087
2995	12.271196	-2.499869	-1.7560563	0.7486142	-4.943311	2.0686986	-6.3266225	-4.434091	-3.5034256	3.713004	-3.1977675	4.5411673	2.5663273	-0.16944888	6.3893256	2.1842206	2.9401166	-13.415567	-13.363049	-16.692398	-3.9831061	1.5403043	16.201057
3030	12.333587	1.6697531	-4.2554693	3.7046885	-2.4632685	3.1745656	-5.849747	-0.91248125	-1.8144277	-3.8251088	-1.6726513	1.1877273	-0.33864382	4.014649	5.4864283	-0.4465831	-3.4561417	0.04864804	4.011084	0.39794722	-3.897893	-1.8497932	2.3053532
3083	15.039582	-6.0266247	-13.475632	-11.192176	15.640881	-2.7105126	7.652755	1.1591653	-2.242985	-1.0491261	1.5986581	0.20667127	1.295838	1.7936233	-3.4935815	11.246693	-11.789818	0.27025083	-8.321913	-1.3009752	1.5397592	0.09875794	2.263566
3093	12.558754	-5.1195707	-10.374125	-6.9688053	8.675516	-0.25810996	2.047738	1.404309	1.7492391	-3.0386934	2.709118	-2.5222611	-1.0101374	0.32251817	-3.5040803	-8.069622	8.697609	0.7033032	-1.3623784	-5.153024	3.7219312	-2.9520624	2.6618104
3104	12.302168	-4.0594826	-12.253175	-9.6838455	14.7393465	-1.96094	7.3112288	1.8172572	-2.147496	0.8206576	4.69113	1.7186348	0.88851374	2.2301545	-5.5123467	4.415954	-2.0590234	3.572307	1.8225052	-2.6385918	1.2728215	4.448637	2.1847
P14	-30.000132	3.4055996	-0.54838026	3.468685	0.93443865	1.6913601	-0.9517181	4.5899105	-4.9179583	-4.645209	3.7682903	2.961321	2.5700805	-2.0174177	-0.3477928	9.430722	12.942704	7.1449194	-4.299732	2.0884469	-4.749737	-2.7555497	-0.76990473
P23	-50.03029	-19.221077	1.4006584	-2.8413107	-3.9181645	16.66306	3.9157016	19.450241	-11.220591	0.41708973	-1.3621278	-0.71167415	29.726425	-3.6600673	3.4949381	-10.894204	-8.550061	-0.642855	3.7184732	-2.7995303	2.143482	1.052767	-1.7690827
2767	-51.554394	-20.692896	1.662105	-3.4939253	-2.8655393	14.234357	3.7481198	18.486763	-10.272263	0.49814576	-1.2748752	-0.7562627	25.766867	-3.2598033	3.754932	-8.897215	-7.1433563	-0.8611542	3.117827	-2.2296345	2.8681195	-0.28838065	-1.5710706
P42	-26.49206	37.642036	7.751603	-10.078297	6.4915524	-0.30078265	-2.2501848	-0.23899905	0.81539845	2.1393266	-2.1099079	-2.122037	-0.22114389	-0.65442234	0.16729541	-1.037145	0.5548858	-0.56630445	0.7152217	0.5852459	4.377924	0.5328311	3.370888
P54	-13.717506	21.675314	-2.5946186	-9.458895	11.943174	-0.96266246	0.34567207	-0.3699502	-1.6096643	2.4037492	-5.123601	-0.9330818	1.1534024	0.079916246	-3.6313303	0.55280966	-3.6512034	0.7417329	5.795134	4.250694	-8.953475	-2.885831	-1.5321085
P315	-30.192627	-14.035234	0.96383613	-0.50776386	-7.4840236	21.975052	-1.7319604	33.926994	-6.470745	12.325695	-6.4080825	-10.101401	-34.125298	7.2063813	-7.1892576	5.0548983	1.6900845	-9.129941	0.949203	1.1090792	2.441438	0.7531386	0.7442566
2907	-33.620865	43.500507	9.768214	-12.294143	9.447954	-1.3477424	-1.911162	-1.5554335	1.193818	3.2306795	-0.27696052	-2.127922	-0.50944585	0.21980059	0.71581715	-1.0154887	0.9006372	-1.4921888	1.7930343	-0.13339663	6.463654	1.0258837	4.2832627
2996	9.009849	1.1901432	4.541772	-1.521994	-8.629612	-1.9421794	0.272442	-4.082688	0.48311967	-2.1670976	-12.089278	0.06458754	2.629505	-6.07037	-5.20526	4.2304115	1.1079481	0.022532964	3.7763345	2.262294	4.335123	-4.1208363	-5.1686993
3033	12.623118	-2.8057861	-7.0768948	-2.171922	2.5139549	0.2841022	-1.6247615	-1.104606	-2.1668053	-1.147824	-0.9591274	-1.242542	0.87119776	0.42495784	0.38595986	2.6429024	-0.03507069	-4.1840806	2.2278826	-0.86058336	-2.9925206	-4.263994	2.0694869
3084	15.295678	-4.5362997	0.96458095	-2.3501837	-3.9689484	0.84117824	-4.413502	-3.5021937	-3.6194084	5.3118267	2.8384132	-0.88146216	-0.24389465	-3.7397952	4.992648	2.8879125	0.7542445	-6.8436418	-8.039136	-4.2579927	4.9869766	-0.30803406	5.641873
3094	12.798242	-5.1028333	-13.776266	-6.0643883	13.130901	3.1494691	-2.876158	5.2334685	14.98795	-13.340562	1.2716807	-21.809444	-0.7747809	-8.12776	-5.021582	-3.2446322	1.1881294	4.1218405	-1.8544124	-1.5418043	-1.9518164	1.3374187	1.7970105
3105	12.860217	-2.8552508	-10.723056	-9.15374	2.526469	-2.1956	4.449082	0.59184	-0.7045347	0.58524007	-1.5821189	2.3971965	0.8688664	-1.391919	-0.6722202	12.671089	-14.089672	4.239164	-11.207309	-0.67106706	9.107623	-1.1434205	1.2297467
P16	-29.922043	-14.1127	1.0057293	-0.69661295	-7.245806	21.751122	-1.3239412	32.537212	-6.4038024	12.255458	-6.3688326	-9.935298	-33.364628	7.357808	-7.175917	5.2919	1.7905526	-8.578937	0.8035458	1.0178946	2.3436327	0.74009156	0.6098399
P25	-50.32714	-19.321373	1.3720813	-2.9371347	-3.6319876	16.954151	4.263644	19.77553	-11.691223	0.294013	-1.1413294	-0.36280072	30.376345	-3.841759	3.3192255	-11.268421	-9.3318205	-1.1871018	3.460902	-2.8913853	1.766171	0.58606917	-1.5847878
2776	7.6911616	-1.0973648	-2.6206331	4.550783	-2.4449987	3.3699813	-7.9926515	-0.00799888	0.65422773	-9.153763	-2.4830887	-1.6334891	-3.868515	8.376245	18.360882	5.1988864	-1.667695	0.4051603	10.85436	6.3028293	3.8436308	3.0114543	-8.605298
P44	-19.821346	12.376397	-1.5148845	4.4529223	4.810466	2.307576	-5.3852534	-1.1578975	-3.7703307	-6.735343	3.4854102	5.0748043	4.090389	1.3874931	0.36250952	14.999575	11.447655	8.468827	5.068876	-0.7367694	10.794951	39.251377	8.241301
P60	-6.08162	14.474836	7.983414	-2.5373132	5.3781605	-0.30374855	-5.6462035	-2.519142	-1.8196464	0.05056426	-6.6679044	-1.2208602	-0.22528866	0.36419135	5.394172	-1.256831	-1.4126261	-1.4308525	-1.0691575	2.2523239	-11.627052	0.23542632	-3.9040236
P316	-0.8931459	3.3994267	-6.5806417	8.468436	0.7916043	3.7694366	-8.02651	0.5694884	-0.53815615	-7.9296947	-0.27512142	2.5920017	-0.013949993	6.07417	1.9792129	2.6365175	2.0069199	-1.6039634	3.2664092	-1.4913952	-0.779513	2.5913217	-1.9600317
2938	7.603653	2.5039718	-1.9049492	-8.256246	7.510039	-3.1859643	5.6188116	-0.12067596	-5.2147036	5.7533107	-5.42558	11.141218	-0.8597255	2.9395626	5.091253	-3.4110172	3.9507885	-4.5351872	-6.182462	-1.8289396	2.1859095	-0.048045088	-0.8184997
2997	14.799894	-7.241312	-13.817462	-12.671815	14.819484	-3.8024542	10.134576	0.5414672	-4.582585	4.7050433	-0.47796258	11.166114	-0.53970754	3.5973394	-0.17485964	-5.0660353	10.329495	-0.6855684	1.3634663	-10.219454	2.3642604	-3.8455935	3.9738588
3034	12.839268	-3.3558462	-9.8289385	-6.9319735	6.353223	0.07597003	0.093999244	3.1130288	4.972116	-2.0002644	0.92059124	-7.369568	-0.91922045	-1.6502633	1.595649	1.0358127	-1.9369069	2.2255826	0.03498391	-2.790948	-4.430814	-0.65332866	-2.9658177
3085	15.308199	-4.9671745	-10.603857	-9.85092	8.475651	-3.350731	6.5816545	0.7854368	-4.3241534	3.2945004	1.4967467	5.6731114	-0.49663246	1.8400103	0.24207333	6.0771527	-6.4732347	2.158227	-2.849856	-0.09745545	4.6732445	2.1062255	0.89230436
3095	16.863117	-7.7980046	-11.681878	-13.565199	17.026236	-5.4126835	14.499396	2.616322	-4.9170465	5.7194295	-0.2175283	9.073307	-1.593398	5.429179	-0.22040835	-1.3475364	2.4716578	-1.1740358	0.7087386	-1.2205001	-1.6471285	-0.2701481	0.025608685
3106	15.876577	-5.0776353	-12.27506	-9.760555	13.675265	-1.742141	6.8646283	1.3683648	-2.0867512	-1.1305628	0.8624487	-0.014092641	1.7375369	0.96473527	-7.307968	15.822095	-18.478361	2.3911583	-7.7275476	0.39612153	1.406267	-0.42383853	2.394843
P17	15.697491	0.25236565	-1.9842756	1.0427843	-7.122635	2.3380983	-6.6772957	-3.844026	0.5183994	3.7803836	-8.124782	4.2582364	2.5408044	-5.6362166	-8.021291	1.0612135	0.47993514	-4.56387	2.779662	5.5812173	4.071087	-0.6711835	-2.8255422
P26	6.4936895	3.9456663	4.164018	-2.206215	-10.220959	-3.6613247	3.272861	-0.700834	-3.5954745	-4.976641	-3.1111605	-2.3056111	-1.4248991	0.4816536	2.2258034	0.22603254	4.1400366	2.5550296	1.5124581	-2.6691353	0.4120224	-1.2442527	-2.9741926
2867	6.4368978	0.058570776	-3.485643	6.495996	-0.65005046	2.8001719	-8.195031	-1.5689328	-3.347862	-9.175712	-0.82261497	1.2813947	-2.445457	10.975249	18.089766	6.0507417	-1.1653526	1.1173068	12.560676	6.6271596	5.0674415	4.8082805	-6.9321423
P46	-9.551184	-7.348599	3.3109937	-4.4861684	-14.32346	13.724198	1.6344893	20.176033	-2.067529	12.394257	-8.891219	-5.356578	-22.547031	2.1118102	-3.2314606	-1.4941764	-1.7218658	-0.78235775	-0.68623316	-1.8731565	-2.4764705	0.09987253	1.939384
P61	-20.310188	28.916765	8.921856	-8.784727	1.7195699	2.9541743	-1.0887377	3.7294815	1.1390129	4.442986	-4.2348256	-1.8629951	-4.880319	-0.1050183	-0.9224366	-3.2207074	-4.045065	-1.3675554	-1.4011297	0.9656569	-8.230492	-1.3631042	-0.87996125
P614	12.597056	-2.9490783	-1.4607431	-0.5116179	-5.2436013	2.5361676	-7.6656885	-0.5579758	6.1287656	3.696976	-8.350657	4.480368	1.6617391	-7.5053344	-5.405084	1.0302116	4.1124253	-3.00841	1.1470342	4.046202	9.084198	-2.8384762	0.83408874
2946	-17.71665	11.308626	-12.460014	40.530266	3.7371023	-7.482496	16.254427	5.820115	2.3430114	0.3429834	8.881933	9.773836	-9.085388	-22.14599	3.1738026	-4.329113	-6.547305	-3.2643626	-0.30362955	3.4107323	2.5716588	-5.059961	3.8328006
2998	15.027854	-6.3830686	-12.518488	-12.947016	15.827487	-3.7579002	10.352847	1.6342362	-3.3907	2.699887	3.5272715	2.9855564	0.37408933	3.6410177	-5.865373	4.4935684	-3.0112228	1.5219431	5.3836555	-3.2894497	-3.6335287	-1.8940791	2.7583878
3044	13.905887	-5.2294908	-10.347947	-5.9100943	10.730672	1.0923754	0.49212867	1.5696747	4.0812635	-6.001522	0.061387815	-9.959735	-0.5066044	-3.421077	7.033844	-2.5927486	2.4019735	-3.070546	-10.057089	3.132786	3.6754582	1.7059712	-2.1650937
3086	14.257224	-5.3995504	-11.828475	-7.7704816	12.062432	2.8161259	-4.9462	3.750453	14.562448	-10.327506	3.014326	-22.234459	1.2714484	-9.977102	-3.8955822	-2.1582422	0.9044827	2.045462	-0.6243716	-2.6463618	-2.1724474	0.2185479	1.1961244
3096	14.899466	-5.876994	-14.731958	-11.092007	16.719145	-2.4587946	7.46181	2.0883055	-1.7836615	-0.7667934	3.0815513	-0.9161369	2.0220785	1.754975	-10.145828	16.424534	-16.82947	2.4142869	-2.586581	-1.0295243	-1.1598961	-1.1834387	0.3171867
3108	2.5349545	1.7360758	-4.750806	8.068413	1.3905443	4.2176785	-10.650859	-2.3112457	-0.14290796	-2.324627	-0.15052846	2.4071295	2.0890398	4.4459763	-3.0319753	4.3008876	1.5782061	-5.5469317	1.7786351	-2.3084757	-3.8918097	2.0892208	-2.9505763
P18	-50.52948	-19.773954	1.733374	-2.654793	-2.6002772	15.376634	3.9727259	19.76472	-11.203309	0.49329296	-1.521445	-0.756473	29.215176	-3.7076223	3.9688802	-10.663306	-8.283562	-1.528529	4.360668	-2.6336582	2.5764441	0.31183892	-1.9064168
P29	6.2003975	0.76747096	-0.03163254	7.2062984	0.2322276	3.7320585	-6.929706	-1.6968663	-0.4756276	-2.4574742	2.6921089	-0.028735325	1.0557663	1.5858994	-2.6048942	0.77374744	-0.66828334	-1.891327	3.2056227	-1.2563403	-0.36816624	-1.0840793	0.0020312574
2887	17.481768	-7.3569365	-12.54537	-13.871663	14.8685255	-5.0593343	12.766545	1.1580871	-5.040479	6.89921	0.24717243	11.682181	-1.2505257	4.277973	0.54192793	-7.4588876	11.301173	-2.107446	3.349972	-3.401313	0.6259492	-1.1443249	0.757659
P47	-13.595622	-5.821676	0.53941715	-1.9383581	-15.718292	15.946944	0.15817834	28.692184	1.4232688	9.016968	0.32349998	-6.060331	-26.082205	9.192424	-5.835058	5.258806	0.40672716	-8.04457	1.8159225	0.8917881	1.2040517	0.24854818	1.2332277
P65	-33.954136	38.911415	8.243537	-9.896588	8.864895	-2.0320835	-1.3734682	-1.2008597	0.6089413	1.60372	-0.39610547	-2.202253	-0.11092553	-0.12151023	-0.077048466	0.35197914	2.0680115	-0.9645247	1.6560321	-0.2321499	6.4090257	0.23674446	3.081834
P615	11.440545	-1.4881023	-2.4701304	1.24548	2.0964162	1.1859527	-4.570066	-1.514014	-0.09837257	-0.14208478	-4.782005	0.59784216	2.4799416	1.3491598	0.39355296	4.0459957	-6.172641	-0.49014342	-0.463354	2.69678	-5.019473	3.8049672	-1.8956087
2948	13.96144	-5.418926	-9.154293	-8.09822	9.743771	-1.6527647	5.6380525	1.6305466	2.077502	-3.910812	1.0422325	-2.3813531	1.9076391	2.816697	-6.545495	3.933545	-0.58280385	-2.697036	6.9975653	-0.09757246	-5.6633563	-1.8206351	2.3662612
3024	6.476148	-1.0878707	-11.410838	-2.6787546	4.327449	0.12056192	-1.6408542	-0.73232436	-3.6970544	-6.2839274	0.4219931	0.6586535	-2.7039888	3.7977219	8.779975	8.370568	-4.510558	3.3165514	0.49587363	-0.44927144	3.4610708	-4.8814354	-7.63666
3060	12.809361	-4.252022	-12.433427	-11.778346	13.391605	-3.9723034	9.877814	0.98508656	-5.872612	-1.1777748	2.379878	1.5366069	1.7626259	2.3304524	-8.8918295	12.628313	-11.468785	0.6619536	0.3241394	0.33565432	1.2873019	-0.18255971	2.956299
3088	13.225442	-2.6992323	-7.2710295	-9.190599	10.16262	-2.8746326	9.5975485	0.71030694	-6.52894	4.5538077	-2.2711205	12.989998	-0.7980662	4.9913306	6.143556	-6.9220805	8.374145	-5.314327	-4.3907075	-1.0550789	3.8218443	0.6641366	-3.9289734
3097	14.827441	-5.51989	-13.127016	-10.924941	12.367985	-2.6166284	6.359054	0.5014023	-2.8925302	-0.049523365	-0.44351295	2.6192198	0.5904653	0.5348322	-1.8819889	14.673799	-17.658972	5.2160416	-12.469726	0.6184573	7.7169666	0.24950024	2.439791
3109	12.460283	1.5336603	-2.594503	5.9179063	-2.625568	5.2720537	-10.658065	-3.4512198	1.2111449	0.242184	-2.0963993	1.351767	2.3413126	1.7161938	-3.7910163	0.43939674	0.3364282	-9.898192	-4.088341	-4.3808994	-6.4752684	2.7846637	-3.1306736
P19	-50.640484	-20.35087	1.2478184	-2.8209662	-3.4630332	15.085312	3.5426533	19.27161	-10.907972	0.4551834	-1.1686329	-0.6195392	27.800888	-3.645439	4.0248795	-9.561133	-7.4002633	-0.619653	3.6810958	-2.611475	2.55243	0.73259276	-1.616618
P30	-8.6477375	8.604893	-17.113798	43.340424	0.6174115	-9.57722	17.208687	-3.7808237	4.5739994	18.525053	-8.865346	-18.328335	7.9296603	14.791279	0.18774982	1.194814	2.9473865	1.4215301	-1.8040986	-0.6447396	0.55730075	0.6064672	-0.7006563
2888	14.754441	-3.9712677	-11.529834	-6.057206	8.494081	-0.16022225	0.9355711	-0.21931435	1.8503958	-1.1240385	-0.35371575	-3.6161811	0.76009333	-1.4149681	-1.4915257	-2.2202852	1.9415274	-1.2954195	3.8385346	2.7176752	-3.2343693	3.0579069	-1.3905877
P48	-53.623386	-22.555193	1.766806	-5.27614	-3.5475821	29.036018	19.724777	-29.965275	11.6491165	-2.3655503	1.8060378	1.8310211	-6.057962	0.6429488	-0.064016744	-0.18450649	-1.1392516	-0.51461	0.42001918	-0.1839436	0.4149023	0.09767027	-0.5042654
P67	10.121915	-0.3634458	-5.0498085	2.1514027	-6.4924164	1.9374949	-9.584312	-4.425519	1.8267062	6.6972075	-8.605282	5.8780804	6.288186	-5.563297	-9.146264	5.7865534	1.9418243	-8.497099	-2.1923869	0.5175079	3.1521714	-1.9170344	-3.794991
P617	1.7728199	0.9888176	-5.4064503	6.2512884	-2.752914	1.4974667	-9.907047	-1.4236021	0.31999388	-11.533842	-0.660231	2.052856	1.6364387	10.690157	13.238116	8.125117	0.024253769	-10.210612	11.737548	-4.281658	-0.74329406	-21.020267	4.123831
2964	5.6746564	9.614097	0.31923747	-0.85283273	-5.7401695	1.3414347	0.2533686	-0.38995236	-0.94645107	-1.8706559	-1.7693737	2.5338962	0.646161	0.8281338	-1.4657931	1.9286323	-4.1382217	3.0054617	5.571162	2.5983675	-3.4721906	3.0406592	-2.554311
3025	8.253695	-0.55870754	-10.074732	-6.660435	10.376217	-1.5966331	3.6668246	0.30231446	-2.9836073	-1.4180518	1.7507617	3.524504	3.1687632	1.8099508	-3.2523699	8.6965065	-5.875295	3.5719776	-0.982844	2.4806128	5.6144757	10.870565	3.2732694
3062	13.713866	-3.042717	-9.839356	-6.027885	7.5987663	-0.31218714	1.9899745	1.9780037	2.6961281	-3.1781933	0.05782409	-6.9107237	-0.41755322	-1.102658	4.464513	0.30304015	-3.659556	0.10845812	-3.8691235	1.3594915	-1.3887733	0.9834962	-0.61399126
3089	-32.57962	34.57816	6.8694897	-8.683807	6.5198474	2.2013342	-1.342474	-0.33348578	-1.9124323	1.17832	0.039416995	-0.28964123	2.2065802	-1.8608943	0.43060887	1.6085405	3.3064783	0.31511053	-2.8029287	3.3439806	-1.51473	-0.24978904	2.628173
3098	15.066962	-4.6958175	-11.447495	-9.622486	11.306292	-2.995149	6.6606913	0.576774	-5.100294	1.3046763	1.9414004	2.0909634	0.7230737	3.7408812	-2.5307107	12.646021	-14.994576	6.0918217	-2.598506	0.32747778	1.0765764	-0.24567926	-1.126253
P6	9.255821	3.2640903	2.5115662	-6.7461085	-17.378347	-4.1587424	2.4619684	3.3425393	9.714923	6.152952	-4.6821957	5.653996	-0.3526192	-1.2127188	4.1900682	-3.874823	-0.06914788	5.4200954	-0.79891515	-0.30041978	-5.5450683	0.8111928	-1.8809993
P20	-45.516132	-15.544236	1.1258187	-1.7200286	-1.591849	10.991059	1.3090502	15.62399	-7.4135	2.4329586	-1.7918414	-1.1930473	3.7976224	0.42484015	-1.3916296	2.7237537	1.7049445	0.12757638	-1.7026545	1.8549498	-0.32803765	1.601304	1.05917
P31	-8.5850935	8.566366	-17.209347	43.54082	0.52839494	-9.653415	17.208853	-3.6419466	4.472869	18.591187	-8.812752	-18.46217	8.040046	14.807113	0.14925852	1.2892472	3.0602133	1.4115614	-1.6546565	-0.6713842	0.4925272	0.7031829	-0.7248778
2895	-7.5794325	18.393095	4.6077285	-8.53519	-12.216174	-6.105444	7.8946967	-0.47165257	-4.762798	-4.3634896	-4.306526	-0.12906669	-3.9462743	-0.7363446	0.12257792	-1.7360331	0.013601337	2.3013055	-4.335526	-6.363784	-7.0356855	-3.6348574	-9.211543
P49	-49.93529	-12.469076	2.891532	-6.490523	-2.2612596	27.379736	17.839733	-27.55948	10.64585	-2.1490638	1.4743406	1.4133584	-5.669492	0.7595701	-0.2931381	-0.6018444	-1.3872408	-1.2383726	0.32570142	-0.16774374	0.6282673	0.2513902	0.51619077
P69	-53.681213	-22.481882	1.7740321	-5.4249024	-3.8058388	29.247478	19.685986	-30.142536	11.477488	-2.3945112	1.6388361	1.820576	-6.0072036	0.7117072	0.03658205	-0.4495572	-1.2766447	-0.769499	0.39737082	-0.17307806	0.13367082	-0.052358497	-0.44252136
2965a	11.918653	-1.0071659	-4.979973	-6.7155814	-4.6353354	-2.630296	3.7018716	-1.2175312	-2.066333	1.76121	-3.035472	-0.6364608	1.347736	-2.4655695	-2.489779	5.7998853	-2.6187556	0.18727133	3.6413383	0.72263277	-2.5815573	-4.6462383	-3.5675864
3027	-0.94765335	8.874123	8.312717	0.6388178	7.287033	2.6479452	-7.8945613	-5.141528	-3.5215545	7.23179	8.746875	-4.3007374	1.337694	0.46133307	-4.2113147	5.6034746	-1.0110729	-4.091758	-0.66721976	-1.6334094	7.343869	1.7773796	-8.226244
3068	15.22103	-5.690605	-13.627122	-10.219655	13.929947	-0.8027192	4.9163895	1.8182232	3.7609615	-5.5571117	3.995344	-9.087581	1.28444	-4.193458	-2.7900114	1.7963037	-0.8559972	-2.157093	-6.668853	-0.47889397	3.4484415	1.1945741	2.4183176
3091	-9.724954	20.651136	1.7060279	-11.367417	3.7343	-2.6382005	4.113398	1.4228754	1.26801	2.8271	0.7036894	1.1412535	-0.9726877	1.49354	-0.7624377	4.4569635	-4.9486084	1.8198981	-1.0644134	-2.733034	7.1917853	-0.48392993	3.4499097
3099	13.154559	-5.234341	-13.797069	-8.879517	13.84589	-1.7221409	5.666331	1.0057139	-3.055283	0.22039954	-1.5341175	3.8266335	0.24845935	2.042771	-1.654446	16.24743	-18.26464	4.8524723	-10.261788	0.73298776	4.6435847	-0.5645292	-0.7736943
P7	-53.281693	-22.118313	1.8094475	-5.190498	-3.6101265	29.048006	19.714636	-29.94502	11.538401	-2.3077884	1.7567152	1.7870474	-6.0777273	0.6980071	-0.011779682	-0.020985596	-1.2167532	-0.5668673	0.27198935	-0.21248376	0.3561709	0.0021271138	-0.42123428
P21	-17.251383	11.4692545	-12.273217	40.46051	3.2184222	-7.029847	16.118711	5.34656	2.3558905	0.98433214	8.36152	8.407714	-8.406409	-20.799505	3.1936991	-4.2461796	-6.227501	-2.8022332	-0.015709544	3.545811	2.5982583	-4.5665326	4.077317
P35	15.853838	-3.24145	-7.3495708	-5.4240947	6.1180344	0.40234008	1.9614708	-0.8807149	-5.688733	0.12456065	2.3249984	2.225611	-1.5880903	0.2957379	7.9703183	-2.996918	-0.7219882	-2.7199574	-6.7547774	3.4745789	6.8879423	1.003743	-3.4557886
2905	-29.080471	45.334526	9.8160515	-12.474855	3.1730711	-1.6633563	1.6600299	-0.34896627	1.17892	0.94897985	-2.904461	-1.6910473	-0.32326344	1.0165884	-0.07387911	-3.3009558	-3.6720643	0.021898406	-2.826311	-1.6266105	-7.412915	-0.4805745	-6.863199
P50	-33.657722	38.732754	8.67649	-10.64634	9.127011	-1.8159491	-1.5679463	-1.5815799	0.57970905	3.1228151	-0.9020174	-0.9426236	-0.1568206	-0.5680701	0.45379242	0.8018505	1.8680387	-1.4268118	1.4622227	0.09302067	5.7460923	2.5005002	3.1927688
P311	-19.54612	-7.681509	1.0296527	1.2568303	-2.5535605	8.075202	-2.6665568	2.111974	-5.517829	0.8825128	1.4333762	-0.977812	-0.594943	0.68722975	1.6684408	-0.53308123	-1.2787762	0.5469887	0.21944027	0.6142023	-0.52377814	-0.7867438	3.6756914
2965b	15.684821	0.5487806	-4.6725445	-5.3672776	-8.024265	-0.2958922	0.36267778	0.8257467	2.7723727	5.495	-9.258913	3.8002207	-1.3419011	-1.6234298	2.4929109	-2.1086724	-6.5484166	7.2957883	1.3748041	1.902593	-5.019492	2.6643949	2.5585842
3029	16.11468	-3.4171002	-12.593408	-7.1491065	10.508578	2.9290688	-2.8254848	2.1267228	8.0952635	-6.5765224	1.1282694	-12.438304	1.2755307	-7.680883	0.15308924	-3.0277011	-2.5672705	-0.13168518	-6.6112804	2.1211994	0.30949616	0.5529697	-2.1601346
3082	14.388038	-4.5004163	-10.67963	-10.439192	9.426689	-3.111257	6.2346435	1.9289957	-0.42453438	0.088587604	-1.6712325	2.9165866	1.2808928	-0.32014883	-5.526306	11.0743265	-14.017241	5.8074527	-2.7638	1.1790229	3.077995	-0.31172308	-0.91968
3092	12.930088	-5.236581	-13.316743	-6.908038	11.143159	2.1316924	-5.446041	4.5676126	15.21999	-14.510204	1.6822238	-24.997387	0.72863525	-11.820504	-1.0237145	-6.4239054	7.9843946	1.3353622	2.4080997	-8.0373	2.2993345	-2.216226	3.311706
3103	15.708204	-6.8113976	-15.488716	-12.694508	17.437029	-1.7395625	8.492405	1.2652189	-2.9205143	5.2673793	0.8510298	3.2907872	-2.5098383	1.7114024	-4.3069	-7.6157947	8.966539	1.0589054	8.931991	0.17661342	-4.0188303	-1.3409183	0.31076312
P13	-35.486862	-2.8209069	0.47994658	0.4310192	0.13721421	2.33029	-0.24183759	2.398719	-3.01991	-2.9640152	2.0783224	3.664317	4.5973887	-3.8401399	0.4110621	10.0173	13.222123	8.237313	-9.588532	5.42577	-6.957878	-4.0690084	1.2478459
P22	-50.74233	-20.59095	1.4548975	-2.8742669	-3.08103	14.366147	3.9144344	19.467789	-11.084234	0.5282845	-1.3529786	-0.92659724	29.249474	-3.5958192	3.6894102	-9.949691	-8.209281	-0.83322465	4.690481	-3.2307465	3.5482042	0.44551727	-1.3673158
P37	14.612462	-2.213112	2.4287398	2.9592998	-3.8692687	6.9109874	-13.64953	-8.171678	-13.03065	17.015364	19.339886	-5.813478	-4.606053	-3.5273907	1.196899	-5.4320607	-2.0829144	18.567026	6.76794	-4.371262	7.1190834	-5.1303773	8.802795
P621	-8.614613	8.426651	-16.957998	42.983215	0.56367284	-9.606122	16.873981	-3.7446299	4.431082	18.17576	-8.88283	-18.368073	7.9654307	14.661211	0.26676393	1.2936777	2.899404	1.5088108	-1.6696551	-0.6202203	0.315576	0.5885922	-0.64763975
P633	8.595889	5.831107	0.55422145	-7.1882353	-19.162462	-3.8146756	3.1533172	3.0995252	9.9304085	2.8306968	-2.3874545	4.950728	1.49416	-0.6265813	1.8481055	-1.7996422	-2.130354	5.8416452	-1.1426853	-4.4845433	-4.4492693	0.44024584	-0.786252
P645	14.809619	-2.144846	2.7341366	-1.3752079	-4.359932	3.2970088	-7.6683273	-3.4362078	-1.4981059	14.150796	7.6707296	0.23205228	-1.7980657	-3.749016	2.414994	-5.636967	-2.673398	14.285406	3.9644458	1.3252232	3.1326518	-1.5734752	4.7902455
P657	-37.84635	-4.6286654	0.68444306	0.75155175	0.60518736	1.0707649	-0.574066	5.5558515	-4.1463895	-3.7693908	2.5189223	4.4062033	4.933686	-4.3702755	1.392694	14.542545	17.10916	13.112015	-10.440104	4.8064284	-8.123428	-8.516369	0.47678444
P669	-17.232252	9.734183	-7.6984987	27.28429	3.3549545	-3.9489639	6.3791327	5.293527	-0.88531506	-7.578128	9.595847	13.110711	-6.9511433	-19.72752	-2.5255241	3.9575438	3.220403	-4.740114	12.235763	-14.292334	-5.9674053	7.7137914	-8.150499
P631	10.720606	6.555855	3.8693821	-8.444189	-22.207298	-4.0511274	5.713512	3.2829077	7.4260707	1.1962572	1.2085243	0.7911689	-1.2647269	1.4242482	2.966934	-2.1669114	-3.8253727	6.7198963	-1.1350541	-4.26759	-6.946758	-0.23081723	-4.7794333
P624	10.301061	4.138493	0.14637832	-11.232646	-27.003649	-6.793936	7.2646112	11.73686	27.913712	4.6627316	24.597279	7.0443106	8.126245	8.240185	-1.6090004	4.034828	2.78824	-5.2483773	2.0120177	3.6124997	4.2857776	0.21370511	3.515173
P634	11.263204	1.1052105	-0.64173615	-4.0937686	-12.847952	-0.6190577	-1.4370201	2.061683	9.700996	1.193978	-3.6882012	-4.3653564	-1.5344049	-1.1076967	3.920612	0.009613786	-2.5151043	3.9635181	-1.1920966	-0.57674986	-0.14365439	2.6904886	0.51744515
P646	16.750435	1.4300042	-1.7500954	-1.514728	-13.00233	0.9080814	-2.4337745	-0.2439438	2.1040819	4.630971	-8.735982	2.7621467	-2.538711	-3.870046	5.8697934	-6.1534233	-4.8029294	9.299597	1.7900136	3.4767547	-6.483545	5.592118	5.0377207
P658	-55.580154	-29.36421	2.288107	-4.8023148	-0.35777724	-26.327845	-10.369065	-5.0162683	1.8109295	0.66489244	5.261469E-4	-0.82364964	-4.403739	1.0576649	-0.59886825	-2.268611	-3.0309424	-1.4817475	0.5828979	-0.27173433	-0.5170794	0.8932003	-0.13983764
P670	-38.535683	-5.542602	0.67028636	0.7052341	0.4616499	1.3385202	-0.6938374	5.043673	-2.9591718	-2.1880896	1.8895099	2.990187	4.3877473	-4.0575385	1.0119959	13.17723	17.425209	11.370675	-10.659638	5.7808013	-7.1084538	-5.572391	-0.18565716
1971	-42.122402	-17.778494	1.7799437	-5.0908027	-5.0197616	26.37008	17.193851	-26.748215	11.431286	-1.8128976	0.92519414	0.80374396	-5.9979615	1.1362503	0.3484034	-0.74268615	-1.893886	-0.42803308	0.06723548	-0.23472059	-0.39624983	0.9107814	-0.16462348
P626	10.372161	4.2340736	0.25896138	-11.365923	-27.150383	-6.728384	7.201407	11.690555	28.085743	4.7620687	24.616133	6.948062	8.103669	8.158187	-1.5946261	3.9117382	2.6340938	-5.3209953	1.913748	3.666541	4.1612363	0.30830184	3.4559731
P636	16.898005	6.8798566	0.1153935	-7.5583806	-23.613207	-2.2222958	4.295209	1.6534483	4.024456	2.4734852	-6.85281	1.4170347	-1.726421	-2.2240596	1.8347056	-5.020975	-6.15154	10.181965	1.1698906	-3.3659778	-9.416388	3.0281608	-2.6739419
P647	15.285067	-3.6201427	6.4435625	3.7604587	-1.866283	6.4866147	-13.49116	-7.7714987	-12.058057	17.178131	18.378223	-5.758844	-4.1419497	-3.7180498	0.39296454	-4.7119546	-1.775117	16.917175	4.906265	-2.6341455	6.69438	-5.1339135	5.6225038
P659	-54.540405	-29.247385	2.6018186	-4.9026437	0.2889758	-25.671373	-10.320522	-4.1728387	2.4301178	0.18649831	-0.8024919	-1.5361831	-4.715657	1.5794871	-0.6823016	-1.8315283	-2.801499	-1.1600864	0.228789	-0.26291367	0.4511895	0.9917458	-0.14557089
P671	-37.66306	-4.4479294	0.8454119	0.6134301	0.7208358	1.7701811	-0.7064626	3.8732815	-3.0826328	-2.8013208	2.45483	3.4420838	4.119255	-4.069265	1.5625815	14.067704	17.887129	11.413809	-10.649874	6.7773376	-6.686187	-6.332642	1.5695671
2768	11.155776	-2.7174554	-1.3332019	-0.47069803	-5.1055818	1.2687145	-5.556754	-2.4865487	-1.3136187	1.6102345	-2.34463	1.5941633	-1.1562856	-0.3010544	4.639095	1.6024053	0.16503936	-3.5913827	-6.714271	-9.002916	0.77607125	0.98262393	10.902512
P627	14.878237	-2.358086	2.7014158	2.756528	-3.3308794	7.130091	-14.5629015	-8.49807	-13.358099	18.011503	20.810966	-6.3919826	-4.86529	-4.4277434	1.3090025	-5.733397	-2.2324998	21.299341	7.523496	-5.044395	8.628505	-6.370182	8.729673
P638	14.793117	6.105122	0.7158366	-7.0867076	-18.898294	-1.3941516	0.57847583	2.4103105	7.411436	5.43569	-6.1189656	4.3544874	-1.2612948	-2.5351453	4.067111	-6.0850835	-4.9955764	8.24978	-0.75569695	-0.85534626	-9.516334	4.2700357	-2.66128
P648	10.293087	4.179909	0.106180474	-11.217346	-27.149403	-6.7612696	7.2180495	11.866508	28.037052	4.825345	24.640522	6.968702	8.043493	8.063957	-1.5951788	3.942822	2.6542776	-5.3152537	1.8745564	3.6549592	4.2508497	0.43216288	3.4308233
P660	-55.693695	-29.319262	2.3348935	-4.781229	-0.25936863	-27.039164	-10.939	-5.1802416	1.5183585	0.37412858	-0.31281403	-0.87244916	-4.3448353	1.3159677	-1.1283008	-2.9370718	-3.1500797	-1.7755802	0.5018941	-0.8758798	-0.30999395	1.1800658	-0.22435968
P675	-21.644787	8.433838	-2.3183563	6.293001	0.31184247	2.7240767	-2.1823788	2.9402666	-4.2047806	-4.9499946	3.180308	4.905197	3.3145409	-2.8943465	0.460976	7.2531805	8.533484	5.332639	-2.239808	0.63878256	-5.853335	0.45811775	0.8558712
P628	11.203725	7.7388415	0.33391094	-12.227109	-28.940493	-6.73032	8.426242	11.073567	26.47452	4.159304	22.749517	6.739926	6.6276026	8.1256695	-0.33905888	1.9968054	0.6014252	-3.2727592	1.0402259	2.0824575	-0.008130328	1.3500562	1.9816396
P639	13.312703	-1.6797203	-4.3644915	-1.4691561	-8.708948	0.7387989	-5.444043	-1.8240063	1.3617965	4.461322	-13.176712	1.4144694	-1.624352	-4.842847	4.3685126	-3.5984385	3.1552892	4.8847466	2.6696563	1.2978685	1.1175545	0.82813454	3.7132046
P649	-8.557149	8.680881	-17.08924	43.55434	0.6603859	-9.765496	17.208168	-3.714466	4.539653	18.57494	-8.878877	-18.577667	8.068675	14.764058	0.28273445	1.2823001	2.9932528	1.3607742	-1.737175	-0.67382807	0.4667359	0.55239826	-0.80024624
P661	-55.200134	-29.488964	2.1031692	-4.481777	9.4766583E-4	-26.529644	-11.169719	-4.6902466	1.8978167	1.1294045	0.07677266	-0.99947774	-4.6630745	1.7291161	-0.6089816	-2.4958916	-2.4889808	-1.2255402	0.41245347	-0.15720473	-0.35223237	1.0198513	0.283616
P691	10.080614	2.1459455	-3.2296462	0.2676186	-4.361829	-0.66720754	0.4756901	-0.9408316	-4.932207	1.1237464	-1.9661043	1.9082383	-1.8847678	-6.7903624	5.8000927	-0.9205581	-7.698968	-2.5740156	-9.535805	8.129145	-1.4484051	-2.9647212	-4.603115
P629	14.590864	-2.9237628	-4.2478676	-2.3208532	-10.7964525	1.5141945	-5.6551356	0.9761083	7.0037127	6.540722	-15.864561	2.9744554	-3.013374	-4.762749	6.5980425	-6.0785975	-0.25922906	11.530413	2.6271029	0.8380264	-2.3354223	5.7106967	4.9414334
P640	14.128503	7.128864	-0.4160046	-7.2061834	-22.348797	-1.3921403	2.603123	1.6005076	3.4631953	1.9811699	-8.712518	1.065537	-3.1611035	-2.3865983	3.4024239	-6.599423	-3.8711843	12.923552	0.38286722	-6.1724777	-8.120387	3.8044095	-0.6691527
P650	-8.719478	8.456225	-16.906036	43.289738	0.54408157	-9.702802	17.100187	-3.776216	4.6034527	18.537746	-8.883215	-18.50014	8.088776	14.805489	0.24350822	1.2855607	2.9499736	1.5782299	-1.7214177	-0.5566123	0.5045434	0.49989292	-0.58170056
P662	-55.360172	-29.262106	2.581432	-4.402433	0.122467265	-26.442608	-10.567022	-4.5608015	1.7799897	0.5435215	-0.47354776	-0.761461	-4.5251937	1.4829985	-0.64093256	-2.1002753	-3.1725402	-1.4513042	0.449848	-0.46981746	0.107910916	0.23366092	0.26128897
P55	-56.271534	-29.139114	2.3320224	-4.616409	-0.030785613	-25.94813	-10.503218	-4.5123553	1.7391931	0.34433824	-0.6386366	-0.7060588	-4.051327	1.486116	-0.24683702	-2.1724617	-2.5986326	-1.8373362	0.4119159	-0.24721713	-0.08495967	1.1943201	-0.087251194
P630	11.732708	7.0960345	0.3598723	-12.042424	-28.842268	-6.533495	7.9208913	11.547832	27.221022	4.7017508	23.709988	6.8249755	6.8073344	8.3071785	-0.8012239	2.2463515	0.9597438	-3.880717	1.1650761	2.7813137	1.0242277	1.2345061	2.3367624
P641	7.9950647	7.92282	2.1046278	-11.536156	-26.34238	-7.5616455	11.094494	3.0625975	3.3169277	-2.1571908	2.792181	1.2452765	-1.5489801	0.41804165	1.5108145	-1.6000276	0.5579555	4.873504	-1.4825363	-10.037754	-2.8204374	-2.321398	-8.82327
P651	-56.209343	-29.091486	1.8640333	-4.4041133	-0.28403232	-26.701258	-10.346926	-4.5971513	1.8497868	0.62222624	-0.14402561	-0.6314745	-4.848497	1.7903154	-0.6751865	-2.112274	-2.097427	-1.2044487	0.55672264	-0.47883376	0.25687468	0.9409761	0.43716916
P665	-38.767002	-4.742647	-0.44545862	1.4767585	0.31364164	2.646641	-1.3714981	7.115186	-4.296877	-3.1388686	2.779803	5.256985	5.29691	-4.042194	1.9346054	18.878262	23.92182	18.424913	-14.099482	8.546046	-10.758714	-11.300805	2.1401553
Cartouche	10.733817	-1.712079	-10.678555	-2.3539865	6.805544	1.5868182	-1.167298	1.6831465	1.3618325	-8.74231	5.3051543	-2.1589265	-0.33213308	3.390081	-11.943033	-12.165336	5.866608	1.6560686	-0.98057103	-2.9739676	0.36049506	-2.8832364	4.1994634
P632	3.6883202	10.916759	2.1787636	-10.182324	-23.276314	-7.7093534	7.2641096	2.8025045	5.6929164	-0.120028816	0.775186	0.42809227	1.0842377	1.8420941	1.0931153	1.9138569	-4.6963935	8.089784	0.018398266	-9.214837	-9.397549	-1.9966221	-10.536539
P643	10.967703	-1.020336	-2.9697053	0.7715181	-7.949812	0.17964354	-4.184395	-0.26014003	3.8693042	2.3561306	-9.295021	3.2869773	-2.0822475	-1.5273701	7.2706017	-4.816408	-0.03600837	8.996321	3.4057024	2.6739151	-4.3283834	4.682663	4.6887965
P656	-17.08637	9.666112	-7.753389	27.192558	3.2969794	-3.9483867	6.307951	5.1713696	-0.9676241	-7.622279	9.736745	12.989167	-7.127387	-19.727243	-2.6228757	3.784585	3.0693543	-4.7066483	12.356769	-14.290809	-5.837467	7.5892887	-8.238325
P666	-38.323547	-4.601343	0.3844019	1.4405847	0.3094358	1.5773273	-1.0289384	6.8126364	-4.29685	-2.8308556	2.4526594	4.8976045	5.8297205	-3.5052023	2.0591168	18.582598	23.113256	18.024446	-14.249522	8.394811	-11.583761	-11.441333	2.496435
P38	14.171286	-3.3987815	4.467985	2.7515318	-3.35742	6.173927	-13.842828	-8.399413	-11.880416	18.04991	17.886524	-5.173596	-2.827842	-4.651461	-1.0028931	-5.3328676	-0.48344243	16.41402	5.3846827	-4.7119303	5.869649	-5.169782	5.875915
