17.28803
13.15445
10.38597
8.088171
6.386646
5.74536
4.502525
4.750624
3.849798
3.760049
2.828439
2.247842
2.654081
2.813218
2.730044
1.922066
2.689361
2.513738
2.477029
2.990657
2.29066
2.74076
2.435098
2.298476
2.379421
2.158536
2.994432
2.943759
2.957877
2.945956
3.333401
4.310701
3.361761
3.415551
3.458827
3.256914
2.296729
2.483439
2.281445
2.470301
2.625759
2.510914
2.807316
2.813082
2.470039
2.340796
2.165088
2.647607
3.088776
2.777073
2.411984
2.468389
2.60271
2.645872
2.509505
2.844954
3.066987
3.368162
2.237321
2.355012
2.552592
2.747935
2.233853
2.702772
2.850895
2.82486
3.442444
2.836216
2.433524
2.819006
2.266947
2.35371
2.517607
2.81877
2.35894
2.38146
3.220107
2.906697
2.574711
2.814327
3.247575
2.692144
2.816157
2.770656
2.364047
2.251488
2.603169
2.753535
2.584027
2.287649
2.923244
2.935233
2.749013
2.758913
2.188542
3.215933
3.133314
2.810731
2.964172
3.416224
3.453394
2.94496
2.62855
2.629561
2.508772
2.644099
2.875141
2.474789
2.329543
2.80818
2.751032
2.673477
2.276825
2.732218
2.879223
3.24812
2.529433
2.858928
2.515747
3.244837
2.501442
3.00999
3.124974
3.085563
2.771082
3.320548
2.5945
2.925917
2.780767
2.895816
2.787688
2.334917
2.750624
3.037954
3.07242
2.808511
2.443251
2.108729
2.187585
2.696224
3.07417
3.072181
2.566596
2.681646
2.45667
2.481023
2.769845
2.895654
2.871818
2.468658
2.613827
2.764756
2.664846
2.648536
3.037052
2.5895
2.411242
2.944883
2.511195
3.075418
2.687138
2.130417
2.368108
2.168053
2.979235
2.72826
3.190333
2.675114
2.746329
2.563278
2.433076
2.329865
2.03676
2.081872
2.44758
2.532749
2.520269
2.791765
2.683018
2.525873
2.618646
2.93583
2.686746
3.681229
3.413798
3.709766
3.214305
3.160912
2.943974
3.268232
2.473887
2.574878
2.276846
2.691217
2.320356
2.368473
2.227171
2.082203
2.652719
2.677529
2.530385
2.258558
2.196833
2.126566
2.648928
2.702194
2.781629
2.583095
2.762861
2.593609
2.437643
2.821931
2.534889
2.876363
2.455255
2.370703
2.624882
2.528652
2.446225
3.04974
2.91192
2.443746
2.320609
2.555659
2.777336
2.820825
2.882553
3.224955
3.040737
3.633434
3.580548
3.655039
3.132252
2.732473
2.323071
2.078999
2.192322
2.513231
2.744434
3.055103
2.906637
2.487832
2.369652
3.029
2.300767
2.478158
2.842966
2.810652
2.201403
2.56947
2.168606
2.527109
2.683487
2.667695
2.529401
2.21649
2.373493
2.340071
2.698832
2.566505
3.113851
2.318631
2.163265
2.589208
2.263418
2.180633
2.139487
2.451135
2.33548
2.487441
2.462881
2.976914
2.639437
2.882419
2.712417
2.525372
2.964989
2.645084
2.559288
2.329186
2.426551
3.010588
2.868001
2.989932
2.794736
2.510824
3.040094
3.08153
2.805714
2.619134
3.246665
2.933823
2.828466
2.894823
3.094264
2.757515
3.225771
3.197705
2.428652
2.459232
2.506452
2.717257
2.693934
2.764473
3.205897
3.033787
2.66399
2.753913
2.646277
2.324602
2.454421
2.356286
2.455122
2.400704
3.25631
2.935851
3.013171
3.129931
3.067784
2.797291
2.629465
2.526269
2.113095
2.490272
2.702386
2.977306
2.890439
2.739345
2.834474
2.274556
2.910605
2.662079
2.764233
2.880508
3.170503
2.81695
2.568557
2.588614
2.699685
2.861199
2.631395
3.041984
2.453029
2.572764
2.708593
2.857711
2.643732
2.728293
2.193942
2.709246
2.659015
2.690567
2.943021
2.92126
3.908855
3.835331
4.748134
4.130008
4.158477
5.673805
4.562043
3.406068
3.025667
3.640788
3.055878
2.911249
3.003252
2.828713
2.976921
2.8718
3.745336
2.657384
2.238811
2.704553
2.745163
2.693897
2.525256
2.593025
2.572162
3.106392
2.807059
3.033045
2.533777
2.719536
2.968753
3.581974
3.148719
2.742724
2.652513
2.274658
2.450809
3.118409
3.075977
2.834482
3.356985
3.367728
2.965699
3.474805
2.624989
3.217756
2.730344
3.030766
2.95762
2.679506
2.525763
2.178135
2.498782
2.22239
2.378372
2.201665
2.769735
2.575486
2.491077
2.773168
2.825172
3.152794
2.769347
2.79403
2.49269
2.953623
2.407226
2.462199
2.138457
2.720467
2.562035
3.114938
2.842219
2.70973
2.642029
2.874602
2.90176
2.745128
2.763441
2.888429
2.654395
1.999987
2.428288
2.181992
2.42691
2.592638
2.230631
2.12467
2.474456
2.655128
2.850904
2.696135
2.705297
2.48015
3.13096
2.948246
3.418001
3.469596
3.301023
2.787347
3.080244
2.98997
2.365876
2.680602
2.636292
2.710435
2.327615
2.601637
3.540204
3.161097
3.557171
2.723101
3.38754
3.093875
2.404208
2.380699
2.189163
3.386856
2.794189
2.228776
2.726372
2.440222
2.396488
2.800391
2.962812
2.792592
3.048348
3.017197
2.993664
2.603594
2.098216
1.973495
2.415181
2.405257
2.557152
2.436916
2.281704
2.442205
2.153355
2.944336
3.092956
2.745323
2.894034
2.688372
3.029709
3.619424
3.665582
2.945067
3.054343
2.843269
2.574101
2.32816
2.681399
2.481594
2.518191
2.83704
3.461397
3.307963
2.816822
3.107851
2.691057
2.719389
2.400921
2.917776
3.056337
2.946921
2.217191
2.595891
2.998925
2.695309
2.652272
2.483698
2.561212
2.998704
2.488141
2.164288
2.288935
2.239145
2.544592
2.427139
2.352992
2.470847
2.311822
2.3155
2.924455
2.73393
2.806917
2.853752
2.387106
2.610008
2.877024
3.206452
2.45287
2.937451
3.162359
2.667984
2.907152
2.392879
2.34672
2.770345
2.692616
2.974324
2.774619
2.803208
3.413416
3.163314
2.754304
2.82796
2.594884
2.45191
2.954636
2.652756
2.737348
2.58626
2.471866
2.676382
2.436161
2.537958
2.968349
2.979388
2.896777
3.047468
2.678824
2.902043
2.605642
2.754454
2.628247
2.352097
2.525163
2.935828
3.414741
3.179364
2.283594
3.051305
2.537505
2.372728
2.332246
2.543945
2.955013
3.111388
2.440636
2.452288
2.626239
2.35981
2.595318
2.779114
2.810892
2.618767
2.892051
2.650714
2.392183
2.569163
3.131991
2.523131
2.63832
2.938292
2.372152
2.757568
2.850736
2.956958
2.358868
2.643328
2.393652
2.700557
2.544731
2.27266
2.067327
2.464079
2.069839
2.278662
2.595403
2.764099
2.929457
2.899833
2.721995
3.309594
3.33473
3.147275
2.627253
2.24588
2.339529
3.133649
2.566998
2.675847
2.543755
2.394434
2.317821
2.746274
2.290756
2.210206
2.803539
2.478238
2.894159
2.669491
3.245189
3.166629
2.480918
2.726524
3.57829
3.359166
3.796093
4.371472
3.983655
3.370609
3.544102
3.19538
3.145654
2.963
2.561325
2.612524
2.21792
2.660562
2.929472
2.494375
3.08134
2.579204
2.406418
2.789177
2.612794
2.645861
2.283523
2.483495
2.309774
2.654383
2.778192
2.528119
2.833887
2.764073
2.457832
3.020777
2.754977
2.671198
2.360715
2.500383
2.583458
2.977634
3.011369
3.486354
2.80028
2.734815
2.678276
2.289649
2.11729
2.331855
2.692637
3.072185
2.821565
2.967596
2.903946
2.876703
2.862666
2.703235
2.961683
3.112161
3.794487
2.624159
3.251929
2.501519
2.852884
3.290436
3.334573
3.544723
3.1049
2.469948
2.301305
3.02564
2.445128
2.557023
2.878604
2.854468
2.43965
2.549603
2.753547
2.722286
2.861608
3.299327
3.19811
3.12602
3.05009
3.600629
2.971681
3.531506
2.782273
2.621637
2.742757
2.434632
2.765842
3.167204
2.859409
3.051381
3.269791
2.821378
2.427795
2.937302
2.462993
2.406358
2.392443
2.480344
2.117378
2.809585
2.385232
2.496337
2.76012
2.811193
2.692549
2.724807
2.683059
2.343268
2.650954
2.764866
2.755745
2.491522
3.058292
2.780362
2.46118
2.350708
2.254725
2.230264
2.798721
3.158727
2.978177
3.078011
3.239843
3.460727
3.381137
3.743177
3.71075
3.219626
2.845896
3.463432
3.162463
3.075112
2.352415
2.613349
3.477172
3.515954
3.370532
3.727891
2.755449
2.61497
2.687508
3.350261
3.12933
2.984414
3.290629
2.934287
3.013308
3.055355
2.915098
2.998847
2.497995
2.619496
3.314287
3.717748
3.554893
3.267923
2.761829
2.881815
2.973899
2.544026
2.498344
2.272666
2.208653
3.057516
2.834112
2.406049
3.268093
3.505838
2.856192
2.814253
2.917982
3.197999
3.202354
2.364908
2.472991
2.298937
2.355819
2.792917
3.062594
3.215755
2.944109
2.458388
2.328085
2.818717
2.464329
2.728228
2.729072
2.903271
2.713689
2.707786
2.076998
2.116623
2.24084
2.375899
2.671566
2.59542
3.14007
2.380984
2.662957
2.556756
2.634596
2.57909
2.692373
2.460333
2.813668
2.469773
2.282369
2.141984
2.091365
2.575598
2.713501
2.279553
3.002226
2.666494
2.921235
3.25495
2.611141
2.855985
3.017767
2.62306
2.688498
3.058472
2.599374
2.277447
2.697883
2.56519
2.544928
2.933383
2.350168
2.761295
2.417584
2.211463
2.828519
2.231783
2.726549
2.450439
2.983194
3.12347
3.318517
2.909589
2.399387
2.511284
2.815419
2.010366
2.170036
2.656995
2.962857
3.009745
2.727749
2.716185
2.731691
3.146304
2.768811
2.388504
2.282674
2.499431
2.589858
2.422977
2.272048
2.371288
3.071206
3.335199
2.949857
2.458739
2.658449
2.744396
2.607924
2.698214
2.744768
2.707053
3.237767
3.252717
2.410308
2.572863
3.451493
2.731536
2.223425
2.201648
2.249401
2.742857
2.818383
3.236475
2.77307
2.910705
2.594209
2.652289
2.759957
3.446114
3.543362
3.084568
3.248675
2.413025
2.445671
2.193945
2.65444
3.539615
2.991869
2.134994
2.661422
2.354788
3.150645
3.665674
3.01453
3.047107
2.666871
2.435427
2.418901
3.11272
2.682271
2.520069
2.794349
2.552806
2.429763
2.928542
2.462779
2.756384
2.778492
3.102896
2.653696
3.070989
3.020384
2.834283
2.735016
2.366071
2.896903
3.248746
2.466373
2.688692
2.674274
2.34314
2.030978
2.573436
2.341606
2.913862
2.964659
2.676668
2.484731
2.682926
2.705936
2.550418
2.743756
2.487911
1.965888
2.677225
2.532082
2.39695
2.306451
2.566204
2.795445
2.766959
2.608127
2.261705
2.581659
2.307604
2.177584
2.463117
2.436353
2.573436
2.740329
3.437715
2.925275
2.554136
2.770049
2.840149
2.67368
2.063008
2.633033
2.386123
2.109286
1.890787
2.131848
2.750728
2.55907
2.133735
2.400074
2.675541
2.239069
2.839798
2.980893
3.391173
3.57634
3.067919
2.850272
3.17727
2.386838
2.486676
2.64685
2.298573
2.943948
3.315286
3.742386
3.786363
3.267155
3.021053
2.809767
2.651218
3.889601
3.195747
2.773843
3.045351
2.649524
2.947731
3.157202
3.166307
3.040178
2.481679
2.849919
2.799236
2.948137
2.656095
2.574338
2.618081
2.713408
2.520056
2.843217
3.048078
2.840258
2.828198
2.665037
2.479009
2.754306
2.412842
2.498608
2.731804
3.415047
3.009927
2.509061
2.591874
2.267669
2.291592
2.346078
2.561215
2.384874
2.01578
2.112862
2.547707
2.851048
2.278686
2.675899
2.231114
2.221817
2.665689
2.591642
2.97189
3.399024
2.626565
2.857883
2.561955
3.222945
4.150184
3.114915
3.340245
2.743713
2.529789
2.76296
2.359261
2.823448
2.893303
3.297357
3.308877
3.887621
3.794111
3.06554
3.253805
3.16928
2.350747
2.965663
3.057515
3.638949
2.956459
2.564709
2.256206
2.344413
2.336727
2.48014
3.221298
2.298916
2.668077
2.726436
2.261892
2.394845
2.834754
2.522438
2.466848
2.841308
2.9997
2.878992
2.491845
2.785364
3.042548
2.827959
2.297329
2.998717
2.685228
2.3848
2.143623
2.584432
2.348403
2.237346
2.680974
3.110264
2.729145
2.543832
2.203685
2.330748
2.329785
2.69723
2.559979
2.916119
2.902689
2.862621
2.890352
2.800484
2.605997
2.628904
2.889879
2.545116
3.019262
2.818387
3.564576
3.153034
2.674157
2.76209
2.587807
3.287133
2.680179
3.709286
3.816988
2.661633
2.652334
2.069521
2.708419
2.844507
2.689019
2.717383
2.547963
2.540136
2.350315
2.984547
2.560263
2.40155
3.12822
3.46212
3.23966
2.636168
2.923296
2.754462
3.19099
3.183569
3.087044
2.931253
2.779884
3.195829
3.186022
2.720224
2.43101
2.563071
3.012174
2.781477
2.597579
2.238659
2.612311
3.238697
2.912248
2.637859
3.096052
3.031137
3.032052
2.914337
2.873061
2.362118
3.072623
3.76666
3.18148
3.309556
2.467601
2.593023
2.654937
2.79448
3.132898
2.800742
3.292
2.709602
2.960139
3.219289
3.034722
3.06973
3.037638
2.580706
2.230299
2.302594
2.885793
2.670769
3.01705
2.46597
2.476967
2.881383
2.900161
2.645133
2.696638
2.821543
2.284466
2.354344
2.476927
3.021241
2.495155
2.702811
2.73713
3.05208
3.284339
3.017285
4.229425
3.259837
3.079993
2.943672
2.868741
2.456063
2.627735
2.607805
2.833685
3.198968
3.160445
3.269632
2.33014
2.832914
3.124982
3.804313
2.788831
2.814104
2.772168
3.089473
2.942944
2.967944
2.903761
2.572348
2.804702
2.720952
2.451459
2.675979
2.64422
2.657676
2.834534
3.069103
3.571158
2.894183
4.067371
3.341034
2.704279
2.958482
2.591908
2.915426
2.350797
2.540701
2.812238
3.051475
2.955705
2.743197
2.513864
2.431624
2.311118
2.561459
2.706991
3.046277
3.097541
2.643434
2.912227
3.298798
2.634027
2.193693
2.808333
2.610526
3.403553
2.653787
2.980915
2.182316
2.454183
2.559466
2.503352
2.592548
2.568264
3.038176
3.111057
2.565834
2.682032
2.617899
2.7717
2.778692
2.983966
3.969757
3.707032
3.359379
3.247667
3.25557
3.5772
3.359629
3.370742
3.22155
3.689185
3.418472
2.82665
2.628988
2.430394
2.623818
2.647703
2.677426
2.531007
2.403247
3.068657
2.78079
2.641937
2.346469
2.501015
2.137103
2.963797
2.895592
2.743575
2.662105
2.391003
2.446549
2.409261
2.800672
3.169284
3.138755
2.398986
2.781659
3.049873
2.951082
2.927497
3.448506
3.474901
2.88859
2.658625
2.772977
2.83956
2.735874
2.679718
2.431879
2.571534
2.742057
2.607371
2.636338
2.805563
2.841445
2.069992
2.628275
2.770992
2.329036
2.303304
2.530495
2.404022
2.805983
2.980745
2.41351
3.093947
2.763014
2.052419
2.727586
2.672458
3.112598
3.239821
2.846817
3.18625
2.612469
2.436763
2.418023
2.892071
2.55308
2.682045
2.434445
2.311621
2.597495
2.495645
2.137722
2.494913
2.962891
2.941968
3.225949
2.695093
2.654999
2.434318
2.490333
2.810757
2.939588
2.717597
2.357249
2.260933
2.605643
2.438598
2.520948
2.422751
2.8702
2.920424
2.452321
3.124089
4.033746
2.896618
3.108932
2.968654
2.806234
2.692986
2.655039
2.887296
2.978498
3.069752
2.946579
2.543608
3.050527
2.782572
2.513595
3.066257
2.734485
2.372095
2.328442
2.500444
2.705127
2.943773
3.205164
3.042484
2.587701
2.521362
3.178687
2.916635
2.421475
2.4376
2.570364
2.377643
2.385943
2.776551
3.014254
2.96252
2.740258
2.553921
2.204592
2.190656
2.689544
2.713736
2.787195
3.179445
2.919876
2.383478
3.481473
2.726829
2.479091
2.591416
2.720744
2.152411
2.40323
2.528517
2.630231
2.399149
2.209
2.480568
2.474323
2.344511
2.422057
2.977674
2.622969
2.604436
3.055729
2.926295
2.650926
2.612361
2.484841
2.735411
3.052757
2.630926
2.85264
2.927378
2.59512
2.515748
2.734512
2.406946
2.362964
2.678446
2.227196
2.928571
3.091081
3.308626
2.90592
2.837166
2.903334
2.480983
2.378046
2.056302
2.533442
2.396851
2.023387
2.164186
2.000833
2.131306
2.337474
2.497855
2.620389
2.439
2.775519
2.902473
2.936171
2.698594
2.748741
2.832798
2.828118
3.165557
3.006634
3.02301
3.162776
3.001885
2.658465
2.191983
2.572201
2.781821
2.831208
2.426336
2.575788
2.513302
2.616506
2.371863
2.786434
3.061557
2.942031
2.458027
2.667176
2.258348
2.377821
2.812812
2.366458
2.064887
2.308868
2.493284
2.131466
2.962624
2.843037
3.113692
3.414482
3.789025
3.402089
3.01592
2.448615
2.654704
2.60253
2.67335
3.239568
3.020363
3.077277
2.731354
2.772155
2.890356
2.728947
3.025913
2.808575
2.803477
2.648889
2.876193
2.685346
2.472164
2.681983
2.452277
2.981061
3.343991
2.704616
2.390685
2.711608
2.326079
2.372358
1.957048
2.444399
2.674922
2.53773
2.105164
2.19703
2.527093
2.853345
2.21904
2.040894
2.524199
2.495054
2.565054
2.406802
2.414536
3.024689
2.620666
2.699547
2.435327
2.451718
2.318697
2.93732
3.01175
2.798283
2.501465
3.165379
2.961858
3.2155
3.22306
2.770201
3.087361
3.154183
2.658133
2.475298
2.8575
2.429519
2.686526
3.080991
3.085886
3.420903
3.056038
2.849271
2.791149
3.255808
2.621082
2.487211
2.955231
2.452511
2.714958
3.086015
2.588526
2.620803
2.659786
2.576085
2.626019
2.269473
3.118205
2.116693
2.946061
3.030134
2.460668
2.117879
2.680253
2.582885
2.516391
2.219274
2.511363
2.838977
2.741368
2.742761
2.918316
2.652644
2.477128
3.339918
2.820126
2.583475
3.070583
2.531302
2.830472
2.652153
2.650681
2.410854
2.299412
2.521796
2.401574
2.299557
2.52654
2.53182
2.686835
2.28714
2.27195
2.446351
2.745772
2.942266
3.149708
2.240444
2.28895
2.227095
2.839114
2.967458
2.892357
2.376874
2.408196
2.77194
2.551695
3.241516
4.04034
3.648094
3.291579
2.404699
2.637241
3.29762
2.677087
2.880677
2.828051
2.898167
2.949327
3.089808
2.563988
2.590882
2.30069
2.119161
2.070014
2.464119
2.414947
2.502163
2.339071
2.370498
2.51112
2.336886
2.565075
2.824017
3.361235
3.105209
3.006308
3.130726
3.336504
2.731014
2.786685
3.124961
2.726899
2.881743
2.980454
2.252789
2.097515
2.305818
2.426158
2.803816
2.929819
2.834054
2.260108
2.405141
2.226779
2.266926
2.465431
2.702892
2.933547
3.034677
2.65431
2.229792
2.50173
2.612641
2.286792
2.76703
2.75791
2.593367
2.562832
2.509968
2.916968
3.231073
2.762528
2.795577
3.059782
2.593325
3.107324
2.845154
2.669471
2.418944
2.377147
2.235754
2.568397
2.742514
2.631737
2.309729
2.36375
2.426401
3.062024
2.549319
2.820997
3.252583
2.554114
3.230492
2.691441
2.798767
2.560715
2.098076
2.059815
2.114852
2.651107
2.6938
2.619522
3.127085
2.524585
2.660993
2.717851
2.725974
2.689763
2.911095
2.878377
2.873672
2.960229
2.610075
2.580194
2.531412
2.624919
2.784537
2.496907
2.50729
2.387879
2.705128
2.848857
2.692837
2.633536
2.681168
2.354426
2.616835
3.257701
3.056135
2.454452
2.634187
2.733777
2.853442
2.859244
2.756195
2.579578
2.517763
2.511458
2.199036
2.900934
3.138653
3.13007
2.368253
2.346657
2.277819
2.770051
2.368331
2.288075
2.332725
2.223249
2.138676
3.071405
2.896787
2.687577
2.661937
2.713446
2.405963
2.778032
2.705887
2.803134
2.347467
2.191381
3.319078
2.935448
2.191947
2.746657
2.666811
2.928073
2.949865
2.509702
2.758188
2.351598
2.200929
2.998174
2.270834
2.260268
2.422375
2.905083
2.491102
2.304288
2.155755
2.63146
2.960387
2.820882
3.004436
2.796503
2.860948
2.738512
2.913104
2.534091
3.04746
3.155541
2.959686
3.416075
3.467546
3.141769
3.061454
3.272362
2.569356
2.622717
2.896806
3.052729
3.202366
3.614096
3.126322
3.281368
2.526147
2.735584
2.61186
2.053536
2.876168
2.599227
2.748475
2.957303
2.639612
2.607852
3.422996
2.854813
2.815217
3.347146
2.397931
2.409075
3.015742
2.570984
3.397773
3.191247
3.516516
3.099609
3.038392
2.674203
2.90063
2.891313
2.991997
3.054536
2.9735
2.794228
2.857914
2.525644
2.538122
2.359196
2.452789
2.66307
3.24431
2.982202
3.146167
3.456677
3.136646
2.911797
2.499079
2.984503
2.423099
2.425931
2.712628
2.654738
2.320583
2.466332
2.726495
2.684684
2.658043
2.231254
2.945251
2.213446
2.60523
2.424118
2.878709
2.631951
2.764912
2.84632
2.86244
3.072926
2.68746
2.627989
2.870614
2.674478
3.180899
2.760517
2.511151
2.900872
3.315994
2.89004
2.135554
2.973204
2.771456
2.225593
2.35155
2.683615
2.532559
2.01219
2.780015
2.405827
2.65196
2.871128
3.029428
2.278739
2.781834
2.567438
2.959201
2.883956
2.417936
2.71607
2.596351
2.328458
2.087915
2.302932
2.297099
2.667355
2.476938
2.466732
2.104801
2.613748
2.338838
2.622147
2.033758
2.479453
2.55685
2.704364
2.516026
2.813305
2.999108
3.038567
3.253427
2.529895
2.48069
2.961399
2.728138
2.624011
2.21418
2.378518
2.268071
2.534813
3.007143
2.54139
2.843547
2.733281
2.56728
2.906994
3.159654
3.34206
2.736291
3.029684
2.580384
2.165479
2.06424
2.36033
2.571235
2.537606
2.864212
2.592709
3.187674
2.854373
2.567899
2.698185
3.075854
2.779167
2.299332
3.1315
3.008387
2.897039
2.188127
2.399905
2.583813
2.768785
2.864135
2.624227
2.902238
2.904035
2.473799
2.643207
2.08481
2.948112
2.628402
2.521614
2.957516
2.713776
2.407547
2.655074
2.698163
3.175047
4.69565
4.188886
2.822245
2.496553
2.448164
2.400968
2.56245
2.71133
2.998181
3.240264
2.906799
3.091254
2.798879
2.547784
2.550492
2.631549
2.28974
3.074412
3.082234
2.587731
2.464918
2.500386
2.565284
2.865771
3.480992
3.1677
2.750753
2.793694
2.594925
2.096688
2.851408
2.843057
2.746815
3.130358
2.253061
2.226294
2.497788
2.669025
2.808906
2.856281
2.524704
2.957658
2.097511
2.382268
3.013284
3.310168
3.043076
2.966996
3.328288
2.527555
2.439489
2.366327
2.209677
2.738988
2.326615
2.570448
2.26494
2.332146
2.086313
2.758057
2.676297
3.219006
3.08138
2.574845
2.648039
2.332155
2.92263
3.122821
2.371209
2.490457
2.385593
2.561109
2.218678
2.745179
2.339899
3.009026
2.525719
2.944901
3.157827
2.943435
2.642
2.997174
2.630781
2.771574
2.666289
2.313265
2.703133
3.31032
2.97998
3.686982
2.694876
2.892759
2.756753
2.762191
2.945021
3.143068
2.684553
2.855917
2.774818
3.226143
2.867497
2.916912
2.853572
2.630441
3.398417
2.809001
3.347946
2.892985
2.966248
3.085014
2.88373
2.966
2.59281
2.529157
2.357376
2.596794
2.212178
2.572694
3.010504
2.854634
2.754808
3.036517
2.418638
2.221194
2.507144
3.019559
3.067807
2.599349
2.693205
2.296969
2.541704
2.428413
2.363124
2.38467
2.145881
2.55972
2.55606
2.900985
2.47646
3.004233
2.686086
2.890529
2.425457
2.725533
2.900162
2.591294
3.635762
3.515905
3.524074
2.577194
3.074015
3.662177
3.795036
3.460484
2.980938
2.856352
2.710443
2.492772
2.790655
3.130434
3.306497
3.380979
2.852509
3.207259
3.744102
4.056025
3.466545
3.374087
3.442382
3.030659
3.296659
2.692785
4.302991
3.665608
3.069917
2.501854
2.269751
2.296551
2.257923
2.366605
2.447309
2.486252
2.635129
2.530371
3.041283
2.648501
3.027209
3.723257
3.085382
3.278696
3.469773
2.900103
2.499676
2.589701
2.922826
3.031859
2.814945
2.753058
3.384313
3.28125
3.139771
3.128221
2.158624
2.402216
2.708173
2.596922
2.214739
2.603024
2.281109
2.695689
2.727382
2.461654
2.899344
2.632078
3.039746
2.646216
2.74653
2.584553
2.521801
2.518023
2.549212
3.568185
2.74503
2.257314
2.437764
3.050067
3.616007
2.827832
2.749996
2.363047
2.962983
2.960584
2.82426
3.363619
3.02527
3.085439
2.688074
2.284416
2.130293
2.270778
2.23393
2.3242
2.608236
2.910153
2.590004
3.287906
3.365123
3.123368
2.706032
3.383915
2.723867
2.889808
2.650256
3.049381
3.017469
2.807715
3.399974
2.908481
2.632061
2.567185
2.669171
2.2691
2.642799
2.974366
2.798592
2.768035
2.59943
2.629066
2.648912
2.769882
2.672534
2.809875
3.223806
2.825388
2.919016
3.069804
2.554483
3.099931
2.680436
2.776772
3.297215
2.897768
2.738135
2.483361
2.773944
2.827056
2.515078
3.067091
2.761299
2.478777
2.506323
2.436337
2.156347
2.48843
2.431895
2.779068
2.685832
2.37313
2.740787
2.602825
3.213182
2.663996
2.911803
2.376066
2.424627
2.837077
