factor(envID)3 factor(envID)5
0.4165626 0.3568049
0.5888599 0.4786247
1.180715 0.6980234
0.9991778 0.4455697
1.223446 0.5877872
1.306308 0.8573844
1.386542 0.8977251
1.331109 0.8275318
1.401724 0.6931847
0.9960859 0.3815915
0.8672253 0.6458937
0.984204 0.780621
0.9612908 0.6917573
1.171555 0.6341603
1.089411 0.4726621
1.029122 0.4389808
0.8465939 0.5619902
0.9497019 0.5825641
1.181219 0.8984151
1.11374 0.6412129
0.751587 0.09402687
0.1207908 -0.2999469
0.9301783 0.1305968
0.608076 -0.08379841
1.13272 0.3247612
0.7242432 0.3248445
1.287272 0.7127935
1.112914 0.8755796
1.551129 1.16535
0.9380714 0.4605735
1.179834 0.5842904
1.39146 0.5491488
1.071197 0.8313933
0.9103096 0.6480526
0.660789 0.07493627
0.6001521 -0.02127922
0.2578574 -0.04258418
0.3348584 -0.1369799
0.357625 -0.1571876
0.4868193 -0.2009982
-0.1342848 -0.5192052
0.06757154 -0.3762043
0.2363058 0.05625101
0.4772634 0.04539421
0.4254072 0.1240814
0.4141315 -0.2308836
0.6647687 -0.1566317
0.6425416 0.3238769
0.8613827 0.94661
0.6244532 0.5037954
0.1922379 -0.1168439
0.4340962 0.002981382
0.9104165 0.8077602
1.003689 0.7146003
0.3665362 0.2037563
0.6761551 0.6254806
0.7760331 0.3135933
0.7462035 0.3037628
0.6973987 0.1942437
0.5581943 -0.2661091
0.6937216 0.2416706
0.467227 0.3157182
0.3846545 -0.2071757
-0.1564035 -0.8182257
-0.209651 -0.5938089
0.340597 -0.6131796
0.2043649 -0.3836145
-0.1959179 -0.6125116
-0.1924188 -0.9280127
-0.2404014 -0.8446469
-0.703632 -0.8852017
-0.814055 -1.343847
-1.518538 -1.456923
-1.390507 -1.691558
-1.280111 -1.589923
-1.109002 -1.491123
-1.025035 -1.455202
-0.9921113 -1.475537
-1.225028 -1.635361
-0.5271814 -0.8530629
-0.2059753 -0.7827128
-0.4023569 -1.077312
-0.5282505 -1.144924
-0.5068302 -1.034605
-0.04512538 -0.4109721
-0.3933341 -1.097897
-1.224335 -1.376667
-0.8030135 -1.543844
-1.070756 -1.475504
-0.6691073 -1.251961
-0.7828815 -0.9593813
-0.8522546 -1.397261
-0.6976624 -0.9779873
-0.8523889 -1.079517
-0.6705504 -1.226509
-0.9274696 -1.293016
-1.562869 -1.937773
-1.242599 -1.718682
-0.3918512 -1.142066
-0.5932931 -1.250063
-0.7326404 -0.9676916
-0.6437748 -1.294814
-0.8862677 -1.427851
-1.228669 -1.382581
-1.011884 -1.630388
-0.9267054 -1.761625
-1.547538 -1.928386
-1.44871 -2.121484
-1.851177 -2.34395
-1.93301 -2.237777
-1.319829 -1.915669
-1.746261 -2.026042
-1.281154 -1.871919
-0.8491587 -1.532661
-1.186837 -1.710156
-1.440901 -1.717936
-1.357012 -1.711076
-1.273725 -1.545049
-1.140463 -1.8718
-1.088725 -1.556459
-0.9793559 -1.659951
-1.016128 -1.160962
-0.9019271 -1.479054
-1.011308 -1.306074
-1.043269 -1.518815
-1.276156 -1.513618
-1.402753 -1.831416
-1.211472 -1.603191
-1.314194 -1.850566
-1.361754 -2.142561
-1.776042 -2.125525
-1.852812 -2.290907
-1.663375 -2.077619
-2.208045 -2.331535
-2.279009 -2.620539
-1.800929 -2.332301
-2.230621 -2.699152
-2.588748 -2.924897
-2.744191 -3.083786
-2.98631 -3.474361
-2.929276 -3.290344
-2.753727 -3.308054
-3.154994 -3.823637
-3.334755 -3.929913
-2.354405 -3.05085
-2.324098 -2.968715
-2.052388 -2.661172
-1.927163 -2.941547
-2.36286 -2.649702
-2.098288 -2.527644
-2.033729 -2.71008
-2.044468 -2.527177
-1.94551 -2.238455
-1.864383 -2.351917
-1.845718 -2.089126
-1.588998 -2.060369
-1.956128 -2.49193
-2.083408 -2.857385
-2.439662 -3.123325
-2.393967 -2.905039
-2.292587 -2.978005
-2.58891 -3.268672
-2.575174 -2.935734
-2.772223 -3.067629
-2.559173 -2.943224
-2.521546 -2.892639
-1.748856 -2.269854
-1.885317 -2.115457
-1.831557 -2.065304
-1.892508 -2.384321
-1.495224 -1.816216
-2.01942 -2.560507
-1.897042 -2.183275
-1.874086 -2.026732
-1.985628 -2.548684
-1.561377 -2.048923
-1.686342 -2.007036
-1.197001 -1.913259
-1.455838 -1.546537
-1.598425 -1.812851
-2.034082 -2.395056
-2.159461 -2.759519
-1.589737 -2.161219
-1.805959 -2.279483
-1.750477 -1.952994
-1.863232 -2.297607
-2.494424 -2.651634
-1.865534 -2.624009
-2.197808 -2.581308
-2.394838 -2.852156
-2.161692 -2.623881
-1.981087 -2.508715
-1.886263 -2.037775
-1.832156 -2.195707
-2.287618 -2.476128
-2.07451 -2.607787
-2.18039 -2.276902
-1.998869 -2.460956
-2.148632 -2.563399
-2.187896 -2.529858
-2.140455 -2.574998
-2.358176 -2.577922
-2.194299 -2.672246
-1.833975 -2.366636
-2.074485 -2.540232
-2.118113 -2.5174
-1.797615 -2.443314
-2.778718 -3.249813
-2.99577 -3.665717
-3.387553 -3.746236
-3.416932 -3.721938
-3.368053 -3.513437
-3.332498 -3.887378
-3.112481 -3.581571
-3.527931 -3.922732
-3.460018 -4.325366
-3.359047 -3.933111
-3.380978 -3.805353
-3.410265 -3.887326
-3.20184 -3.76631
-3.662425 -3.972491
-3.269759 -4.092631
-3.008127 -3.439596
-3.052525 -3.131228
-3.062703 -3.223691
-2.795446 -3.294571
-2.407115 -2.779456
-2.519677 -3.179954
-2.533839 -2.926968
-2.402992 -2.790661
-2.56274 -3.161646
-2.366065 -2.95336
-2.358345 -2.46945
-1.790743 -2.31661
-1.945452 -2.671886
-1.517901 -1.995881
-1.656115 -2.219954
-1.852399 -1.900741
-1.472331 -2.043771
-1.140985 -1.93209
-1.039215 -1.708483
-1.177286 -1.452391
-1.113651 -1.636656
-1.132811 -1.507216
-1.703588 -2.112783
-2.153045 -2.648821
-2.361346 -2.741203
-2.41873 -2.892383
-2.589023 -3.054426
-2.426535 -3.070298
-2.541799 -2.722983
-3.049466 -3.530917
-3.079132 -3.465117
-2.80077 -3.31417
-2.910104 -3.346016
-2.934247 -3.417415
-2.979366 -3.408495
-2.931883 -3.467092
-3.306949 -3.607682
-3.054583 -3.645218
-2.950354 -3.232331
-2.630739 -3.34654
-2.762584 -3.11775
-3.012892 -3.137764
-2.37161 -2.908088
-2.129833 -2.484327
-1.828508 -2.110527
-2.616355 -2.81133
-3.200934 -3.51988
-3.337004 -3.749125
-3.399115 -3.924079
-3.099175 -3.581023
-3.07844 -3.766998
-3.221429 -4.125937
-3.800252 -4.124634
-3.726003 -4.039677
-4.072618 -4.441278
-4.68697 -4.887217
-5.303505 -5.14458
-5.014639 -5.598149
-5.287965 -5.683761
-5.381487 -6.240549
-5.044334 -5.565557
-5.023181 -5.714533
-5.118983 -5.495004
-5.012499 -5.27549
-5.148549 -5.305167
-5.207496 -5.737279
-5.480465 -5.838959
-5.125152 -5.528571
-5.372056 -5.940107
-5.667971 -6.301546
-5.538303 -6.050148
-5.447946 -5.956304
-5.222705 -5.709326
-5.542982 -6.077238
-5.995233 -6.411407
-5.968881 -6.369629
-6.24423 -6.73329
-5.907741 -6.41332
-6.078297 -6.36079
-5.971885 -6.541585
-6.11616 -6.735698
-6.537361 -6.967333
-6.999599 -7.199175
-6.765056 -7.308746
-7.003783 -7.575258
-6.741151 -7.42089
-6.722389 -7.096274
-6.375615 -6.887179
-6.771879 -7.121436
-6.375421 -6.542286
-7.119783 -7.215719
-7.213806 -7.574495
-7.255342 -8.078297
-7.766916 -8.129165
-7.135702 -7.600546
-7.54495 -8.123223
-7.486663 -8.130806
-7.673279 -8.076403
-7.909736 -8.30432
-7.667191 -7.993106
-6.838829 -7.678296
-7.430975 -7.856227
-7.748377 -8.151547
-7.704096 -8.442401
-7.698898 -8.006863
-8.210199 -8.564158
-8.781249 -8.693081
-8.034732 -8.632076
-7.954905 -8.578807
-8.329591 -8.705454
-8.062148 -8.247955
-7.81025 -8.518339
-7.402371 -7.852734
-7.608397 -7.976049
-7.735645 -8.350516
-8.145872 -8.382559
-7.947254 -8.657796
-7.922627 -7.893751
-7.578899 -8.029041
-7.734203 -7.798375
-7.756499 -7.979011
-7.602283 -7.95444
-7.609988 -8.202478
-7.831436 -8.069728
-7.63913 -8.43541
-7.796887 -8.47315
-7.59853 -7.54112
-7.812994 -7.708725
-7.558368 -7.882178
-7.583042 -8.056567
-7.735397 -8.212053
-7.710991 -8.367055
-8.382862 -8.873993
-8.76066 -9.109035
-8.373091 -8.983312
-8.12389 -8.276426
-8.106986 -8.453141
-7.651964 -8.090246
-7.86581 -8.185304
-8.114178 -8.476582
-7.505632 -7.879001
-7.552145 -7.819375
-7.464852 -7.816876
-7.41878 -7.91091
-7.681798 -8.084511
-7.599626 -8.109072
-7.781384 -7.968263
-7.299889 -7.823072
-7.234324 -7.568186
-6.810402 -7.148482
-7.161621 -7.406132
-7.108503 -7.294245
-6.458347 -6.991968
-6.475272 -6.899811
-6.584719 -6.735964
-5.982587 -6.454251
-6.562218 -6.859711
-6.477353 -6.816443
-7.192954 -7.387906
-7.23985 -7.746343
-7.302807 -8.046471
-7.764196 -8.442089
-8.395187 -8.673513
-8.490863 -8.771727
-9.050096 -9.013084
-9.099228 -9.239888
-8.594877 -8.859571
-7.858224 -8.378411
-7.550593 -7.900183
-7.614119 -8.050522
-8.024485 -8.529069
-7.950656 -8.507867
-7.895851 -8.142917
-7.381018 -7.680428
-7.755339 -8.161867
-7.666114 -8.080026
-7.673394 -8.134647
-7.69386 -8.242902
-7.916323 -8.392284
-7.679514 -8.032799
-7.880776 -8.277539
-7.923001 -8.343536
-8.295205 -9.054705
-8.804209 -9.354873
-9.069602 -9.582456
-8.992596 -9.526297
-9.132383 -9.57321
-9.266189 -9.877195
-9.576964 -10.17833
-10.0923 -10.34289
-10.12225 -10.44859
-9.515431 -9.795104
-9.826011 -10.06357
-9.699861 -9.835983
-9.760102 -10.24207
-9.444767 -9.873833
-9.549832 -10.40828
-10.11363 -10.52696
-9.965397 -10.17728
-9.399897 -10.1146
-9.842914 -10.56254
-9.843951 -10.36711
-9.792311 -10.1004
-9.882893 -10.48103
-9.67175 -10.51472
-9.295396 -9.788015
-9.141463 -9.875111
-9.246283 -9.491744
-9.571897 -9.695523
-9.720139 -10.29342
-10.03573 -10.21329
-10.02862 -10.53732
-9.970197 -10.46135
-9.819996 -10.03871
-9.545021 -9.865756
-9.506457 -9.792481
-9.042218 -9.811798
-9.457837 -9.906275
-9.513831 -10.1133
-10.01608 -10.36924
-10.07581 -10.27631
-9.707352 -10.59763
-9.466592 -10.00101
-9.585123 -9.91364
-9.77532 -10.13753
-9.679572 -10.13326
-9.935083 -10.27512
-10.04952 -10.74096
-10.62173 -10.95041
-10.66277 -11.27082
-10.66727 -11.14375
-10.866 -11.20832
-11.404 -11.77418
-11.28413 -11.86597
-11.58006 -12.02456
-12.12148 -12.55042
-11.87534 -12.2746
-11.51628 -11.91005
-11.27095 -11.88488
-11.70764 -12.09672
-11.64063 -12.07992
-12.07106 -12.41766
-11.59595 -12.19001
-11.34705 -11.68843
-11.30688 -11.5524
-11.06772 -11.6809
-11.28752 -11.26082
-11.34855 -11.60504
-11.46846 -11.5465
-11.55446 -12.05816
-11.33245 -11.59352
-10.86776 -11.67242
-11.17647 -11.43967
-10.89656 -11.00004
-10.56089 -10.76229
-10.30454 -10.63246
-10.5282 -11.21652
-10.35203 -10.8072
-10.77441 -11.41402
-11.19511 -11.6058
-11.49816 -11.46826
-12.07228 -12.59573
-12.36339 -13.0442
-11.83761 -12.4668
-11.99874 -12.36396
-11.70527 -12.17514
-12.10767 -12.31163
-11.90478 -12.01518
-11.88945 -12.43191
-11.97466 -12.51689
-12.07937 -12.60716
-12.11416 -12.56264
-12.05252 -12.18404
-11.76362 -12.35686
-11.47679 -11.64371
-11.33293 -11.78693
-11.59601 -12.03293
-11.51903 -11.76141
-11.69062 -11.96746
-11.45093 -11.89507
-11.05255 -11.82241
-11.34836 -11.8038
-11.35677 -11.75647
-11.09243 -11.98298
-10.95216 -11.58872
-11.23414 -11.703
-11.03897 -11.35413
-10.81949 -10.86848
-10.62757 -11.50192
-11.12726 -11.53777
-10.59466 -11.00893
-10.03845 -10.46941
-9.836714 -10.15045
-9.629694 -10.33319
-9.776077 -10.40891
-10.35817 -10.53634
-9.936819 -10.48196
-9.886257 -10.8025
-10.2257 -10.60165
-9.646172 -10.19567
-9.815364 -10.24762
-9.680258 -10.23976
-9.634485 -10.34047
-10.21199 -10.62965
-9.968349 -10.47306
-10.41598 -10.92292
-10.35396 -10.75394
-10.44845 -10.79039
-10.34769 -10.80741
-9.439442 -10.21316
-9.977033 -10.1811
-10.28311 -10.85465
-10.54202 -10.86491
-10.32852 -11.14869
-10.23555 -10.6756
-9.929466 -10.36587
-10.58781 -10.79266
-11.13489 -11.47479
-10.96681 -11.56212
-10.61161 -11.29923
-11.4302 -11.68641
-10.87986 -11.22563
-11.00459 -11.28315
-10.68058 -11.42346
-10.65655 -11.22469
-10.65976 -10.91456
-10.6532 -11.20453
-10.65043 -11.12507
-10.81343 -11.66987
-10.83855 -11.15692
-10.37722 -11.02655
-10.87187 -11.1402
-10.70936 -11.10472
-10.61995 -11.06679
-10.719 -11.11074
-10.54562 -10.62862
-10.64458 -10.96663
-10.78749 -11.12416
-10.73211 -11.55533
-11.06423 -11.6039
-10.86265 -11.5884
-11.00469 -11.3018
-11.21355 -11.50192
-11.45852 -11.88408
-11.90144 -12.26708
-12.18185 -12.59991
-11.74954 -12.20826
-12.31657 -12.49708
-12.42256 -12.77572
-12.6449 -13.19196
-12.72084 -13.04648
-12.5287 -12.78024
-12.65173 -13.20123
-12.91915 -13.58823
-13.14242 -13.53474
-13.13513 -13.52351
-13.36379 -14.07669
-13.59273 -14.30995
-13.88799 -14.36851
-13.56461 -13.99834
-13.54645 -13.90554
-14.04635 -14.57147
-13.50302 -13.9964
-13.27745 -13.90217
-13.13819 -14.05947
-13.60754 -13.85148
-13.26798 -13.90851
-14.07199 -14.49831
-14.29514 -14.65986
-14.34965 -14.88759
-13.8822 -14.42628
-13.7584 -14.03696
-13.52484 -13.97148
-13.35634 -13.85609
-13.25584 -13.90406
-12.98371 -13.66528
-12.80321 -13.18116
-12.6377 -13.36813
-12.76655 -13.07327
-13.0252 -13.00144
-12.57778 -13.3036
-12.99753 -13.50619
-13.04564 -13.60877
-13.88227 -14.38585
-13.92234 -14.60184
-13.99014 -14.7225
-13.957 -14.46159
-13.69454 -13.94472
-13.56041 -14.19105
-13.64852 -14.20392
-13.7883 -13.93104
-13.5992 -13.89815
-13.53035 -14.44276
-13.24341 -13.81026
-12.81307 -13.52598
-13.66865 -13.73468
-13.51958 -14.11987
-13.26718 -13.5811
-12.68713 -13.45254
-12.84379 -13.14132
-12.54508 -13.16347
-13.27574 -13.6768
-13.27518 -13.89046
-13.20703 -14.20459
-13.57603 -13.98982
-13.23594 -13.67407
-13.39017 -13.84365
-12.97277 -13.30757
-12.39336 -12.87598
-12.08228 -12.73139
-11.60599 -12.5907
-11.80227 -12.22617
-11.69643 -12.10723
-11.68227 -11.92238
-11.23208 -11.70516
-10.8693 -11.77969
-10.63447 -11.13019
-10.57278 -10.76151
-9.829409 -10.24383
-8.957357 -9.636079
-9.267576 -9.724096
-8.894803 -9.595032
-8.703368 -9.377643
-8.924842 -9.142767
-8.892625 -9.366527
-8.736298 -9.30915
-8.805518 -9.318043
-9.39982 -9.396768
-9.279205 -9.716616
-9.537535 -10.01893
-9.488512 -9.873402
-9.546486 -10.22604
-9.314353 -10.0652
-9.573312 -10.25879
-9.811309 -10.20504
-9.737876 -10.46154
-9.908374 -10.31961
-9.627613 -10.15682
-9.379877 -9.85971
-8.893993 -9.320232
-8.720269 -8.898443
-8.046363 -8.575766
-8.654185 -9.21572
-8.337767 -9.068388
-9.125106 -9.53068
-8.514545 -9.303433
-8.706555 -9.125176
-9.220507 -9.792731
-9.408398 -10.40796
-9.520764 -9.710549
-8.896758 -9.674947
-8.676196 -9.320255
-8.992648 -9.646272
-9.228352 -9.360132
-8.387589 -8.932464
-8.522062 -8.96277
-8.918517 -9.554231
-8.851922 -9.201635
-9.343319 -9.607001
-9.124226 -9.704347
-9.12126 -9.540452
-9.390303 -10.08074
-8.98434 -9.448457
-8.69966 -9.010444
-8.385494 -8.971023
-8.386915 -8.696648
-8.183551 -8.943343
-8.365551 -8.905733
-8.328099 -8.716195
-8.591945 -8.817252
-8.770013 -9.526511
-9.607756 -9.667133
-9.91461 -10.00414
-9.682064 -9.976762
-9.998758 -10.33811
-9.885007 -10.27453
-9.685088 -10.51958
-9.586335 -10.24506
-9.457114 -10.00078
-9.290086 -9.737812
-9.355905 -9.771338
-9.269635 -9.47256
-9.211884 -9.529269
-9.990314 -10.24916
-10.49597 -10.88924
-10.40222 -11.00733
-10.76516 -11.16803
-10.94541 -10.91198
-11.43029 -12.12803
-11.23797 -11.81229
-11.58629 -11.98679
-11.79906 -12.11086
-11.66321 -12.08001
-11.54013 -12.19562
-11.69374 -11.74894
-11.54586 -11.89494
-12.03128 -12.33854
-11.78305 -12.42399
-11.85318 -11.98246
-12.08866 -12.39661
-11.8801 -12.66932
-12.29985 -12.62691
-12.12066 -12.51705
-12.24624 -12.52749
-12.17689 -12.58935
-12.0559 -12.27939
-12.10897 -12.72882
-11.86597 -12.40707
-11.55922 -12.27263
-11.62123 -12.00251
-11.67704 -12.24879
-12.18217 -12.80282
-12.36206 -12.56683
-12.24684 -12.72295
-12.75522 -13.24331
-13.30975 -13.41601
-13.22751 -13.35875
-13.33271 -13.71264
-13.43431 -14.05402
-13.06443 -13.78191
-12.33244 -12.93466
-12.35565 -12.60178
-12.25362 -12.64739
-12.17657 -12.4726
-12.54172 -12.71787
-12.72943 -12.97122
-12.92313 -13.19804
-12.87325 -13.18874
-13.38483 -14.06953
-13.23522 -13.99055
-13.58581 -13.74393
-14.08139 -14.18988
-13.54924 -14.20581
-14.21706 -14.6551
-14.30536 -14.7448
-13.89585 -14.61958
-13.96713 -14.28317
-13.96539 -14.50774
-14.14518 -14.52692
-14.39578 -14.96657
-14.82649 -14.98464
-14.89865 -15.22994
-14.96817 -15.48193
-14.67067 -15.23663
-14.6683 -15.18924
-14.902 -14.77074
-14.13768 -14.61589
-14.2863 -14.6052
-14.26777 -14.44427
-14.11355 -14.39631
-14.49105 -15.0196
-15.14227 -15.37626
-14.79564 -15.18439
-15.07542 -15.52001
-14.93646 -15.46823
-15.1111 -15.27261
-14.66195 -15.06225
-14.67886 -14.90927
-14.97208 -15.45031
-15.07483 -15.30484
-14.85161 -15.10423
-15.16466 -15.62533
-14.95797 -15.24775
-14.75209 -15.33537
-15.3166 -15.44138
-15.38545 -15.49273
-14.95758 -15.4991
-15.27211 -15.8727
-15.45373 -16.01056
-14.94442 -15.47559
-15.15741 -15.79073
-15.38944 -15.92995
-15.44219 -15.87576
-15.08154 -15.69277
-15.36374 -15.64814
-15.38848 -15.82289
-15.61777 -15.94383
-15.22869 -16.15484
-15.37384 -15.6585
-15.3362 -15.57953
-15.02439 -15.35338
-14.70618 -15.19692
-14.61455 -14.92017
-14.37886 -14.62101
-13.93608 -14.15236
-13.9387 -14.38251
-14.01043 -14.50795
-14.01931 -14.19669
-14.09003 -14.50811
-14.5473 -14.94249
-14.74449 -15.26345
-14.70701 -15.25239
-14.84473 -14.98469
-14.83933 -14.9181
-15.10076 -15.55442
-15.03584 -15.40782
-14.62676 -15.0984
-14.75753 -15.31573
-14.9135 -15.34664
-14.86923 -15.16898
-14.85807 -15.25816
-14.52877 -14.90646
-14.39157 -15.08056
-14.17298 -14.43517
-13.63557 -14.35722
-13.50123 -14.05963
-14.35495 -14.35749
-14.15361 -14.77944
-14.17311 -14.53415
-13.55759 -14.03689
-13.66937 -13.86926
-13.27601 -13.73408
-13.65037 -14.32771
-14.00598 -14.31738
-14.23557 -14.45347
-13.54462 -14.30654
-13.69595 -14.12461
-13.3771 -13.97571
-13.56857 -13.69723
-13.29952 -13.47915
-13.43998 -14.05184
-13.03473 -13.53734
-12.48327 -13.24368
-13.06414 -13.3719
-12.55332 -13.00045
-12.58824 -13.15965
-12.59755 -12.9513
-12.9969 -13.32657
-13.13624 -13.47574
-12.46986 -12.88382
-12.20166 -12.48234
-12.38719 -12.90565
-12.0868 -12.89185
-11.6716 -12.17547
-11.1303 -11.86757
-11.03661 -11.27969
-10.48736 -10.94267
-10.9491 -11.42759
-10.54659 -11.12612
-10.65531 -11.22382
-10.47448 -10.99638
-10.41566 -10.60819
-10.09177 -10.80717
-10.39169 -10.49489
-10.91559 -11.32228
-10.62018 -11.22746
-11.06791 -11.47
-10.96779 -11.13354
-10.89915 -11.44143
-11.01677 -11.44112
-11.37996 -11.57153
-11.33855 -11.42332
-11.01671 -11.40964
-10.94062 -11.23251
-10.81895 -11.11824
-10.85607 -11.14523
-10.87336 -11.32187
-11.36473 -11.4778
-11.19742 -11.68993
-10.82284 -11.39083
-10.54671 -10.79048
-10.99753 -11.0104
-10.42339 -10.92312
-10.63953 -11.26275
-10.86895 -11.08734
-11.33528 -11.52923
-11.06143 -10.99498
-10.63345 -11.17261
-11.55378 -11.71002
-11.67609 -12.10337
-11.57907 -11.97755
-11.73968 -11.77143
-10.84148 -11.46824
-10.6681 -11.03566
-10.60148 -10.97869
-9.864722 -10.45148
-9.681006 -10.31026
-10.29933 -10.73519
-10.77504 -11.10388
-10.70087 -11.10826
-10.54547 -11.23081
-11.25275 -11.47896
-10.93475 -11.46575
-10.72427 -11.09539
-10.90591 -11.39508
-10.51322 -11.23629
-10.95896 -11.48526
-10.90762 -11.36562
-10.81922 -11.42327
-10.85458 -11.02355
-10.71539 -11.05354
-10.88004 -11.16945
-11.29576 -11.54048
-11.46286 -11.98851
-11.77801 -12.28258
-11.59823 -12.36114
-12.22149 -12.50148
-12.27708 -12.52705
-11.62597 -12.17101
-11.5246 -11.99296
-11.02986 -11.45765
-11.19635 -11.79097
-11.23208 -11.92091
-11.49631 -11.90139
-11.12559 -11.51044
-11.34815 -11.68465
-11.39256 -11.95846
-11.18531 -11.40023
-10.89818 -10.92927
-9.943309 -10.5272
-10.02719 -10.82753
-10.09474 -10.53534
-10.22162 -10.58511
-9.872726 -10.46155
-10.11673 -10.56475
-10.10748 -10.66491
-10.01532 -10.54654
-10.00409 -10.10463
-9.987833 -10.31792
-9.785048 -10.28528
-9.822783 -10.20354
-9.48772 -9.974251
-9.544801 -10.11274
-9.814802 -10.08988
-9.721489 -10.19451
-10.38548 -10.35498
-10.19109 -10.81691
-10.12619 -10.40103
-9.833851 -10.36588
-9.906549 -10.44148
-10.13792 -10.70544
-10.11875 -10.51721
-10.06244 -10.80851
-9.681743 -10.26849
-10.0665 -10.13477
-9.910995 -10.12924
-9.69582 -10.21028
-9.373834 -9.830389
-9.885378 -10.07422
-10.32146 -10.68137
-10.56088 -11.15371
-9.879065 -10.65483
-10.25145 -10.79603
-9.830734 -10.24628
-9.98629 -10.19648
-9.933573 -10.44293
-9.83731 -10.15795
-9.46363 -9.883009
-9.852242 -10.02566
-9.747286 -10.02751
-9.466969 -9.732342
-8.736081 -9.439551
-9.238318 -9.891495
-9.625329 -9.613969
-9.161083 -9.916461
-9.464292 -10.15725
-9.697377 -10.29274
-9.831284 -10.25197
-9.678099 -10.0337
-9.982956 -10.45863
-9.570804 -10.06799
-9.966888 -10.21947
-9.266745 -9.753538
-9.758103 -10.53138
-10.10944 -10.61929
-9.674142 -10.06182
-9.988952 -10.29358
-9.392729 -10.16903
-9.799768 -10.15225
-9.720283 -10.22864
-10.05455 -10.50271
-9.736628 -10.33251
-9.644784 -9.823592
-9.322184 -9.567274
-9.337873 -9.867074
-9.648734 -10.12347
-9.665093 -10.27586
-9.880363 -10.63478
-9.95046 -10.48272
-9.832373 -10.17254
-9.868288 -10.34919
-9.794282 -10.255
-9.879716 -10.33561
-9.738837 -10.34488
-10.13459 -10.668
-10.29266 -10.52308
-10.47553 -10.78
-10.51835 -10.92173
-10.80573 -11.29432
-11.38106 -11.69824
-11.65633 -12.48862
-11.60795 -11.96618
-12.04707 -12.284
-11.64502 -12.39771
-11.8285 -12.05958
-11.91411 -12.45331
-11.87233 -12.33987
-11.72301 -12.17929
-11.5491 -12.04241
-11.87649 -12.31119
-11.22972 -11.58931
-11.07328 -11.31624
-10.85186 -11.57424
-11.4625 -11.82019
-11.77421 -12.0819
-11.73893 -11.94936
-11.81255 -12.20993
-11.80269 -12.12255
-11.7029 -12.07152
-11.74505 -12.2229
-11.61896 -12.21616
-12.023 -12.04189
-11.79879 -12.17197
-12.62742 -12.87314
-12.81005 -13.07197
-12.73813 -13.27026
-12.69192 -13.08688
-13.27385 -13.46004
-13.18658 -13.64876
-13.21033 -13.87404
-13.62658 -14.21709
-13.59895 -14.28861
-13.75349 -14.33109
-13.90993 -14.18741
-14.68763 -14.70304
-14.2951 -14.87975
-14.69137 -15.11835
-14.6252 -15.15512
-14.45308 -14.68034
-14.07096 -14.35234
-14.40629 -14.54821
-14.26173 -14.59941
-14.19129 -14.57946
-14.23214 -14.63416
-14.1777 -14.79423
-13.73076 -14.03006
-13.34117 -13.59481
-13.21572 -13.41002
-13.05674 -13.29758
-13.20465 -13.4395
-13.36866 -13.32176
-13.17603 -14.05446
-13.17742 -13.81095
-13.43128 -13.88469
-13.10933 -13.55691
-12.94554 -13.14998
-13.51507 -13.74766
-12.88923 -13.31378
-13.0141 -13.79293
-12.87626 -13.19859
-12.96904 -13.22776
-13.30902 -13.50659
-13.37874 -13.62807
-13.14201 -14.15333
-13.12174 -14.02243
-13.5793 -14.07788
-13.6513 -14.41537
-14.213 -14.37781
-14.3666 -15.26691
-14.30069 -15.07639
-14.6829 -15.0007
-15.09852 -15.28654
-15.28279 -16.04163
-14.99952 -15.69964
-15.33795 -16.02007
-15.41545 -16.01412
-15.82104 -16.34138
-16.30443 -16.50412
-16.45089 -16.73524
-15.95133 -16.55359
-16.12945 -16.46996
-15.97888 -16.45341
-16.24474 -16.92475
-16.35995 -16.95356
-16.66863 -16.87244
-16.86038 -17.13991
-17.0658 -17.32189
-16.89176 -17.20635
-17.05518 -17.55665
-17.11001 -17.37794
-17.29494 -17.4331
-17.415 -17.76967
-16.36728 -16.96534
-16.61085 -17.20153
-16.80512 -17.5088
-16.77159 -17.13502
-16.3199 -16.56973
-15.69347 -16.62225
-15.45421 -16.11752
-16.06408 -16.38983
-16.02542 -16.6792
-16.02322 -16.84566
-16.30126 -16.73134
-16.37116 -16.87967
-16.22377 -16.54582
-16.22169 -16.47127
-15.72824 -16.53076
-15.93131 -16.44891
-15.39533 -16.32746
-16.11631 -16.63471
-16.14503 -16.43283
-15.41104 -15.74182
-15.2193 -15.58235
-15.33207 -15.72886
-15.8597 -16.07039
-16.10604 -16.70082
-16.29398 -16.49547
-15.97889 -16.5191
-16.19074 -16.84651
-16.75637 -16.87484
-17.40668 -17.55368
-17.52923 -17.44264
-18.00415 -18.19855
-17.94795 -18.13742
-18.21031 -18.70625
-18.6769 -19.08863
-19.01704 -19.62345
-19.20472 -19.76205
-19.57098 -20.01573
-19.81977 -20.0736
-19.72433 -20.20318
-19.40381 -20.21014
-19.54885 -19.98617
-19.4899 -19.718
-19.73738 -20.22329
-19.66476 -20.29614
-19.96914 -20.36101
-19.53973 -20.01152
-20.07263 -20.45446
-19.92004 -20.58435
-20.40452 -20.80132
-20.93142 -21.27527
-20.85826 -21.04986
-20.64698 -21.11384
-20.85055 -20.99136
-20.94562 -21.65281
-21.07323 -21.47349
-21.15419 -21.79693
-21.14666 -21.9775
-21.45226 -21.68246
-20.59557 -21.08113
-20.33053 -20.94272
-21.04465 -21.01682
-20.8365 -21.42485
-20.66169 -21.34901
-20.79281 -21.29524
-20.71985 -21.36985
-20.74665 -21.20128
-21.79797 -21.85371
-21.59315 -22.11929
-22.02197 -22.27552
-21.37097 -21.9394
-21.34571 -21.83894
-21.43373 -21.97308
-21.15221 -21.67571
-21.30433 -21.75259
-21.31903 -21.70227
-21.55329 -22.11749
-21.76774 -22.12084
-21.36974 -22.08236
-21.1042 -21.45364
-20.9153 -21.39347
-20.75053 -21.16882
-20.64585 -20.77532
-21.20526 -21.4421
-20.73526 -21.30172
-20.47634 -21.10991
-20.15154 -20.56022
-20.62636 -21.05338
-20.0138 -20.44717
-20.24818 -20.71792
-20.14164 -20.33783
-20.01774 -20.62262
-20.09897 -20.60808
-20.44757 -20.96757
-20.92317 -21.33867
-20.70992 -21.22626
-21.26898 -21.60906
-21.7151 -22.31133
-21.9251 -22.27891
-21.78172 -22.26163
-21.96427 -22.64044
-22.1771 -22.80292
-22.48617 -22.72916
-22.67168 -22.77795
-22.88335 -23.2239
-23.04823 -23.38146
-22.69523 -23.29239
-22.60896 -22.91922
-22.62301 -22.92203
-22.65392 -23.1588
-22.36363 -22.74259
-22.43881 -22.90388
-22.49654 -22.94388
-22.80327 -23.44025
-23.0231 -23.41645
-22.69283 -23.18738
-22.53934 -23.0482
-22.86252 -23.23026
-23.05841 -23.19892
-22.38566 -22.85187
-22.14192 -22.8166
-22.21552 -22.5017
-22.3381 -22.84084
-22.35712 -22.70081
-21.96018 -22.15442
-21.97311 -22.40967
-21.52017 -22.37964
-21.23669 -21.69725
-21.88058 -22.13904
-21.35855 -21.85268
-21.57474 -21.89196
-21.22073 -21.67758
-21.40167 -22.25373
-21.76758 -22.47638
-22.0534 -22.43163
-22.19626 -22.72677
-22.4241 -22.92034
-22.23002 -22.77872
-22.31156 -22.90509
-22.06158 -22.50626
-22.26949 -22.77481
-21.92879 -22.56655
-22.31146 -22.80345
-22.31519 -22.87284
-22.45035 -23.00457
-22.05887 -22.69355
-22.42465 -22.96943
-22.47425 -22.95915
-22.74657 -22.99598
-22.68345 -23.07248
-22.36259 -22.67429
-22.03791 -22.41095
-21.7715 -22.10822
-21.34039 -21.58531
-21.63471 -22.29686
-21.24801 -21.686
-21.51145 -21.71528
-21.32009 -21.88556
-21.12951 -21.75938
-21.58056 -22.01879
-21.35946 -22.15838
-21.09789 -21.42866
-21.32294 -21.74739
-21.30109 -21.96238
-21.5452 -21.82051
-21.95128 -22.45245
-21.5574 -22.11794
-21.6792 -21.93719
-21.50006 -21.91567
-21.37683 -21.90048
-21.82186 -22.34058
-21.47953 -21.98833
-21.34326 -21.66028
-21.34627 -21.84592
-21.27504 -21.8725
-21.38 -21.89306
-21.49225 -21.91525
-21.32702 -21.9427
-21.48567 -21.9247
-21.77038 -22.01249
-21.42421 -21.82975
-21.52707 -21.98748
-21.03617 -21.46207
-20.98802 -21.4612
-21.02905 -21.29957
-20.80998 -21.46476
-20.71513 -21.23807
-20.92589 -21.32239
-20.89422 -21.29696
-20.01452 -20.45807
-20.52189 -21.1471
-20.64591 -21.0723
-20.84476 -20.94379
-20.68526 -21.06709
-21.50835 -22.00582
-21.11767 -22.08947
-21.68653 -21.88548
-21.55484 -22.11222
-21.28553 -21.67446
-21.54598 -21.73182
-21.51332 -22.03886
-21.04226 -21.42842
-21.19769 -21.60758
-21.07759 -21.83728
-20.99751 -21.1482
-20.80905 -21.05886
-20.47744 -20.81252
-20.27594 -20.46582
-20.12014 -20.54078
-20.01732 -20.41503
-19.6589 -20.02677
-18.85425 -19.65412
-19.2351 -19.63113
-19.55317 -19.80875
-19.50717 -19.83818
-19.54562 -20.12867
-19.64278 -20.18028
-19.65743 -19.96666
-19.07364 -19.51727
-19.09987 -19.57524
-19.34509 -19.76625
-19.42257 -19.99552
-19.28585 -19.74986
-18.84898 -19.26301
-18.75201 -19.4028
-18.55294 -19.07133
-18.7802 -19.42511
-18.86093 -19.31512
-19.06506 -19.67479
-18.9574 -19.11369
-18.64659 -19.11431
-18.3889 -18.99882
-18.26299 -18.92168
-18.71015 -18.96094
-18.54598 -19.03932
-18.90661 -19.27935
-18.74792 -19.21861
-18.58027 -19.01126
-18.2512 -19.08012
-19.04483 -19.38201
-18.93645 -19.76365
-19.16771 -19.58961
-18.88045 -19.31365
-18.75545 -19.30116
-18.77669 -19.44282
-19.12466 -19.45237
-18.75523 -19.12429
-18.96827 -19.5365
-18.71478 -19.30893
-18.48282 -18.89926
-18.19047 -18.69563
-18.10291 -18.43536
-18.53882 -18.65484
-18.17602 -18.27306
-17.98564 -18.38746
-18.28031 -19.11401
-17.99614 -18.50635
-18.33448 -18.68606
-18.31247 -18.70989
-17.5181 -18.13217
-18.22511 -18.4703
-18.3806 -18.65648
-17.71461 -18.49386
-17.46778 -17.93168
-17.29485 -17.89628
-17.39146 -17.71184
-17.22537 -18.1048
-17.09839 -17.80554
-16.75143 -17.34219
-16.78708 -17.15341
-17.04032 -17.44279
-17.06206 -17.31322
-16.96956 -17.5471
-17.0584 -17.58448
-17.50888 -17.85523
-17.44047 -17.61666
-16.57317 -17.28113
-17.10269 -17.51658
-16.84765 -17.06005
-16.26609 -16.78244
-16.24151 -16.81257
-16.97318 -17.32487
-17.18157 -17.43707
-16.95119 -17.33246
-16.64672 -17.11221
-16.55133 -16.90895
-16.39078 -17.18458
-16.43125 -16.64649
-16.68772 -17.19111
-17.29064 -17.43491
-17.14573 -17.89621
-17.70896 -18.50825
-17.53237 -18.59563
-17.68821 -17.84601
-17.23824 -17.68058
-17.0395 -17.06594
-16.71601 -17.34446
-16.55923 -17.11775
-16.58 -17.08803
-16.33455 -16.83764
-16.72025 -17.17694
-16.79175 -17.16705
-16.96263 -17.49002
-16.56636 -16.88134
-16.67573 -16.86388
-16.92217 -17.55507
-17.15872 -17.76837
-17.15275 -17.66168
-16.98198 -17.79035
-17.02097 -17.45684
-16.7018 -16.90171
-16.27135 -17.13457
-16.24916 -17.09116
-16.73609 -16.92921
-16.55028 -17.25857
-16.76206 -17.23441
-16.8814 -17.17844
-16.2671 -16.77565
-16.58502 -16.94352
-17.24974 -17.52703
-17.23491 -17.6426
-17.39537 -17.75721
-17.0455 -17.79028
-17.22781 -17.73695
-16.67604 -17.28675
-17.16689 -17.63594
-16.97727 -17.30241
-17.0229 -17.52581
-16.73294 -17.37781
-16.92941 -17.42786
-16.43347 -17.01946
-16.45703 -16.87653
-16.44724 -16.7757
-16.56264 -16.96466
-16.8208 -17.10229
-17.1392 -17.53676
-17.54892 -17.6455
-17.69323 -18.05761
-17.66579 -18.36999
-17.72607 -18.42457
-18.43361 -18.67468
-18.74821 -19.22742
-18.87852 -19.12618
-18.99177 -19.47745
-19.97869 -20.48059
-20.29963 -20.69215
-20.16785 -20.26058
-19.96935 -20.9029
-19.91199 -20.50568
-19.98622 -20.3349
-19.74608 -20.31347
-19.20796 -19.96333
-18.81519 -19.47123
-18.5644 -18.87791
-18.22003 -18.99535
-18.62085 -19.08091
-18.67042 -18.80296
-18.12046 -18.6644
-17.75414 -18.50571
-18.18307 -18.60696
-18.58134 -18.6948
-18.02368 -18.30386
-18.03868 -18.57975
-18.48311 -18.69918
-18.50824 -18.9991
-18.26849 -18.52082
-18.38451 -18.70276
-18.59679 -19.22381
-19.14843 -19.19245
-18.76312 -19.68396
-18.37552 -19.03226
-17.79236 -18.06927
-18.24325 -18.51814
-18.61248 -19.34169
-18.52879 -19.10039
-18.70197 -19.20469
-18.37045 -18.81216
-18.55396 -18.56589
-18.0256 -18.43079
-17.80353 -17.67703
-17.66965 -17.81955
-17.48211 -17.55729
-17.62075 -18.00632
-17.95977 -18.19974
-17.71174 -18.28205
-17.59205 -17.7407
-17.48595 -17.87798
-17.63656 -17.9084
-17.18628 -17.3657
-17.20819 -17.34876
-17.11331 -17.55824
-16.64776 -17.41595
-17.8231 -17.97953
-17.70127 -18.33553
-17.25157 -18.28044
-17.62552 -18.0673
-17.58894 -18.03278
-18.29142 -18.01559
-17.59873 -18.31805
-17.49467 -17.88021
-17.69257 -17.97262
-18.09873 -18.43218
-17.67136 -18.18502
-17.88983 -18.24143
-17.82509 -18.09016
-17.45457 -17.95138
-17.87048 -18.30194
-17.80638 -18.21835
-18.06141 -18.13326
-18.01188 -18.39313
-17.5454 -18.06966
-17.30179 -18.01525
-17.65835 -18.19932
-17.77605 -18.13057
-17.27727 -17.80989
-16.62277 -16.83589
-16.53505 -16.9067
-16.91738 -17.41223
-16.68639 -17.00914
-16.70914 -17.11221
-16.61279 -16.92375
-16.61823 -17.26757
-16.4878 -17.19578
-16.37817 -16.86146
-16.4143 -16.87431
-16.56547 -17.05637
-16.73353 -17.23872
-16.14938 -16.74043
-16.36304 -16.83686
-16.05197 -16.55661
-16.11788 -16.47855
-16.1608 -16.55814
-16.08023 -16.97586
-16.71713 -16.8361
-16.2193 -16.53088
-16.69459 -17.20767
-16.75017 -17.23892
-16.5956 -17.09249
-16.68648 -16.98531
-16.12977 -16.70355
-16.30584 -16.62381
-16.31883 -17.14157
-16.67252 -17.14936
-16.58275 -16.77144
-16.67171 -16.97998
-16.59158 -17.15359
-16.82948 -17.07864
-17.80139 -18.25452
-17.3498 -17.73563
-17.18379 -17.25302
-16.93765 -17.11727
-16.54121 -17.07981
-16.70866 -17.15255
-16.52491 -17.10668
-16.54832 -16.88358
-16.83808 -17.19479
-16.40753 -16.88365
-16.94002 -17.16605
-16.64396 -17.17284
-16.3601 -16.52896
-16.83491 -17.47948
-17.13528 -17.45272
-17.15553 -17.54056
-16.71705 -17.40357
-16.73731 -17.2889
-16.98089 -17.58485
-17.05817 -17.24297
-17.02695 -17.28891
-16.68748 -17.37838
-16.50792 -17.07144
-16.86848 -17.52417
-16.79506 -17.22978
-16.40019 -17.09939
-16.54306 -17.03709
-16.27268 -17.11221
-17.40145 -17.50625
-17.95526 -18.12589
-18.08271 -18.67062
-18.22254 -18.41836
-17.87472 -18.32908
-17.70256 -18.10753
-17.30932 -17.89752
-17.39451 -17.85755
-17.34579 -17.97421
-17.94638 -18.2089
-17.51616 -18.03921
-17.58632 -18.09524
-17.64843 -18.48769
-17.60322 -18.05711
-17.78562 -18.23762
-17.69924 -18.01813
-17.19891 -17.95482
-17.2561 -17.46164
-16.81421 -17.29951
-16.72496 -17.10648
-16.6522 -17.13089
-17.12592 -17.68128
-17.58572 -18.02455
-17.49406 -17.80704
-17.79282 -17.8746
-18.01439 -18.55499
-18.06736 -18.56001
-18.53675 -18.72353
-18.70298 -19.41102
-18.69713 -18.97425
-17.93154 -18.46657
-18.44304 -18.72291
-18.25183 -18.44408
-17.69328 -17.88526
-17.87929 -18.12781
-17.71943 -18.14724
-17.02632 -17.42021
-17.05073 -17.24773
-16.76338 -17.52499
-17.23583 -17.62564
-16.30499 -16.74378
-16.3107 -16.72103
-15.98959 -16.72786
-16.00095 -16.11865
-15.40579 -15.83636
-15.63659 -16.15112
-16.48609 -17.11184
-17.05541 -17.30898
-16.93494 -17.46343
-16.55139 -17.06439
-16.2094 -16.70783
-16.6809 -17.37354
-16.34901 -16.65464
-16.69299 -17.0652
-16.43448 -16.60701
-15.73396 -16.46436
-16.05728 -16.14059
-15.95399 -16.28439
-15.35016 -15.81921
-15.53811 -15.94355
-15.70707 -16.04131
-15.4457 -16.14241
-15.15158 -15.72462
-15.15971 -15.44283
-15.3912 -15.76666
-15.81462 -16.32559
-15.59125 -16.18474
-16.23906 -16.4378
-15.93434 -16.84877
-15.86162 -15.96575
-15.36752 -15.97313
-15.93823 -16.12633
-15.8363 -16.27029
-15.53108 -16.0646
-15.20802 -15.61236
-15.14163 -15.81803
-15.47362 -15.84728
-14.75632 -15.21119
-14.79074 -15.6594
-14.09106 -14.69549
-14.18864 -14.40397
-14.17463 -14.66092
-14.2257 -14.38156
-13.815 -14.51835
-13.46258 -14.11978
-13.45692 -13.84038
-13.80468 -14.30873
-13.86328 -14.3716
-13.69721 -14.30015
-13.70018 -14.23529
-14.32907 -14.62368
-14.57707 -14.67272
-14.18847 -14.58263
-13.96045 -14.06573
-14.32393 -14.43236
-13.74942 -14.2929
-14.19168 -14.31927
-14.35109 -14.64424
-14.39878 -14.8439
-14.24937 -14.63723
-14.1076 -14.42117
-14.29306 -14.56772
-13.97299 -14.5394
-13.70306 -14.16891
-13.67938 -14.37269
-14.01913 -14.53743
-13.93016 -14.63359
-13.87879 -14.52262
-14.25642 -14.66503
-14.13507 -14.86521
-14.30837 -15.06586
-14.52441 -14.81931
-14.16762 -14.35472
-13.8298 -14.33488
-13.7708 -14.38036
-13.56005 -14.12627
-13.56307 -14.24975
-13.92513 -14.60679
-14.43283 -14.90558
-14.70391 -15.00336
-14.38362 -14.62728
-13.7917 -14.34597
-13.70512 -14.24178
-13.6062 -13.75948
-13.48929 -13.90248
-13.66956 -14.02081
-13.46845 -13.79936
-13.76363 -13.96848
-13.60842 -13.97524
-13.85824 -14.46441
-13.5666 -14.10632
-13.60252 -14.11115
-12.91403 -13.4897
-13.0034 -13.73057
-13.23765 -13.5996
-13.17027 -13.47768
-13.2391 -13.77065
-13.03174 -13.53932
-13.18926 -13.34587
-12.78779 -13.27671
-13.27689 -13.8954
-12.91375 -13.89958
-13.24997 -13.89579
-13.08937 -13.42362
-13.25006 -13.9004
-13.43648 -13.77871
-13.53681 -14.07266
-13.37529 -13.87251
-13.88434 -14.66607
-13.6999 -13.87229
-13.42681 -13.7771
-13.38806 -13.766
-13.39452 -13.78785
-13.65028 -14.23798
-13.52119 -13.96074
-13.21309 -13.37278
-13.03812 -13.88335
-12.68346 -13.24921
-13.1146 -13.24857
-12.72814 -13.18033
-12.51062 -12.86709
-11.97675 -12.80365
-12.32926 -12.58578
-11.81177 -12.22112
-11.97417 -12.13247
-11.76264 -12.32889
-11.5461 -11.98568
-11.37887 -11.69625
-11.14976 -12.051
-11.6554 -11.82514
-11.0667 -11.41338
-10.67002 -10.89857
-10.19726 -10.87741
-10.3858 -11.03229
-10.63483 -11.15388
-10.97724 -11.29872
-10.98011 -11.24077
-10.6188 -11.0746
-10.71411 -11.0051
-10.66898 -10.90674
-10.14148 -10.67396
-10.1265 -10.62976
-10.39742 -10.943
-10.70323 -11.30343
-11.00927 -11.44431
-10.98552 -11.20108
-10.30707 -11.10303
-10.13579 -10.68781
-10.25329 -10.85131
-9.566841 -10.02052
-9.500116 -10.31243
-9.407906 -9.675296
-9.348234 -9.680436
-8.81763 -9.076068
-8.889013 -9.398491
-9.320567 -9.437305
-9.754559 -9.995255
-9.785025 -9.977436
-9.61774 -9.976903
-9.555374 -9.67767
-9.267398 -9.606515
-9.074263 -9.341483
-9.265408 -9.771775
-9.525313 -10.14111
-9.367368 -10.08501
-9.591108 -9.99792
-9.568737 -9.720324
-8.959628 -9.519178
-8.878699 -9.14564
-8.575068 -9.384075
-8.11472 -8.748398
-8.161631 -8.728351
-8.348602 -8.731951
-8.695669 -8.613888
-7.757285 -8.133664
-7.665664 -8.172208
-7.483563 -8.067229
-7.132422 -7.691404
-6.91889 -7.371979
-7.054008 -7.38993
-6.849711 -7.450956
-7.231015 -7.648649
-6.889898 -7.376279
-6.963431 -7.085895
-6.698002 -6.763147
-6.478942 -6.63241
-6.764383 -6.953185
-7.263793 -7.552126
-7.456877 -8.15654
-8.067956 -8.148399
-7.846846 -8.238607
-7.648401 -8.30469
-8.011547 -8.765095
-7.926801 -8.30519
-7.490639 -7.531793
-7.400455 -7.741948
-7.533114 -7.884129
-7.280023 -7.674429
-7.033068 -7.536876
-6.704948 -6.994295
-6.374635 -6.865986
-6.126008 -6.869337
-5.979881 -6.642682
-6.408874 -6.992157
-6.59175 -7.228645
-6.233424 -6.862319
-6.551042 -6.905577
-6.681908 -7.293619
-6.397055 -6.734844
-5.649411 -6.464163
-5.752643 -5.927467
-5.994752 -6.526608
-6.30343 -6.364574
-6.108341 -6.460778
-6.126982 -6.539337
-5.77809 -6.568076
-5.888522 -6.668743
-6.431859 -7.022387
-6.68482 -7.00114
-7.250503 -7.699048
-7.397928 -7.840375
-7.520889 -7.851568
-7.149189 -7.782167
-6.507173 -6.8729
-6.675155 -7.150863
-7.217644 -7.474661
-7.379741 -7.980343
-7.359928 -7.715051
-7.547449 -8.232837
-7.947848 -8.2926
-7.56093 -8.013576
-7.573914 -7.921265
-7.037786 -7.457976
-7.176541 -7.577875
-7.146984 -7.4852
-7.031231 -7.430959
-7.14131 -7.525347
-6.607552 -7.095649
-7.068138 -7.405601
-7.210957 -7.786263
-7.339195 -8.215888
-7.849352 -8.299145
-7.434675 -8.25244
-7.460053 -7.859841
-7.617701 -8.204417
-7.755078 -7.96161
-7.625908 -7.711084
-7.47684 -7.956275
-7.60825 -8.368927
-7.665751 -8.145718
-8.089372 -8.570542
-8.320977 -8.788986
-8.518558 -8.828387
-8.795822 -9.381759
-9.093196 -9.668846
-9.083826 -9.397233
-8.948142 -9.330259
-8.840396 -9.103779
-9.15418 -9.689599
-9.168775 -9.898606
-9.433128 -9.848909
-9.455299 -9.972909
-9.717877 -10.16797
-9.835014 -10.30702
-9.875088 -10.20547
-9.951792 -10.38638
-9.941302 -10.40333
-10.12899 -10.56036
-9.915353 -10.28022
-9.518884 -9.958465
-9.37305 -9.542616
-9.077348 -9.498683
-9.062607 -9.699844
-9.88223 -10.23121
-10.04825 -10.41532
-10.76716 -11.18292
-11.54108 -11.88098
-11.22935 -11.57724
-10.90512 -11.3192
-10.58055 -10.88885
-10.74802 -11.11304
-10.55724 -11.02961
-10.15806 -10.79158
-10.11843 -10.62335
-10.2915 -10.66579
-10.55736 -11.30181
-10.22381 -10.91215
-10.19514 -10.66768
-10.02323 -10.1557
-10.49856 -10.80342
-10.9968 -11.46062
-11.23856 -11.73139
-11.44641 -11.82372
-11.75114 -11.90915
-11.51604 -11.85548
-11.21054 -11.88644
-10.62938 -11.19114
-10.81517 -11.33126
-10.72083 -11.04086
-10.06832 -10.62549
-10.59702 -11.06474
-11.23823 -11.37926
-10.67363 -11.1234
-10.67266 -10.77575
-10.45527 -11.36351
-11.28547 -11.93337
-11.39195 -12.17536
-11.46794 -12.05045
-11.92776 -12.39241
-11.84547 -12.09631
-11.45986 -12.0112
-11.52138 -11.9336
-11.32374 -11.73788
-11.11127 -11.63625
-11.01873 -11.59652
-11.16376 -11.78613
-11.14378 -11.71155
-10.93801 -11.57538
-11.03874 -11.4867
-10.84852 -11.42931
-10.5363 -10.77527
-10.29266 -10.36786
-9.84914 -10.11156
-10.03743 -10.57292
-10.01272 -10.48969
-9.929334 -10.22789
-9.733702 -10.135
-9.266335 -9.843941
-9.237797 -9.523313
-8.560029 -9.371848
-8.527495 -8.866483
-8.058021 -8.943775
-7.965031 -8.327695
-8.084191 -8.480059
-8.288311 -9.097443
-8.421397 -8.957097
-8.539573 -9.032631
-8.680703 -9.220381
-9.344431 -9.872875
-9.440602 -9.844895
-10.09945 -10.30995
-9.37467 -10.05641
-8.978775 -9.275396
-8.995965 -9.54954
-8.650666 -8.9489
-8.508642 -8.768111
-8.859216 -9.505217
-8.77295 -9.115022
-8.901248 -9.118897
-8.554027 -9.243837
-8.432899 -8.533844
-8.705126 -9.102761
-8.74027 -9.308458
-8.730192 -9.071143
-8.380421 -8.781312
-8.348868 -8.639897
-7.983399 -8.612503
-8.006498 -8.629184
-8.084284 -8.481678
-7.788201 -8.111237
-7.955552 -8.515872
-7.829699 -8.287404
-7.963102 -8.33146
-7.994454 -8.233665
-7.782535 -8.400042
-8.248638 -8.773408
-8.04995 -8.355884
-7.700131 -8.46375
-7.966062 -8.250507
-7.736293 -8.38459
-7.914508 -8.63657
-8.48398 -8.650847
-8.331087 -8.587629
-8.13602 -8.846391
-8.292681 -8.653705
-8.238964 -8.58245
-8.126514 -8.651538
-8.008079 -8.419233
-7.332953 -7.919849
-7.788739 -8.329712
-8.008083 -8.158454
-7.453347 -7.776491
-7.454976 -7.9419
-7.623072 -7.839298
-7.252704 -8.145551
-7.951648 -8.41248
-7.723939 -8.052233
-8.194795 -8.688038
-8.448688 -9.135712
-8.871912 -9.354447
-9.085163 -9.476315
-8.936389 -9.411298
-8.9234 -9.475042
-9.207795 -9.773554
-9.042098 -9.622318
-8.454571 -8.714919
-8.617847 -9.024323
-8.339927 -8.749687
-8.443798 -9.170416
-9.075526 -9.282235
-9.55599 -10.06651
-10.0551 -10.2188
-9.902163 -9.953045
-9.486368 -10.04215
-9.333018 -9.815466
-9.141522 -9.907761
-8.697673 -9.417718
-9.383878 -9.680618
-8.556536 -8.870392
-8.406908 -8.867955
-8.219759 -8.536331
-8.301489 -8.696951
-8.55931 -8.653017
-7.628588 -8.43102
-7.58951 -7.941109
-7.930197 -8.254748
-7.395186 -7.773645
-7.21734 -8.00181
-7.327376 -7.598231
-7.544075 -7.777032
-7.692363 -8.347403
-7.708511 -8.277458
-7.845117 -7.954095
-7.688164 -8.213383
-7.612414 -7.704547
-7.843631 -8.640804
-7.782444 -8.458288
-8.111547 -8.471578
-7.701632 -8.106418
-7.673867 -8.08628
-7.366446 -7.704756
-6.813528 -7.096268
-6.841837 -7.102723
-6.836161 -7.262861
-6.424442 -6.813928
-6.536636 -6.891157
-6.441122 -6.576504
-6.018701 -6.068471
-5.290507 -5.817709
-5.027475 -5.969472
-5.242683 -5.859628
-5.677775 -5.968021
-5.748521 -6.096431
-5.531518 -5.552588
-4.567846 -5.091421
-4.471439 -4.988237
-4.691861 -5.164228
-4.940186 -5.215487
-4.851552 -5.429546
-4.814027 -5.066932
-4.854736 -5.256405
-5.090181 -5.430282
-5.107482 -5.538305
-5.046595 -5.537343
-5.382253 -5.459371
-5.173764 -5.673634
-4.793505 -5.288371
-4.933126 -5.70459
-4.994022 -5.568869
-5.242487 -5.901065
-5.335616 -5.746254
-4.968873 -5.357037
-4.094692 -5.029241
-4.502666 -5.094812
-4.788312 -4.924387
-5.169475 -5.382787
-4.644619 -5.193858
-4.07293 -4.481878
-4.014772 -4.294657
-4.458745 -5.036518
-4.288903 -4.509182
-4.09661 -4.854177
-3.56189 -3.933687
-3.307945 -3.997621
-3.870585 -4.089941
-4.41023 -4.600476
-3.967649 -4.539103
-4.081231 -4.433384
-4.190201 -4.937353
-4.071206 -4.639162
-4.603639 -4.835775
-4.032465 -4.74555
-4.281069 -4.615419
-4.301007 -4.606059
-4.227724 -4.532849
-3.692778 -4.297668
-3.720644 -4.068083
-3.414925 -4.080347
-3.406216 -3.784859
-3.203845 -3.767251
-2.80005 -3.067452
-2.208523 -2.746557
-1.83695 -1.798353
-2.082853 -2.476312
-1.694524 -2.377198
-1.78618 -2.200304
-2.210582 -2.686718
-2.029603 -2.769586
-2.281451 -2.564567
-1.569097 -2.017569
-1.35962 -1.700166
-1.733801 -2.197587
-2.385997 -2.788796
-2.168413 -2.804095
-2.294604 -2.753515
-2.851739 -3.107194
-3.067042 -3.770279
-3.496466 -3.555655
-2.945919 -3.34553
-3.491739 -3.832198
-3.518058 -3.974465
-3.436955 -4.084119
-3.484803 -3.88813
-3.190874 -3.449889
-2.668826 -3.216646
-2.83218 -3.456623
-3.232659 -3.579553
-3.329264 -3.689679
-3.243427 -3.713744
-2.953957 -3.790893
-2.893897 -3.454879
-3.206696 -3.511274
-3.522543 -3.806936
-3.646393 -4.288066
-3.469251 -3.997966
-3.495259 -3.968354
-3.80075 -4.227986
-3.830759 -4.193134
-3.608147 -3.992461
-3.673032 -4.094937
-3.123128 -3.345037
-3.380786 -4.017525
-3.725031 -3.800519
-3.59429 -4.231324
-3.866335 -4.60643
-3.601907 -4.325798
-3.739692 -4.163422
-3.987458 -4.557658
-3.898056 -4.598258
-3.930178 -4.360679
-3.680837 -4.163245
-3.64017 -3.790823
-3.517095 -4.144911
-3.582212 -4.013157
-3.290605 -4.012403
-3.518265 -4.084596
-3.336004 -4.026427
-2.844509 -3.464104
-3.192409 -3.695573
-3.110104 -3.801059
-3.335841 -3.820081
-3.323821 -3.883005
-2.737333 -3.3425
-2.953857 -3.270893
-2.73313 -3.33648
-3.012647 -3.561334
-2.611111 -3.259064
-3.033018 -3.401983
-3.418993 -3.611795
-2.741949 -3.373134
-2.846812 -3.409647
-3.235926 -3.716886
-2.981705 -3.271097
-3.045465 -3.895676
-2.837175 -3.434989
-2.429794 -3.000613
-2.213485 -2.790404
-2.232752 -2.418189
-2.117033 -2.475652
-2.251847 -2.522039
-1.95446 -2.084081
-1.673565 -2.205831
-1.584456 -2.104425
-2.258914 -2.670716
-2.427606 -3.030909
-2.841585 -3.38441
-2.774626 -3.023832
-2.567658 -3.358774
-2.631687 -2.907173
-2.489728 -3.058012
-2.46013 -3.107817
-2.388974 -2.983309
-2.824893 -3.17986
-2.537267 -2.85277
-2.519427 -3.122023
-2.301353 -3.087233
-2.907862 -3.083791
-2.982635 -3.399474
-2.674267 -3.118893
-2.58024 -3.193022
-2.484675 -2.930962
-2.312918 -2.667905
-1.878646 -2.406138
-2.478717 -3.165831
-2.700001 -3.216512
-2.452659 -2.553603
-2.156168 -2.818402
-2.172339 -2.366142
-2.354767 -2.926107
-2.364337 -3.011911
-2.125314 -2.757417
-2.247654 -2.813176
-2.420087 -3.051619
-2.551938 -3.019632
-3.074407 -3.417164
-2.847128 -3.426842
-3.073622 -3.595107
-3.477713 -3.4986
-2.754746 -3.594199
-3.426508 -3.888337
-3.623731 -3.952756
-3.811282 -4.716049
-3.977078 -4.34551
-3.824268 -4.176454
-3.604186 -4.372163
-3.862605 -4.150645
-3.773206 -4.368019
-3.775424 -4.182419
-3.648319 -4.024579
-3.474409 -3.947428
-3.846713 -4.23657
-3.781074 -4.187837
-3.808601 -4.309205
-3.335854 -4.01138
-3.087984 -3.890974
-3.134075 -3.606974
-3.223827 -3.604898
-2.815903 -3.137206
-3.157278 -3.346062
-3.210748 -3.657302
-3.180252 -3.812136
-3.040747 -3.475342
-2.71256 -3.170147
-2.56008 -3.101719
-3.058732 -3.184491
-2.751448 -3.323041
-2.691147 -3.236313
-2.714048 -2.923065
-2.103888 -2.630086
-2.423381 -2.834814
-2.24869 -2.769371
-2.245496 -2.605806
-1.98778 -2.841797
-2.004347 -2.321749
-1.424558 -2.208132
-2.193388 -2.267821
-1.961601 -2.366682
-1.762517 -2.26407
-2.167984 -2.633346
-2.280456 -2.636711
-1.909444 -2.361707
-1.462688 -2.199764
-1.486342 -2.124082
-1.283207 -1.674122
-0.7701905 -1.268484
-0.6797474 -1.233323
-0.5284854 -1.15592
-0.8264188 -1.245868
-1.065351 -1.205649
-0.8228567 -1.586281
-0.7295065 -1.283099
-0.8415452 -1.268403
-0.8098556 -1.457612
-0.9219441 -1.254803
-0.6593895 -1.460678
-0.6694964 -1.012107
-0.6496533 -1.438208
-0.9962963 -1.46816
-0.5478547 -0.7994586
-0.595593 -0.9995124
-0.1888805 -0.7546029
-0.2660025 -0.6993603
-0.5108171 -0.9337593
-0.307602 -0.7744218
-0.1701104 -0.91058
0.5399675 -0.4850938
0.3565762 -0.008961805
0.9387888 0.6855697
1.404265 1.099762
1.424089 1.067445
1.226785 0.9532546
1.279172 0.6820299
1.197714 0.7917811
1.939924 1.349947
2.167041 1.955694
2.797176 2.114886
2.392241 2.045088
2.023913 1.633353
1.900402 1.298908
2.181048 1.710166
2.067013 1.465809
1.952247 1.437306
2.039259 1.291931
2.211359 1.793722
2.91007 2.328413
2.896795 2.280646
3.179322 2.515576
3.790246 3.506653
3.843441 3.460693
3.819432 3.236348
3.288949 2.955177
3.879495 3.309905
3.404036 2.666939
3.374164 3.114109
3.536401 2.98752
3.242477 2.983364
2.803593 2.382938
3.023991 2.64827
3.031634 2.68509
2.747364 2.096053
2.196572 2.01711
2.665185 2.182134
2.465714 2.106012
2.990876 2.399764
3.060989 2.489487
2.958958 2.524891
2.80482 2.652879
3.449541 2.56275
3.422271 3.235326
3.082506 2.723502
2.858684 2.642858
3.04035 2.658834
2.869955 2.523461
3.373847 2.783229
2.870994 2.374019
2.504517 2.007312
2.202613 1.9347
2.661615 2.670261
3.009792 2.72434
3.600391 3.133288
3.484509 3.266771
3.115357 2.752662
3.210082 2.79739
3.243408 2.887384
2.531172 2.395151
2.968435 2.826619
2.572982 2.34546
3.394792 3.002364
3.133817 2.41593
2.197404 1.938366
2.45527 1.964358
2.502703 2.043092
2.453659 2.028024
2.317374 1.936216
1.983723 1.507153
2.010202 1.170429
1.53419 1.229982
1.836029 1.170486
2.271863 1.642082
2.073817 1.339072
2.212804 1.821699
2.374655 2.032862
1.992133 1.807203
2.055057 1.454415
1.956213 1.355386
1.757319 1.56232
1.549192 1.135337
1.653907 1.601036
2.369284 1.4767
2.714722 2.236863
3.088354 2.52453
3.461073 3.038748
3.531675 3.219096
3.771932 3.300322
3.762921 3.470161
3.972344 3.592535
3.254584 3.074764
2.682144 2.24631
2.997199 2.259936
2.941825 2.407943
2.754071 2.550127
2.916811 2.153531
2.981794 2.129801
2.434242 2.035417
2.21512 1.662907
1.920595 1.648653
1.836241 1.502849
1.504027 1.317436
1.24207 1.252065
1.599854 1.144126
1.448355 1.219073
1.534151 1.152891
