6.57954
6.571799
6.650309
6.601011
6.500353
6.70821
6.624774
6.621914
6.553172
6.626066
6.504701
6.566129
6.701348
6.532851
6.498358
6.600968
6.714723
6.697252
6.693985
6.530446
6.533856
6.641027
6.59278
6.508668
6.606086
6.620269
6.631385
6.581479
6.681696
6.601602
6.704881
6.601883
6.527125
6.541241
6.670832
6.522487
6.737597
6.526311
6.570992
6.562596
6.583698
6.621966
6.428993
6.587178
6.654956
6.601551
6.527719
6.581686
6.69454
6.57462
6.539532
6.504686
6.536817
6.593316
6.542467
6.556987
6.511577
6.495138
6.588958
6.566762
6.557455
6.597669
6.630043
6.660986
6.643056
6.680612
6.568372
6.68357
6.572891
6.591844
6.504511
6.496907
6.551252
6.559556
6.598332
6.551647
6.601096
6.614976
6.600841
6.658151
6.693157
6.439798
6.508033
6.611717
6.556227
6.501283
6.513479
6.639274
6.62458
6.613029
6.547949
6.528519
6.490202
6.628867
6.654978
6.598053
6.533528
6.680001
6.742876
6.610535
6.601214
6.76113
6.641246
6.559911
6.655081
6.708128
6.603241
6.590695
6.559588
6.545421
6.567247
6.672406
6.575203
6.528438
6.511054
6.716726
6.594067
6.593523
6.640778
6.651653
6.588527
6.546764
6.631749
6.598808
6.548443
6.709171
6.541741
6.55728
6.594803
6.566512
6.628579
6.524192
6.553838
6.660549
6.564971
6.658097
6.710625
6.557946
6.513789
6.536691
6.659301
6.564851
6.676612
6.45631
6.480401
6.544365
6.491635
6.501666
6.547473
6.553229
6.65667
6.572621
6.577091
6.65653
6.575974
6.67633
6.613362
6.664295
6.584422
6.589653
6.522616
6.543948
6.503317
6.728684
6.566821
6.52582
6.547841
6.630536
6.50675
6.616678
6.563679
6.649448
6.57667
6.64753
6.514055
6.58497
6.650656
6.636176
6.579535
6.578385
6.669028
6.603661
6.688401
6.561466
6.550407
6.583077
6.65443
6.699615
6.484367
6.678103
6.568692
6.693069
6.6897
6.62014
6.519225
6.580336
6.512003
6.52417
6.485076
6.590976
6.548802
6.674612
6.617171
6.578715
6.540184
6.585159
6.643919
6.625886
6.668579
6.539541
6.590438
6.528564
6.561111
6.652927
6.610166
6.457977
6.628982
6.527894
6.571557
6.580459
6.606938
6.68577
6.592541
6.685175
6.490039
6.589186
6.596341
6.524203
6.528079
6.577386
6.557399
6.554833
6.62913
6.564736
6.622203
6.62429
6.659043
6.65028
6.681518
6.622665
6.584949
6.641749
6.543624
6.64889
6.482507
6.503133
6.578551
6.516825
6.536577
6.561966
6.587792
6.588143
6.635203
6.715851
6.605929
6.569338
6.628821
6.647757
6.574763
6.643292
6.652804
6.649831
6.61253
6.62167
6.642328
6.599131
6.564448
6.64695
6.649841
6.534697
6.57575
6.613366
6.616649
6.58462
6.657715
6.598329
6.543445
6.565668
6.617535
6.689951
6.541761
6.642522
6.55942
6.675913
6.658733
6.590387
6.596802
6.511206
6.504257
6.623282
6.588814
6.635333
6.563355
6.604282
6.621155
6.672789
6.484421
6.482925
6.56307
6.590347
6.536966
6.525887
6.579667
6.626757
6.660983
6.602585
6.563131
6.671386
6.642493
6.570942
6.471512
6.614628
6.612231
6.532841
6.529238
6.60282
6.554794
6.605431
6.540128
6.619219
6.636369
6.648707
6.560288
6.561651
6.652241
6.56836
6.5954
6.570166
6.6524
6.560693
6.528673
6.586155
6.592561
6.544173
6.578156
6.605266
6.627605
6.63109
6.569036
6.663663
6.583636
6.573465
6.600244
6.662091
6.598111
6.642243
6.716339
6.624012
6.590863
6.543953
6.575079
6.718661
6.639089
6.62327
6.57086
6.611895
6.548621
6.616122
6.663947
6.618508
6.530849
6.620454
6.706068
6.556702
6.691472
6.497733
6.677181
6.571859
6.441998
6.57689
6.690055
6.639467
6.559258
6.535279
6.505645
6.643913
6.541533
6.496277
6.548718
6.540094
6.556213
6.607909
6.667841
6.605454
6.590622
6.538028
6.662231
6.677277
6.702355
6.584192
6.583312
6.655613
6.594614
6.573432
6.672774
6.564275
6.598939
6.560935
6.521755
6.594457
6.684741
6.642707
6.588314
6.647897
6.535725
6.524659
6.573469
6.611759
6.62782
6.705957
6.66991
6.489129
6.669578
6.660622
6.536371
6.562436
6.475881
6.585256
6.6484
6.619072
6.62648
6.495299
6.557934
6.624281
6.625529
6.584095
6.527347
6.676049
6.66072
6.636571
6.620699
6.604078
6.619235
6.652154
6.673142
6.675823
6.609384
6.5286
6.618447
6.502495
6.569347
6.506042
6.581514
6.70443
6.470221
6.524161
6.576192
6.5794
6.584126
6.570849
6.600315
6.580317
6.617513
6.585493
6.689614
6.48289
6.650081
6.645479
6.62606
6.57616
6.514639
6.662349
6.626459
6.625115
6.688619
6.590668
6.589915
6.556211
6.680101
6.675094
6.539004
6.609265
6.515722
6.61754
6.489847
6.66303
6.580783
6.56456
6.474609
6.533259
6.563809
6.526976
6.585935
6.588652
6.53233
6.615341
6.600121
6.563664
6.660975
6.453844
6.553804
6.590999
6.632754
6.530033
6.600079
6.531295
6.576757
6.565942
6.676204
6.61934
6.580633
6.649571
6.551138
6.587108
6.599925
6.690839
6.612266
6.694821
6.604096
6.556142
6.633761
6.60493
6.663045
6.571469
6.630487
6.502901
6.662723
6.554162
6.504135
6.59991
6.619981
6.611335
6.575162
6.626283
6.549606
6.633509
6.598499
6.59046
6.679595
6.579833
6.562055
6.599399
6.623869
6.524702
6.572336
6.64413
6.649137
6.604475
6.605093
6.720858
6.654926
6.58475
6.732948
6.621028
6.696827
6.547129
6.477807
6.638186
6.578187
6.674321
6.576695
6.643676
6.516151
6.59215
6.527685
6.566627
6.657277
6.557205
6.683974
6.591154
6.629888
6.609079
6.532938
6.633995
6.604649
6.705067
6.67139
6.768313
6.625264
6.528041
6.623458
6.619472
6.569627
6.673479
6.532416
6.598058
6.634556
6.615637
6.566246
6.5742
6.590301
6.622046
6.637052
6.565985
6.547446
6.589512
6.5166
6.560327
6.535668
6.683398
6.501557
6.564845
6.464976
6.584459
6.497458
6.492459
6.558979
6.610104
6.554365
6.606978
6.659705
6.590151
6.52037
6.642141
6.652997
6.758991
6.731004
6.611259
6.589249
6.527125
6.492041
6.562522
6.586676
6.629118
6.542778
6.580668
6.564178
6.526788
6.493859
6.516363
6.607315
6.598247
6.70576
6.474721
6.684037
6.540527
6.59491
6.486224
6.559402
6.569614
6.566745
6.662066
6.461359
6.618319
6.584763
6.567496
6.68815
6.580051
6.653641
6.652221
6.479058
6.590445
6.524337
6.631879
6.504798
6.411644
6.611993
6.617896
6.504317
6.680242
6.690065
6.565263
6.573396
6.43828
6.560876
6.585619
6.595436
6.565132
6.609858
6.696348
6.65892
6.548105
6.528454
6.522805
6.472485
6.567909
6.611401
6.551938
6.617153
6.619937
6.614303
6.582038
6.733848
6.603631
6.559946
6.601016
6.457005
6.701055
6.589661
6.520087
6.649369
6.586805
6.623623
6.644016
6.597986
6.646472
6.598431
6.652108
6.627498
6.560437
6.634224
6.555487
6.620821
6.504548
6.587399
6.583267
6.539135
6.482868
6.670309
6.554392
6.563139
6.592078
6.581416
6.583868
6.638914
6.5105
6.579667
6.619069
6.673717
6.64894
6.679164
6.613601
6.551754
6.660353
6.525786
6.555893
6.554793
6.588268
6.515239
6.593999
6.646669
6.607563
6.576372
6.530007
6.503893
6.597179
6.657208
6.610819
6.600702
6.580688
6.646869
6.537016
6.638947
6.515828
6.609524
6.543213
6.62335
6.597909
6.538056
6.572603
6.572928
6.570498
6.568161
6.663448
6.73394
6.480669
6.588659
6.636607
6.671298
6.575414
6.501464
6.622811
6.586505
6.594867
6.606969
6.570916
6.661059
6.491778
6.608532
6.606023
6.676659
6.583605
6.618474
6.62992
6.646394
6.551116
6.590973
6.628811
6.547403
6.49707
6.549416
6.558619
6.621557
6.59686
6.610547
6.462648
6.528349
6.561215
6.569884
6.58812
6.570914
6.702963
6.63713
6.577682
6.685629
6.636316
6.655901
6.637048
6.724416
6.732293
6.425895
6.557654
6.596115
6.571591
6.474738
6.579841
6.575163
6.648938
6.589496
6.586169
6.574611
6.606728
6.669488
6.51427
6.58281
6.646261
6.620473
6.601182
6.629526
6.638284
6.531575
6.594445
6.633445
6.476808
6.666106
6.600009
6.579321
6.554953
6.643134
6.524716
6.60297
6.542116
6.556483
6.663909
6.57397
6.594076
6.69059
6.591949
6.58305
6.60137
6.534705
6.60012
6.576949
6.608657
6.532144
6.577089
6.523947
6.570749
6.590882
6.609774
6.506288
6.552721
6.672708
6.57811
6.584069
6.622674
6.534935
6.648607
6.495404
6.515451
6.630164
6.617794
6.625103
6.518982
6.613186
6.597023
6.63921
6.664367
6.575496
6.684449
6.63163
6.572015
6.545137
6.570397
6.506389
6.550848
6.583199
6.566654
6.561279
6.562876
6.630489
6.69787
6.421677
6.623002
6.614456
6.557014
6.573724
6.591345
6.666468
6.590481
6.616332
6.642377
6.569735
6.634572
6.623333
6.476926
6.591851
6.508144
6.689636
6.582742
6.533167
6.640271
6.625075
6.679776
6.639267
6.629083
6.578769
6.418198
6.560449
6.528676
6.626435
6.522882
6.573895
6.594387
6.359465
6.625633
6.638675
6.610629
6.590392
6.657632
6.626327
6.683429
6.570318
6.567823
6.614837
6.598459
6.674058
6.607683
6.651326
6.721404
6.556189
6.582977
6.547932
6.726014
6.63236
6.662223
6.501492
6.613013
6.640236
6.579451
6.629446
6.688936
6.546056
6.476223
6.608981
6.524145
6.618885
6.634298
6.563247
6.604164
6.623607
6.630091
6.579278
6.645029
6.490913
6.612123
6.60705
6.612596
6.604041
6.621658
6.609269
6.583345
6.560433
6.585299
6.647948
6.585915
6.614278
6.595424
6.531599
6.594927
6.536785
6.634372
6.664658
6.569783
6.574787
6.667493
6.58308
6.616742
6.58946
6.619799
6.545487
6.632834
6.548081
6.610894
6.733724
6.662456
6.613913
6.530887
6.647587
6.582335
6.62713
6.577419
6.580053
6.617778
6.633827
6.437621
6.661556
6.566501
6.483883
6.57774
6.660059
6.602934
6.623378
6.645745
6.574323
6.572366
6.594245
6.550778
6.661406
6.605176
6.62724
6.574884
6.596057
6.683103
6.599254
6.612799
6.649245
6.669527
6.603059
6.5662
6.757641
6.610635
6.585892
6.626956
6.476877
6.567721
6.622904
6.572426
6.606661
6.686606
6.640848
6.579303
6.573442
6.576895
6.537285
6.593932
6.676732
6.583871
6.610782
6.552993
6.619536
6.563443
6.631878
6.469933
6.580802
6.617596
6.644978
6.708967
6.53836
6.596254
6.535411
6.522554
6.616204
6.714559
6.541209
6.720255
6.540329
6.609349
6.580972
6.561974
6.615693
6.571397
6.680317
6.590096
6.659372
6.549561
6.511082
6.596232
6.642504
6.796252
6.580604
6.578938
6.657494
6.536052
6.675876
6.497851
6.398879
6.47811
6.598765
6.570126
6.610182
6.658949
6.549443
6.61716
6.613203
6.587162
6.663235
6.598066
6.668716
6.530543
6.487962
6.548346
6.637055
6.620466
6.568262
6.613731
6.640084
6.571233
6.447646
6.601343
6.643753
6.567882
6.602983
6.479362
6.615215
6.551328
6.622838
6.721471
6.461399
6.562849
6.65567
6.705568
6.539903
6.560265
6.557057
6.638771
6.66698
6.596381
6.593887
6.649995
6.502036
6.598535
6.64939
6.640952
6.600251
6.669842
6.615501
6.698979
6.597403
6.514141
6.713521
6.73047
6.549723
6.559088
6.602643
6.573825
6.566101
6.500653
6.622575
6.606035
6.632645
6.569837
6.555236
6.561593
6.661793
6.690618
6.549103
6.524697
6.607996
6.589395
6.627795
6.650932
6.615091
6.554465
6.532347
6.610402
6.569477
6.594543
6.539616
6.653923
6.563596
6.563133
6.573209
6.617058
6.646198
6.498107
6.612259
6.576422
6.533429
6.534623
6.603711
6.62659
6.602023
6.572068
6.575643
6.63365
6.521337
6.597401
6.649421
6.551538
6.776231
6.64569
6.580076
6.597748
6.607205
6.616539
6.500974
6.678695
6.731399
6.585362
6.526796
6.733945
6.547324
6.599088
6.531141
6.615307
6.595224
6.582778
6.600898
6.621127
6.563153
6.671837
6.581718
6.548927
6.544508
6.618783
6.558565
6.608648
6.577556
6.606594
6.565039
6.567491
6.555805
6.618491
6.571132
6.555758
6.621201
6.627024
6.429332
6.608645
6.605655
6.628976
6.603328
6.58334
6.731501
6.600845
6.56915
6.624064
6.654905
6.681147
6.577383
6.598134
6.579952
6.56986
6.610301
6.566538
6.646322
6.646737
6.624283
6.597507
6.533742
6.549771
6.558574
6.523543
6.63407
6.586867
6.562672
6.696905
6.561531
6.521447
6.571397
6.794266
6.629023
6.535116
6.613448
6.534146
6.614746
6.554364
6.661059
6.598428
6.571841
6.593651
6.558798
6.54334
6.685628
6.542638
6.63243
6.526432
6.700774
6.504321
6.630744
6.610256
6.615016
6.672618
6.605622
6.63553
6.591529
6.475197
6.66853
6.696895
6.541355
6.54641
6.533948
6.662391
6.597082
6.640264
6.543236
6.624479
6.578054
6.645489
6.653406
6.672113
6.657275
6.557375
6.636942
6.479555
6.633205
6.591933
6.618029
6.59381
6.699775
6.641217
6.634356
6.636971
6.57255
6.624329
6.53329
6.79122
6.508433
6.657612
6.657243
6.546215
6.519978
6.623489
6.585028
6.573063
6.69402
6.648304
6.502198
6.640101
6.526558
6.675445
6.638942
6.590998
6.673503
6.564368
6.589067
6.557255
6.537585
6.573175
6.583556
6.466758
6.571419
6.561765
6.60972
6.64259
6.476815
6.671761
6.615017
6.604242
6.491272
6.686472
6.602352
6.568252
6.606645
6.552763
6.52964
6.644455
6.609264
6.558275
6.494063
6.611631
6.639246
6.603244
6.551457
6.589847
6.66893
6.591093
6.560262
6.617333
6.510717
6.565302
6.649701
6.553157
6.502606
6.567309
6.550523
6.59983
6.589554
6.557281
6.694646
6.581045
6.488782
6.557799
6.58181
6.621
6.649912
6.591532
6.488541
6.573268
6.565424
6.548019
6.522662
6.611988
6.691996
6.594805
6.58535
6.695656
6.59286
6.71473
6.61117
6.635517
6.510683
6.669615
6.667924
6.533955
6.618161
6.583053
6.565144
6.630024
6.58407
6.64766
6.54721
6.643435
6.603755
6.624763
6.5798
6.623198
6.651321
6.593554
6.601593
6.573274
6.581287
6.639211
6.488439
6.530751
6.572039
6.655603
6.611778
6.642113
6.575864
6.54263
6.569139
6.457741
6.535196
6.631659
6.567525
6.566312
6.606975
6.593957
6.604365
6.552436
6.558244
6.637847
6.714103
6.558899
6.605791
6.55024
6.558221
6.651856
6.562974
6.688366
6.471901
6.599936
6.603372
6.684878
6.713193
6.665766
6.598059
6.668269
6.553608
6.620706
6.619018
6.669299
6.588453
6.551508
6.622368
6.522769
6.636156
6.48094
6.510188
6.660794
6.586232
6.574831
6.670806
6.463581
6.595882
6.584996
6.551934
6.578164
6.587773
6.662834
6.477982
6.67137
6.538319
6.556423
6.579243
6.592898
6.486627
6.63362
6.561257
6.647732
6.548211
6.49469
6.67033
6.626068
6.672767
6.547284
6.563144
6.544441
6.662335
6.573619
6.615179
6.60466
6.490175
6.568658
6.669514
6.544205
6.655779
6.597921
6.635491
6.583722
6.519123
6.635899
6.64553
6.686306
6.638355
6.535446
6.677556
6.618143
6.640764
6.702239
6.636854
6.605306
6.594949
6.623941
6.621038
6.623952
6.65353
6.566015
6.546943
6.597023
6.679303
6.571253
6.692615
6.57328
6.649762
6.677888
6.628877
6.639125
6.543613
6.573653
6.578823
6.604344
6.496936
6.535099
6.521057
6.528402
6.574373
6.680077
6.604951
6.634708
6.629558
6.646135
6.53645
6.642202
6.46661
6.518737
6.528265
6.675044
6.581942
6.539895
6.58098
6.594518
6.599752
6.66076
6.653123
6.633517
6.663311
6.610396
6.57223
6.667374
6.642009
6.681596
6.616474
6.616
6.646958
6.543944
6.566798
6.668005
6.650389
6.54227
6.627554
6.691206
6.645686
6.505268
6.637674
6.574151
6.639918
6.634753
6.662064
6.633206
6.52699
6.53887
6.578419
6.666493
6.616291
6.688237
6.53812
6.621581
6.677143
6.630716
6.67608
6.554175
6.586952
6.594638
6.642621
6.616013
6.527297
6.621663
6.69543
6.597487
6.581932
6.552207
6.586363
6.560682
6.627581
6.681969
6.640568
6.584015
6.626279
6.513283
6.513749
6.52867
6.678206
6.636647
6.523731
6.647706
6.590914
6.553669
6.600392
6.499175
6.614982
6.643142
6.529951
6.693642
6.603757
6.583342
6.673218
6.582617
6.549075
6.499806
6.542572
6.609338
6.698468
6.675097
6.541259
6.537548
6.565426
6.613579
6.686081
6.560231
6.628556
6.613112
6.647752
6.615463
6.601676
6.570917
6.598883
6.587093
6.593222
6.567999
6.541326
6.517276
6.716987
6.554659
6.598758
6.589644
6.580254
6.600435
6.712098
6.624945
6.604595
6.595326
6.527152
6.602362
6.578189
6.571246
6.636686
6.509715
6.682147
6.543009
6.60307
6.511186
6.649193
6.631027
6.576024
6.673151
6.582419
6.598481
6.747129
6.598515
6.606808
6.652337
6.627588
6.53013
6.602706
6.52332
6.603116
6.651873
6.661396
6.683483
6.648621
6.624619
6.544942
6.496051
6.669377
6.510048
6.502086
6.565493
6.619635
6.611435
6.673476
6.551154
6.636312
6.721277
6.557228
6.560322
6.563801
6.664833
6.622773
6.631918
6.636572
6.524584
6.603257
6.469103
6.582386
6.692899
6.565084
6.780232
6.62302
6.54599
6.51999
6.59101
6.568892
6.520606
6.620506
6.634622
6.651035
6.701116
6.604076
6.488296
6.618239
6.58048
6.601791
6.615541
6.499778
6.587622
6.564604
6.546598
6.558591
6.522579
6.566349
6.676604
6.643118
6.540352
6.583593
6.607621
6.6219
6.69233
6.659391
6.545826
6.675234
6.599706
6.613789
6.611419
6.507141
6.623235
6.591906
6.514813
6.498587
6.557411
6.550923
6.502697
6.596205
6.616703
6.618769
6.623845
6.710982
6.626115
6.441864
6.603097
6.530306
6.720651
6.523088
6.661993
6.675284
6.566624
6.49412
6.61941
6.66377
6.599025
6.559835
6.741822
6.524863
6.580457
6.516392
6.529594
6.609514
6.753057
6.618875
6.620917
6.645706
6.630857
6.604082
6.711022
6.613283
6.657695
6.549443
6.558091
6.626954
6.602152
6.571587
6.633523
6.532599
6.569597
6.592579
6.494137
6.682436
6.54391
6.485341
6.672366
6.636266
6.499123
6.758495
6.541227
6.602302
6.650049
6.560402
6.568858
6.604387
6.587685
6.527942
6.634854
6.588914
6.555986
6.654586
6.609613
6.526581
6.665729
6.611332
6.661453
6.61578
6.555422
6.643451
6.604036
6.542354
6.60994
6.666741
6.652594
6.504713
6.544213
6.586148
6.526446
6.637288
6.667911
6.559847
6.507653
6.540215
6.598643
6.640127
6.599636
6.67735
6.646737
6.57603
6.597323
6.619326
6.599382
6.552192
6.511804
6.563388
6.604382
6.499042
6.681384
6.589786
6.581489
6.506155
6.470202
6.582269
6.575167
6.643712
6.541702
6.533093
6.622899
6.566778
6.660937
6.433028
6.517458
6.63904
6.593135
6.571207
6.620154
6.601304
6.521129
6.535559
6.68162
6.580977
6.591952
6.558432
6.56975
6.605853
6.606069
6.605177
6.494048
6.578951
6.614303
6.617881
6.501499
6.721692
6.631991
6.540988
6.599237
6.643314
6.621233
6.594217
6.565487
6.573544
6.606201
6.630326
6.626351
6.551908
6.586542
6.471652
6.567066
6.590786
6.554679
6.62073
6.696103
6.577199
6.60866
6.615273
6.675515
6.518234
6.643391
6.57973
6.658253
6.555067
6.68848
6.525941
6.598882
6.528875
6.534417
6.577524
6.590302
6.594193
6.665576
6.614733
6.571201
6.568788
6.486961
6.522813
6.580766
6.490842
6.544483
6.619623
6.551346
6.621421
6.555949
6.572483
6.581662
6.657761
6.589961
6.549196
6.613853
6.622673
6.673123
6.748605
6.706872
6.553922
6.634036
6.576341
6.513381
6.551332
6.630786
6.559804
6.631885
6.525947
6.470186
6.704049
6.606432
6.700436
6.626425
6.574371
6.574949
6.546235
6.611118
6.62581
6.644724
6.567602
6.559077
6.556819
6.633468
6.619305
6.607826
6.535769
6.606555
6.58853
6.500321
6.607002
6.687584
6.530482
6.550113
6.605699
6.683477
6.598279
6.52836
6.535817
6.530628
6.581722
6.578281
6.588896
6.545992
6.60166
6.622738
6.651614
6.542968
6.593361
6.6191
6.533367
6.588729
6.594908
6.569195
6.65039
6.582852
6.548463
6.585014
6.684249
6.575008
6.531284
6.640904
6.52191
6.557997
6.550036
6.71609
6.545084
6.69602
6.599677
6.629893
6.779381
6.489365
6.523327
6.641351
6.550298
6.609521
6.532561
6.647296
6.574237
6.54093
6.542431
6.679557
6.573798
6.678538
6.583745
6.673884
6.631886
6.682701
6.749978
6.599595
6.586072
6.600469
6.576268
6.683049
6.558137
6.596337
6.44028
6.54188
6.61204
6.510131
6.690692
6.657721
6.675711
6.593719
6.577955
6.598211
6.68095
6.638761
6.486477
6.603513
6.54522
6.54223
6.512338
6.614434
6.590424
6.552992
6.59518
6.679645
6.557352
6.549694
6.623683
6.592309
6.58489
6.630435
6.60037
6.637927
6.639044
6.561603
6.556183
6.533494
6.75721
6.675255
6.589068
6.653967
6.575316
6.523445
6.690773
6.616663
6.640474
6.651092
6.575056
6.663023
6.544578
6.627987
6.681973
6.640307
6.498123
6.568072
6.655401
6.550975
6.660967
6.625788
6.633994
6.58371
6.509012
6.669154
6.617705
6.578329
6.607721
6.610152
6.495113
6.551676
6.631681
6.510344
6.644236
6.589652
6.570021
6.524352
6.616188
6.62451
6.515403
6.528386
6.540777
6.621439
6.609206
6.591399
6.58914
6.569667
6.524257
6.663361
6.527243
6.526429
6.464685
6.553925
6.525083
6.629718
6.594976
6.612889
6.538085
6.603732
6.538801
6.645484
6.606654
6.61755
6.553884
6.563444
6.603449
6.563557
6.595297
6.551722
6.627827
6.502551
6.632694
6.547726
6.564803
6.602803
6.615026
6.62515
6.56829
6.626493
6.547251
6.570639
6.550707
6.612715
6.669809
6.544333
6.594711
6.523479
6.573566
6.671662
6.787675
6.57902
6.558071
6.535337
6.551377
6.650509
6.687613
6.59468
6.521684
6.608619
6.532007
6.662929
6.487112
6.560417
6.605755
6.560154
6.622671
6.536553
6.658123
6.597717
6.599921
6.467901
6.661031
6.51866
6.614245
6.684791
6.580537
6.613386
6.663448
6.644491
6.609267
6.591698
6.635264
6.584239
6.542466
6.600973
6.566017
6.606628
6.565417
6.576182
6.530231
6.583349
6.594059
6.562621
6.664884
6.553501
6.573653
6.6523
6.568876
6.619933
6.571259
6.469273
6.622832
6.600217
6.660522
6.567006
6.598298
6.56942
6.546282
6.656607
6.569541
6.622686
6.568102
6.49369
6.660882
6.630737
6.638088
6.605397
6.546129
6.645046
6.563765
6.648717
6.600071
6.635162
6.651155
6.568004
6.626683
6.644784
6.60668
6.721478
6.539167
6.658068
6.663701
6.582969
6.602522
6.600747
6.605893
6.614615
6.543377
6.598798
6.685219
6.639821
6.623351
6.679348
6.571804
6.684312
6.631191
6.611406
6.653801
6.481677
6.648098
6.593922
6.535655
6.59868
6.589436
6.618324
6.628675
6.531429
6.617763
6.660728
6.637859
6.656767
6.54142
6.75456
6.572901
6.638079
6.687929
6.642689
6.677116
6.568263
6.585149
6.568133
6.598112
6.71649
6.666925
6.718543
6.494815
6.554592
6.643306
6.516971
6.579439
6.58218
6.548649
6.531887
6.72386
6.640093
6.584091
6.531718
6.550321
6.584705
6.51811
6.680841
6.578373
6.513749
6.675657
6.692184
6.570082
6.647368
6.555975
6.711322
6.672429
6.589271
6.512168
6.578729
6.711202
6.578515
6.610431
6.69197
6.501502
6.554798
6.570774
6.528002
6.611988
6.50839
6.634536
6.623745
6.558714
6.540789
6.618375
6.66504
6.711482
6.61951
6.578248
6.69008
6.52556
6.667183
6.607597
6.66056
6.673487
6.544464
6.535877
6.497649
6.66653
6.674137
6.568768
6.647698
6.555487
6.657907
6.649116
6.561357
6.60187
6.502731
6.655019
6.511654
6.588964
6.623323
6.614913
6.696274
6.642873
6.448421
6.56094
6.598957
6.648295
6.579082
6.543976
6.616836
6.718015
6.616206
6.628445
6.6687
6.505308
6.601011
6.685654
6.676548
6.540121
6.652851
6.624053
6.577999
6.522596
6.606697
6.474664
6.617113
6.560932
6.62042
6.58629
6.667234
6.612776
6.550002
6.54013
6.629695
6.586042
6.624082
