1.727465
1.851418
1.380043
1.653222
1.391622
1.386905
1.728329
1.482615
1.431492
1.418083
1.036901
0.6654536
0.9640308
0.9888211
0.8981833
1.101087
0.8365879
0.6805516
0.5850778
0.6807983
0.6491796
0.644568
0.6644586
0.4540539
0.6862333
0.3719102
0.3188363
0.4044569
0.4818972
0.650347
0.6326226
0.7613923
0.819636
0.6688856
0.6433627
0.7339693
0.7318602
0.6889847
0.6245729
0.6257024
0.6165069
0.7680058
0.8312574
0.7611503
0.7587786
0.5650366
0.5444758
0.4508147
0.4723579
0.5489407
0.6311788
0.7452019
0.916175
0.9479318
1.07312
0.8852204
0.9519992
1.076128
1.555942
1.100274
1.343442
1.301685
1.602485
2.138142
1.677398
2.007456
1.524392
1.413352
1.542084
2.097605
1.339626
1.663163
1.328254
1.095159
1.14322
1.726998
1.424122
1.990436
1.3906
1.566798
1.224991
1.385798
1.573175
1.285933
1.517934
1.879152
1.722194
1.466433
1.433437
0.7451126
0.8676172
0.7725354
0.8610323
0.862841
1.074652
1.165355
0.6874641
0.5650402
0.5560205
0.541598
0.4871862
0.4834163
0.3980476
0.3062455
0.3651144
0.3832846
0.2805356
0.2635794
0.310142
0.3555866
0.4682959
0.81605
0.62419
0.8184452
0.9554501
0.6154655
0.5956711
0.7617181
0.6324283
0.7300875
0.7837494
0.7471177
0.5143962
0.3927755
0.5245503
0.519192
0.8225004
0.5543594
0.5565526
0.5819871
0.5811873
0.6874275
0.7205142
0.8740094
1.05201
1.069029
1.330196
0.9341275
0.819602
0.6555007
0.7378397
1.21361
1.028753
0.971351
0.5999342
0.6027716
0.6214547
0.701039
0.606313
0.7329152
0.6124744
0.7510967
0.5927097
0.7796258
1.046472
1.298999
0.9670189
0.9238907
1.093416
1.032845
1.071379
1.400589
1.155693
1.116865
0.900778
0.7527069
0.7355075
0.5469428
0.518015
0.6533741
0.7307425
0.5789253
0.4661285
0.4196647
0.3571012
0.3639028
0.484492
0.6382369
0.8631036
0.6974163
1.388917
1.044607
0.9340167
0.7379413
1.015866
0.7199826
1.216379
0.95184
1.434617
1.33796
1.796167
1.140876
1.23649
1.129174
1.08804
1.299456
1.334208
0.9743271
0.6241802
0.8940343
0.9611153
1.014333
0.9258462
0.6342765
0.595485
0.6377232
0.667018
0.4933743
0.4988784
0.4999558
0.6280176
0.8550932
0.6257011
0.4522242
0.5071116
0.6136731
0.9195574
0.8426185
0.9121
0.7432478
0.7780684
0.6314711
0.5369974
0.5508058
0.5453264
0.7225652
0.5594321
1.02575
1.069094
0.8205771
0.8853976
1.088514
0.991256
0.7017153
0.6395276
0.6894809
0.7817773
0.6125322
0.7428059
0.8278667
1.0582
1.179524
1.814644
1.824841
1.642841
1.271635
1.030511
0.6681223
0.9700865
1.262648
1.66296
1.059335
1.099733
1.279951
0.9599092
0.714216
0.6702494
0.6325246
0.3388193
0.4793769
0.5527663
0.5373034
0.3985203
0.55262
0.6201256
0.576675
0.8983622
0.6941422
0.5019813
0.5498143
0.6181562
0.5483172
0.754878
1.102389
1.315294
0.9670551
0.9924662
1.338575
1.331024
0.9526819
0.6026123
0.5150434
0.5191193
0.5997075
0.668671
0.7660826
0.6199615
0.7462902
0.6922051
0.5373059
0.8007662
0.8877587
0.9169194
1.031049
1.028243
1.020039
0.8770495
0.9970997
0.9361605
1.071906
0.581882
0.7998462
0.7353005
0.5948205
0.8020789
0.8152989
0.6682431
0.7392768
0.8551854
0.5914941
0.5559775
0.4759986
0.4497933
0.570046
0.6907574
0.6357664
0.823596
1.033769
0.778529
0.8052997
0.7450514
0.5538469
0.5479775
0.6269341
0.5641401
0.6336572
0.737596
0.7175653
0.684549
0.8704008
1.292282
1.174608
0.8939821
1.437116
1.842829
1.844692
1.699287
1.024299
0.9784197
0.9583597
1.321796
1.491247
1.250675
1.169228
1.377687
1.009209
0.830771
0.8908716
0.7392116
0.7499407
0.8959614
0.9712018
0.987664
0.6755972
0.7674242
0.9579812
0.7772186
0.8157235
0.8709066
0.8522352
0.902114
0.9270523
0.8501735
0.7698362
1.004455
1.055722
1.218084
0.9649724
1.125034
1.003266
0.990822
0.8490411
0.9183705
1.135796
1.189752
0.7729553
0.9644921
0.6934186
0.6318482
0.8299728
0.978387
1.063763
1.084882
1.154527
0.7762501
0.9470412
0.7963219
1.316738
0.5615508
0.9267546
0.9327393
0.7264113
0.6968228
0.8754606
0.7274761
0.9349399
0.7405653
0.9526763
0.8977532
0.8967738
0.9561619
0.9423501
0.9839831
0.861605
0.9113017
1.125678
1.888627
1.347678
1.648438
1.445143
1.094885
0.8822932
1.016568
0.893979
0.7151651
0.6371429
0.8021848
0.7596075
1.151123
1.375866
1.194177
1.336747
0.9944948
0.918077
1.524575
1.825849
1.953573
1.986365
1.890777
1.530144
1.341704
1.380324
1.517037
1.191702
1.223417
0.9733739
0.6680574
0.7724707
0.9809295
1.276168
1.513509
2.259136
1.785193
1.826183
1.763567
1.414843
1.813503
1.19252
1.179822
1.825315
1.656815
1.544225
1.217936
0.8447098
0.6796987
0.6039099
0.4163607
0.3618482
0.5548726
0.6039208
0.6147967
0.6451796
0.4570688
0.7059613
0.4812741
0.6224783
0.5992291
0.8849439
0.5491635
0.5165372
0.6635962
0.8537713
0.6634113
0.5535196
0.5592439
0.7776022
0.6188497
0.753269
0.6898941
0.6848556
0.829986
1.021324
0.9019656
1.152514
0.9816636
1.105391
0.9370153
1.070013
1.066581
1.253083
1.340896
1.059827
0.7678858
0.9650821
0.6445438
0.6919758
0.7616978
0.9540932
1.110051
1.189187
0.9190017
0.833513
0.9548088
0.8575223
1.169563
1.521975
1.188014
0.6230713
0.4771054
0.6938366
0.9582112
1.046274
1.119907
0.8847457
0.7464754
0.8696789
0.6764193
0.5623246
0.5880675
0.8938031
1.315362
0.9949808
0.6062951
0.7519621
0.7658601
1.054966
1.385371
1.541115
1.047432
0.7840542
0.718479
0.717459
0.5496161
0.6501328
0.6270717
0.5480891
0.5653179
0.7353719
1.159795
1.540625
1.493476
1.105024
0.6818258
0.5987817
0.5865203
0.6698436
0.8942484
0.6931844
0.6173056
0.8382939
0.7879746
1.026439
0.8791458
1.050863
1.32374
1.212514
1.103174
1.333363
1.402994
1.00325
1.158284
0.8589352
0.9359052
0.9934214
0.6603028
0.7019899
0.6169821
0.4524235
0.3853338
0.4502227
0.5802617
0.7346298
0.8301947
0.6868094
0.6553454
0.6103261
0.8005001
1.016514
1.112047
0.722693
0.7954845
0.8387428
0.8931753
0.4879147
0.4937457
0.6080024
0.6330623
0.6411507
0.4434249
0.548183
0.7523106
0.871429
0.8388053
0.911472
0.9420452
1.192853
1.369084
1.388647
1.140613
1.531248
1.555932
1.940906
1.530389
1.413863
1.504788
1.140256
1.081727
1.012349
0.9423424
0.9414245
0.7984206
0.8483783
0.9821139
1.016755
0.9548674
1.079418
0.904301
0.6007046
0.6958032
0.8529354
0.7243798
0.8732676
0.7174001
1.207476
1.489123
1.466322
1.580305
1.672207
1.371229
1.044694
0.8793527
0.7755427
0.7425676
0.5622158
0.6144454
0.7734886
0.6506009
0.5201891
0.716713
0.7286682
0.7393587
0.7327237
0.9468844
0.9401037
0.7513988
0.6570102
0.7407067
0.6627539
0.5336311
0.5341467
0.6889466
0.7236464
0.9351861
0.9606096
0.9189976
0.9261344
1.016092
0.8442045
0.7184779
1.017509
0.936928
0.952035
0.9935158
1.362408
1.077585
0.6187057
0.5204483
0.5679997
0.7594933
0.5785297
0.3869812
0.4628183
0.5182745
0.4488758
0.3613872
0.4202118
0.479765
0.6709657
0.3311947
0.4760455
0.3840309
0.5824899
0.5573
0.6992331
0.8919872
0.6773598
0.6730069
0.4129671
0.4385723
0.4075955
0.5272379
0.465015
0.4037957
0.3650304
0.4355391
0.7710298
0.6494844
0.7530623
0.8305179
0.6428152
0.6351217
0.5717938
0.6882762
0.7830442
0.9203045
0.609614
0.6897211
0.6477263
0.8905719
0.8294238
0.9577703
0.8243204
0.9132723
0.7936995
0.7294889
0.8349284
0.8017889
0.9407303
0.9672135
0.7439975
0.6651517
0.8892705
1.150341
1.326427
1.097794
1.32264
1.407019
0.9416535
1.060838
0.8152163
0.946223
0.8703753
0.9936658
1.164275
1.671667
1.638098
1.539135
1.680486
1.77748
1.262787
1.987586
1.738501
1.536505
1.398894
1.083313
0.9408813
0.9197634
0.9814175
0.8462807
0.7548728
0.8877616
0.4460455
0.4104687
0.5058191
0.7210375
0.4432613
0.4523461
0.4718718
0.5086087
0.6910522
0.8328334
0.9594876
0.8364622
1.151351
0.9462645
0.7965666
0.8777643
1.507538
1.112118
0.8596642
0.7403825
0.7275489
0.8757278
0.9152171
0.8100251
0.7262868
0.9570943
1.030916
1.184118
1.125298
1.059833
1.34537
1.554657
1.187853
1.544915
1.468331
1.408436
1.152952
1.22504
1.228687
1.202318
1.018765
1.248292
1.223972
0.9656091
0.8429671
0.9166103
1.149273
1.089742
1.122089
0.9024274
0.6873651
0.8936967
0.6387049
0.9007152
1.101974
1.511299
1.082024
1.633135
1.415427
1.747662
1.9422
1.1838
0.9031804
0.7235863
0.8032981
1.042571
1.044218
1.244515
0.8902021
1.361489
1.299431
1.191241
0.8143536
0.7370927
0.8751865
0.6714088
0.6729615
0.887156
0.9525035
0.8368168
0.8507892
1.173755
0.9835777
1.146429
1.268082
1.162541
0.9239702
1.060421
1.291989
1.289579
1.377484
1.568091
1.036767
0.6606019
0.6821439
0.781706
0.9545467
0.8446324
1.028566
0.7963577
0.7064944
0.9430084
1.375587
1.166012
0.7796615
0.9084865
0.7203562
1.134501
1.034291
1.156978
0.8123109
0.8952492
1.511317
1.094616
0.9916508
0.7810561
0.6868112
0.7911243
0.8177519
0.7278257
0.577661
0.9000789
0.9120608
0.8960637
1.099396
0.5832623
0.3440912
0.3900616
0.3764926
0.41973
0.6250119
0.7308535
0.7202592
0.9785432
1.175487
1.298634
1.110474
1.211867
1.03368
0.7605754
0.9341862
1.171671
1.200352
0.7357326
1.019449
0.6718411
0.9030138
1.428322
1.158913
1.790159
1.261876
1.310053
1.652839
1.324738
1.438389
1.158141
1.264371
1.001088
1.099536
0.8657122
0.9082416
1.069184
1.077783
0.9776318
1.103368
1.012717
1.037578
1.03162
1.01549
1.13236
1.397946
1.351125
1.08804
1.030698
0.9288433
0.9438829
0.7868658
0.6668452
1.230028
1.081438
1.041034
1.149022
1.220684
1.099691
0.9477087
0.8905645
0.8120429
0.7255568
0.8049708
0.8010325
0.8319416
0.8516928
0.797142
0.7073453
0.8942946
0.7625714
0.7735375
0.7906174
0.7136118
0.4654797
0.468912
0.5399386
0.4168123
0.4236158
0.4147267
0.4740548
0.5152496
0.4338968
0.4073001
0.2677221
0.3494368
0.4221458
0.5410018
0.4000721
0.3610818
0.409572
0.3244119
0.4081341
0.5697882
0.4851376
0.4643067
0.8152981
0.7458208
0.6971278
0.6900669
0.5902926
0.4241049
0.612419
0.5201001
0.6156137
0.6340505
0.6160398
0.8067208
0.6589146
0.6545061
0.5453854
0.6042358
0.7902907
1.144449
1.134746
0.8839801
0.7379547
0.7026356
0.7514032
0.740125
0.7839407
0.6263049
0.6438912
0.7654306
0.6166388
0.756587
0.7994464
0.6359777
0.5735725
0.6872965
0.7307314
0.8116466
0.5482401
0.7300536
0.5889467
0.5636002
0.7197864
0.8227713
0.773923
0.751575
0.5163063
0.7687361
0.7596356
0.8029317
0.8087527
0.86838
1.174738
1.064929
1.225665
0.9881945
1.069943
1.241941
1.229469
1.198168
1.167848
1.086551
1.039284
0.8352159
0.8291167
0.9275087
0.7439523
0.5654608
0.40184
0.446759
0.5542612
0.8173336
0.7630578
0.7771755
0.9852068
0.9360551
1.012905
0.905168
0.9605846
1.079167
1.027846
1.173647
1.054816
1.614545
1.197279
1.454953
1.380927
0.9750473
0.974292
0.8960516
0.9322911
0.7941357
1.208475
1.210619
0.8535025
0.8614025
0.7438955
0.5965374
0.6559882
0.6853516
0.7808136
0.4959906
0.4865546
0.4830135
0.3431584
0.4472036
0.5892061
1.050971
1.043609
1.020914
1.118897
1.242099
1.512911
1.290503
1.15138
0.8999193
1.123185
0.8798926
0.8663314
0.8207958
1.187597
0.9733315
0.9183043
0.662854
0.5679751
0.4352618
0.6218939
0.5649682
0.4804021
0.5160744
0.5808055
0.597039
0.7226961
0.7690102
0.5935532
0.6633083
0.4988672
0.5226496
0.5202686
0.5282629
0.5744153
0.5553901
0.4796913
0.4974993
0.5216613
0.5604904
0.467397
0.5066983
0.3337652
0.2635817
0.4299778
0.410091
0.4209346
0.4697176
0.4961
0.6028062
0.5443075
0.6191099
0.5568879
0.791591
1.106272
0.5796752
0.6347319
0.6429407
0.9124302
1.097453
1.229756
0.9962818
1.325864
0.7327591
1.058306
0.9801933
1.113617
0.8440647
1.002765
1.014194
1.171811
1.199621
0.8382727
1.191631
0.8838772
0.7484333
0.8914462
0.7491414
1.249168
0.9783198
0.9941609
0.961245
1.055156
1.350175
1.148894
1.050752
1.238168
1.2499
0.6894866
0.7025895
1.121712
1.487185
1.322434
0.9230756
1.14714
1.233968
1.170845
1.002048
1.091524
0.8806103
1.050406
0.7416774
0.8327954
1.106202
1.021503
0.7661563
1.00276
0.8372294
0.6581135
1.005859
1.407355
1.547805
1.119786
1.159349
0.9358009
0.9062379
1.092999
1.217682
1.087983
1.485936
1.092039
1.040001
1.176503
1.087537
1.065679
1.060604
1.147256
0.8860244
0.7371868
0.6256131
0.7370772
0.7810965
0.7431972
0.6936969
0.8277376
0.8225461
0.8663833
0.4638135
0.6773554
0.6239699
0.7454973
0.5893063
0.4714302
0.6038948
0.6448922
0.6164818
0.7347114
0.8789415
0.9652088
1.216055
0.9710553
0.8032464
0.8650465
0.6956161
0.849008
0.8821084
1.485793
1.153854
1.068044
0.9051168
0.8185014
0.8968656
0.8643855
0.596008
0.7845518
0.9672261
1.316791
1.26386
1.092244
1.282044
0.9658833
0.9056821
0.7604792
0.8859106
0.6971081
0.6657116
0.5416249
0.4860093
0.4979555
0.6267718
0.6409857
0.6413059
0.5444062
0.4230769
0.4487005
0.3989651
0.5668414
0.7314331
0.6478276
0.488382
0.6052082
0.6548876
0.7216743
0.9748285
0.8145708
0.7337404
0.9303478
0.9323653
0.8859752
1.172081
1.267983
0.6803346
0.8301983
0.86958
0.7407165
0.6116264
0.7316687
0.8085979
0.8729028
1.262346
1.223124
0.7396829
0.7927826
0.7532625
0.61066
0.856116
0.7085919
0.811304
1.136366
0.7334176
1.0308
0.9070013
1.264552
1.694627
1.18608
0.7540087
0.869077
0.827085
0.9016836
0.9059437
1.297636
1.177544
1.104064
1.123283
1.26275
1.080407
1.565486
1.813157
1.592857
1.776446
1.201157
1.188822
0.7612199
0.9735258
0.8212012
0.7644816
0.7660424
0.9315169
0.9856979
1.010563
0.6622345
0.8351771
1.050554
0.9919623
0.9360203
0.7116698
0.8607979
0.9971136
1.472828
1.265146
0.8755447
1.085242
1.025893
0.9247648
1.009324
0.7442368
0.7749273
0.7264136
0.684655
0.4590318
0.7430174
1.046296
1.089628
1.334668
1.988378
1.168658
0.7884511
0.9237054
0.76291
0.6742623
0.7450211
0.7926941
1.033451
0.8156957
0.7111766
0.5470845
0.6907154
0.7223418
0.661094
0.8077232
0.8262678
0.8901319
0.9494888
1.016822
1.227169
1.281289
0.904135
0.6766616
0.7028045
0.8650401
0.672528
0.7600734
0.5707732
1.097175
0.7633178
0.8510197
0.8217903
1.002003
1.134982
1.199176
1.468339
1.186237
1.049368
0.9032465
0.7155843
0.74248
0.6283765
0.6081499
0.710717
0.6887787
0.7595365
0.6975943
0.5752781
0.7234883
0.8346318
0.9453456
1.543875
1.390415
1.065379
0.9935204
1.147415
1.289891
0.9744533
0.8300382
0.6040531
0.5162098
0.7572793
0.8639712
0.8434846
1.123802
0.9457247
0.942557
0.7162728
0.7821431
0.6354683
0.6237413
1.073073
0.9433788
0.6117202
0.4777732
0.6143576
0.69956
0.6640561
0.8613061
0.9911333
1.223365
1.000814
1.319367
1.494204
1.254832
1.297946
1.198184
1.136365
1.461327
1.427946
1.484204
1.35437
1.07396
1.206841
0.9146284
0.7555539
0.7513909
0.7392155
0.8515858
0.8220075
0.6911814
0.6909665
0.6531391
0.8400758
0.9923102
0.8595071
0.9840293
0.6812384
0.562436
0.4975663
0.4840139
0.4729987
0.4277229
0.5660227
0.6262173
0.8011214
0.6956621
0.6647129
0.7169356
0.7467594
0.7959571
0.6895443
0.5189165
0.447676
0.7012064
0.7506346
0.6664772
0.7313592
0.9993586
1.042735
0.8130707
0.8051316
0.925606
0.9293374
1.065847
1.766311
1.892155
1.656988
1.11856
1.504614
1.112515
1.301743
1.706415
1.286494
1.053442
1.190423
1.394206
1.063436
1.001354
1.055926
0.7248365
0.8657333
0.7576754
0.9070961
1.023793
1.126857
1.869392
1.072468
1.024875
1.320965
1.479437
1.315864
1.183921
1.053181
0.9139333
1.202824
0.8880766
0.5808083
0.6014458
0.5814691
0.8367388
0.45531
0.3786859
0.3953172
0.4047318
0.4164631
0.4254837
0.3708743
0.3376453
0.4003798
0.5289313
0.5968746
0.6469909
0.8168797
0.7049525
0.4709192
0.4131229
0.3592102
0.4210743
0.4408872
0.466235
0.5500397
0.7759583
0.53374
0.6821728
0.6092884
0.4937584
0.4083941
0.462241
0.5492056
0.5535805
0.579203
0.5372544
0.6377884
0.6223674
0.6798463
0.8077609
0.7667414
0.9836968
0.8088916
0.6649287
0.7104648
0.7026837
0.6487221
1.067017
0.8466798
1.060385
1.020762
0.9387821
0.8508697
0.8488908
1.263684
1.19807
0.8303058
0.6917484
0.4961632
0.6847718
0.993179
0.6796957
0.4184981
0.4687257
0.6123695
0.7399451
0.7604873
0.8543548
0.7965216
0.8509651
0.8245726
0.8678612
0.7270021
0.8898449
0.817091
0.86987
0.6803013
0.8356741
0.6652418
0.5617514
0.5469111
0.8311812
0.7510659
0.7325312
0.7550023
0.7504403
0.8124131
0.7996963
0.5218932
0.6338215
0.5463205
0.6512042
0.7053934
0.7081017
0.7065624
1.017434
0.8013612
1.007054
1.064666
1.813798
1.966223
2.022858
1.870883
1.643943
1.459934
1.292709
1.229478
1.041412
1.17396
1.131537
1.227133
1.528555
1.671993
1.324958
1.675756
1.417997
1.429455
1.254625
1.115538
1.135777
1.296973
1.114965
0.9933862
1.137959
0.8384659
0.8102919
0.8098769
0.7062139
0.6093102
0.4995595
0.4492939
0.5163777
0.7260701
0.8495323
0.8040822
0.9882357
0.8374384
1.048452
0.9943655
0.9897114
0.9150253
1.090365
0.9742533
0.5342733
0.5905514
0.4984197
0.6989712
0.8962186
0.6523002
0.8605597
0.8087862
0.48301
0.508601
0.7772216
0.8118121
0.717982
0.9122271
0.9498677
1.106281
1.305816
1.179023
1.310472
1.235485
1.373705
0.8836346
0.7708146
0.6247936
0.5539467
0.4967477
0.5561068
0.7290131
0.92514
1.165984
1.499392
1.125865
1.146008
0.8341323
0.4832592
0.3880359
0.4314115
0.4720956
0.4978438
0.4292871
0.3415493
0.4949078
0.4838396
0.4996528
0.572331
0.5051337
0.4366603
0.5109571
0.6847758
1.124745
0.8792697
0.8182534
0.6500574
0.7516512
0.5473388
0.6926101
0.8143469
0.854987
0.8598107
0.8955994
0.850336
0.9523632
1.085757
0.8476994
0.6499489
0.5861494
0.5561561
0.9332737
0.9854254
0.9682519
0.9466062
0.6350563
0.6055088
0.6216916
0.7015082
0.9986582
1.018965
1.079385
1.258301
1.407489
0.9924331
0.9957268
0.8730611
0.7049357
0.5524713
0.5137736
0.467751
0.3651309
0.6545555
0.5845817
0.5736436
0.4544726
0.5343964
0.5593338
0.7948582
0.5900319
0.5240633
0.4468901
0.4778184
0.4712474
0.7155737
0.6943343
0.8513324
0.7165305
0.877829
0.9141123
1.554407
1.178644
1.462803
1.055524
1.404295
0.7668463
0.919418
0.8996613
1.08395
0.9045438
0.8976758
0.7290352
0.5031816
0.7882158
0.7180201
0.6984946
0.7138696
0.7513401
1.128684
1.110508
0.8044362
0.9922078
0.9365434
0.7530694
0.9977087
1.237563
1.608004
1.32248
0.8561036
0.5777875
0.5106718
0.5864842
0.4352398
0.4727145
0.5651284
0.783639
0.6532785
0.8775608
0.7714723
0.7475893
0.9176489
1.021293
0.6701427
0.8764061
1.335614
1.238973
1.055475
1.185464
1.695716
1.386001
1.252726
1.325277
1.444214
1.105996
0.8437441
0.9531975
1.100433
1.170505
0.8802543
0.6460586
0.5386769
0.4942963
0.5329366
0.6502243
0.6918299
0.6989425
0.6663566
0.7374203
0.8208149
0.7393689
0.7633786
0.9989534
1.06995
1.010711
0.8990605
1.135751
0.9450711
1.210223
1.259498
1.034317
1.080086
1.076857
0.6874373
0.4983347
0.3662152
0.5062503
0.695571
0.4970266
0.5241811
0.5849876
0.5046074
0.5148011
0.6263683
0.6145557
0.7437753
1.057125
1.018603
0.8598393
0.7533112
0.5882109
0.7215504
0.8163896
0.8727702
0.5818196
1.204003
1.093238
1.20109
0.9247042
0.5991761
0.6098204
0.3514023
0.4308009
0.5618149
0.506656
0.438035
0.4505778
0.4018294
0.4824712
0.4353742
0.4783271
0.7114819
0.7253935
0.8152869
1.248512
0.971464
1.153703
0.9150495
0.7862879
0.7936401
1.277554
1.263872
1.222805
0.9415898
1.109949
1.433348
1.257773
1.550451
1.242374
0.8152725
0.6509462
0.7521537
0.8278099
0.8375143
0.697098
0.7196173
0.6782222
0.6168998
0.6583609
0.6777974
0.6392479
0.4082442
0.3621301
0.3916381
0.4515345
0.4662619
0.515097
0.5850404
0.6458526
0.7816483
0.7919908
0.6880996
0.8714404
0.9043308
1.178746
1.265486
0.9944707
0.8068883
0.8184069
0.8670166
1.219333
1.520904
1.638438
1.182842
1.00374
0.89345
0.8375755
1.027386
1.501127
1.029583
1.083196
0.9122396
0.6403006
0.8182148
0.9237156
0.7129767
0.7451655
0.536447
0.4804851
0.5776501
0.9632568
1.040158
1.024334
0.7286498
0.7257671
0.6585226
0.7827614
0.9839651
0.723917
0.6454451
0.6867221
0.4873689
0.4998925
0.6162433
0.6708118
0.8045324
0.8181058
0.810233
1.141844
1.126278
0.9634929
0.6755235
1.030811
0.7099211
0.7717013
0.6210132
0.6332636
0.9212051
1.211156
1.151342
1.483219
0.741567
0.6808165
0.7264541
0.8171679
0.7292221
0.8644317
1.055997
1.101067
1.119366
0.9651752
0.9853464
1.205164
0.9841911
0.8506915
0.6957795
1.030473
1.164626
0.6550201
0.6371115
0.8440339
0.9225204
1.093573
1.429683
1.000564
0.7410536
0.6748196
0.9936066
0.5395358
0.6789342
0.7658753
0.9607253
1.07244
0.9291726
0.7434818
1.028095
1.262387
0.8181202
0.818352
0.7084346
0.9787598
0.9788358
0.8081125
0.7975068
0.7920414
0.6579696
0.640402
0.6492567
0.7923349
0.8992477
0.8759178
0.7509612
0.5763674
0.9434372
1.145227
0.7388265
0.7365946
0.9161564
0.954983
0.8187198
0.9178605
0.595391
1.153498
0.9271653
1.190777
1.48237
1.369865
1.064039
1.133055
1.615327
1.695113
1.37734
1.021578
1.063819
0.9182372
1.107064
0.8452373
0.8586672
1.246162
0.9476601
0.6162598
0.722022
0.6444321
0.53019
0.577241
0.5155358
0.7602244
0.9163235
1.179836
1.110453
1.174973
1.242402
1.033796
1.284075
1.23419
1.103107
0.9323709
0.9282944
1.176754
1.289189
1.529827
1.306516
1.34212
1.31758
0.9422006
0.957432
0.9843404
0.8514525
1.253415
0.9092994
0.8478485
0.7090791
0.7889852
0.7914789
0.6846226
0.9736187
0.5716339
0.462657
0.4107646
0.410227
0.3170062
0.5002008
0.5997685
0.5083239
0.6553288
0.6557868
0.6968957
0.6832449
0.6122196
0.3934957
0.2919467
0.3236304
0.3970011
0.5112063
0.4681588
0.5120598
0.5306061
0.7878612
0.7329264
0.5227431
0.3988803
0.3756535
0.4441082
0.4516309
0.4463576
0.3817706
0.2659398
0.3712265
0.367018
0.5408942
0.7974133
0.6693755
0.5873388
0.5466409
0.5757425
0.7350808
0.804696
0.7037821
0.7331817
0.5991583
0.8336042
1.000355
1.204271
1.050738
0.711554
0.5297147
0.9701352
1.01789
0.872972
0.7727782
0.8448553
0.9631846
0.8536322
0.8686393
1.141271
1.067673
0.8166416
0.816403
0.7940173
1.078314
1.197973
0.9864518
0.7362657
0.7092606
0.7805133
0.6613813
0.5831359
0.5987759
0.705995
0.9024457
0.8817031
0.8888946
1.187364
1.222466
0.9107593
0.6264477
0.664653
1.089557
0.8114063
0.6534502
0.6535902
0.7072951
0.664465
0.6708451
0.791584
0.7681354
0.8672212
1.065597
0.7889328
0.9078688
0.6128966
1.187041
1.030466
0.7097933
0.6056325
0.5611285
0.7510481
0.5853372
0.5077383
0.632275
0.6944675
0.6607548
0.6472449
0.4098811
0.3051411
0.2990588
0.5446276
0.6549002
0.7440636
1.165892
0.7543182
1.077976
1.355827
1.262375
1.235159
1.753785
1.480499
1.378315
1.221789
0.7643088
0.9371711
0.9519843
0.938081
0.972917
0.7446406
0.5675605
0.5478942
0.8186406
0.8774323
1.039192
0.8032203
0.5406851
0.6144383
0.5067746
0.6888412
0.6124208
0.6591231
0.7299747
0.6982798
0.8763762
0.5409164
0.676851
0.7721952
0.7863467
0.7667515
0.7070249
1.272355
1.287294
1.170197
1.019106
0.8221695
0.7988645
0.7255385
0.8812367
0.797266
0.7016768
0.7255778
0.6819997
0.6837541
0.6922095
0.7767345
0.888243
0.6511583
0.6988081
0.4925329
0.5059409
0.5182144
0.5865088
0.9372798
0.8586834
1.114514
1.171722
0.9414251
0.7101015
0.6425035
0.6793351
0.7445308
0.9496587
0.5277597
0.4101846
0.3809816
0.457619
0.5288811
0.7908703
0.7578622
0.9582275
0.9227099
0.584691
0.4705225
0.5280019
0.6190011
0.4937966
0.6625944
0.6616758
0.7784658
0.8618551
0.7968224
0.7138715
0.8890774
0.8364039
0.6252515
0.4935611
0.5237594
0.4469053
0.415138
0.3624637
0.4622467
0.4634939
0.439954
0.6343914
0.5415702
0.48235
0.5849942
0.7152098
0.55735
0.7882664
0.6879754
0.5695879
0.6510122
0.6941607
0.4183976
0.3426039
0.4852531
0.4498436
0.6416946
1.19091
1.196655
0.8348051
1.008226
1.088632
1.514544
1.227105
1.567717
1.29319
0.9554389
0.6956204
0.9860569
0.9667591
0.7173931
0.6526822
0.6616383
0.8250004
0.7953165
1.109418
1.197172
1.271509
1.328482
1.325564
1.187734
1.256419
1.36212
1.283791
1.196524
1.184777
1.209141
0.9317996
0.8619995
1.016372
0.6130685
0.6669405
0.4496674
0.5764678
0.5441291
0.510105
0.5109148
0.3456041
0.622856
0.5368437
0.6305987
0.3772188
0.4879311
0.7672202
0.7494691
0.6911642
0.7336582
0.7466174
0.7299926
0.628353
0.607148
0.9211641
0.9650433
1.46711
1.390031
1.823178
1.724365
0.9601995
0.9897188
1.079316
0.9395436
0.7926096
1.262498
0.7159782
0.668146
0.7014385
