12.39903
11.63359
7.484963
8.458162
8.165446
8.24061
11.39726
10.83078
8.813052
11.03362
13.45422
8.94895
9.350861
8.317682
6.037844
10.10617
6.592353
11.22368
9.105491
10.26355
8.214636
9.04915
11.79515
7.911721
9.36569
8.942657
12.89809
8.374381
8.703477
12.16923
10.56183
13.10409
13.85067
14.39432
10.46252
9.813451
9.420217
12.69597
11.64423
10.57402
9.372323
9.118574
10.87383
9.317114
11.40699
8.666627
8.325713
10.11754
9.923554
12.18493
11.53083
10.00284
10.10547
11.68353
10.22951
7.972307
9.216846
8.10471
8.309248
8.069228
7.342007
5.736307
8.192067
9.74564
10.49226
9.997081
10.02052
10.83685
10.79757
9.311695
11.30429
10.49846
9.603798
10.70902
10.24317
12.04531
9.133178
7.578953
6.668881
7.553605
7.641783
8.400777
9.819107
8.737485
10.58376
6.298882
8.21077
9.161207
8.012062
9.612555
9.365438
7.555593
8.367433
11.55584
9.129486
5.592145
6.473235
7.9299
10.40649
10.20498
10.33792
8.896455
12.22899
10.81677
9.542205
9.79115
10.02821
9.186253
11.81988
11.56232
9.343891
8.926155
7.691383
8.210872
10.92549
9.821158
8.65879
9.624748
9.862748
7.773162
11.27393
9.008459
7.563399
10.03194
12.55622
14.01512
10.44986
7.210237
6.216954
6.711711
6.305332
8.20674
7.856668
7.319833
11.25101
12.5832
9.571548
11.42467
10.23594
