1.416836
1.469521
0.8093636
0.7602631
0.627919
0.7053893
0.5585686
0.8103264
1.070464
1.573681
0.9255903
1.064698
0.9213005
0.912165
1.151731
0.6812943
0.8677799
1.535018
1.816336
1.942173
1.251555
2.764759
1.915698
1.50412
1.189955
0.9366365
1.624177
1.455252
1.315661
1.031316
0.6735942
0.8586983
1.157985
0.9524757
0.9512784
1.257306
1.032556
0.8010905
1.326344
1.356871
1.106695
0.8723617
0.9344448
0.9335665
0.9538787
1.044747
0.9445271
0.8779571
0.7582437
0.7667986
0.7707605
0.8648395
1.151114
1.320191
1.130833
0.9935742
0.5955995
0.7738084
1.002236
1.075118
0.696279
1.004244
0.9435713
0.8891674
0.687181
0.9112844
0.6670481
0.7463676
1.190184
0.8333481
0.8923028
0.7509606
0.7714387
0.675435
0.5697615
0.4982348
0.4639329
0.4495123
0.5671238
0.5584015
0.7451503
0.8863847
0.9054823
1.029551
1.032395
0.8269773
0.7123268
0.714163
0.8574543
0.8718651
1.128698
1.108778
0.9044459
1.263061
1.22115
1.190146
1.117033
0.9079985
1.103795
0.7582989
0.993312
1.486553
1.940834
1.577974
1.328308
1.116086
0.7698335
0.9124554
1.523995
1.164094
1.103153
1.022868
0.9742796
1.305295
0.9833527
0.8705466
0.6885747
0.5121441
0.9717678
0.9809928
1.033735
0.6286027
0.700869
0.8033122
0.9153173
0.7969161
1.237625
1.386592
0.8163945
0.8149157
0.7143814
1.164088
1.474118
1.422209
1.390594
1.30881
1.0181
1.238771
1.184967
0.7613498
1.07563
1.200138
1.053088
1.291433
0.9428693
0.8495048
0.9754826
0.960388
0.9672927
1.028106
1.134717
0.9792056
0.8163561
1.001106
1.145222
1.202682
1.014376
1.272176
1.045032
1.240553
1.024405
1.181346
1.336016
1.480465
1.538378
1.786454
1.542195
1.137
0.9148157
0.7185404
1.214098
1.130164
1.324033
1.527664
1.634777
1.320352
1.335726
1.020497
1.049766
1.020707
0.8070428
1.128466
1.297788
1.100935
0.8811362
0.735653
0.7777595
0.571719
0.8008981
0.8462801
0.904301
1.038416
0.9932485
0.8756876
0.7238334
0.700582
0.8361021
0.9767449
1.101705
1.327893
1.9173
1.007704
1.131134
1.358435
1.389107
1.50664
1.885904
1.872803
1.494236
1.274665
1.204841
1.154942
1.446669
1.869676
1.778481
1.290264
0.8949583
0.9116044
0.919336
0.9197148
0.9094709
0.7824173
1.335936
1.084305
0.6659851
0.6588757
1.003488
1.13546
1.379414
0.7528478
0.8837572
0.9625748
1.078031
0.8799794
0.8257743
1.260246
1.207514
1.225019
1.213062
1.251681
1.522746
1.021133
1.158526
1.262386
1.396697
0.8337024
0.7565263
0.6996008
0.7377875
0.6043757
0.678985
0.9130706
0.9802271
1.226375
1.018195
1.348382
1.171541
1.271245
1.385589
1.39296
1.03065
1.080932
1.111045
0.9894063
1.456254
0.9100435
0.9747379
1.126472
1.236832
1.071298
1.100802
0.9683753
0.8376396
0.8636556
0.8125904
0.8369234
0.7972778
0.6813564
0.9176839
0.7623205
0.8458756
1.067641
1.039852
0.8210233
1.081398
1.068231
0.6739683
1.061379
1.074448
1.215394
1.008347
1.00778
0.8874739
0.982959
0.9279112
1.537599
1.618691
1.492877
1.520384
1.744741
1.194052
1.571011
1.641293
1.245142
1.721193
1.382415
1.457655
1.127617
0.7471587
0.9434
0.8676621
0.813555
0.7887115
0.6211918
0.7420502
1.107196
0.8649496
0.9026231
0.761431
1.226239
1.486451
1.175631
1.073982
1.093053
0.8777513
0.774076
0.8682347
0.5963774
0.7984096
0.6626086
0.7640918
0.8221228
0.6285038
0.5645222
0.5770819
0.5218742
0.6289549
0.7127705
0.9178128
0.8036614
0.7796465
0.5139333
0.6179433
0.5568288
0.5795201
0.5831666
1.021034
0.8263034
0.8909518
1.093418
1.359677
1.081446
1.197622
0.7252084
0.9378576
0.9757546
0.6872829
0.7994139
0.7086212
0.6202963
0.5947948
0.5455394
0.6243829
0.5394742
0.6041212
0.7002804
0.7642553
0.7985732
0.8034024
0.8581575
0.952289
1.325076
1.272224
0.7759796
0.7089125
0.7531607
1.057045
1.072812
0.9616376
0.864837
0.959329
0.8062189
1.055661
0.9352893
0.8761275
1.01374
1.391932
1.633717
0.9867206
1.528062
1.350921
1.008732
0.9863133
1.134185
0.8056532
0.8198996
0.7150987
0.7718372
0.5923444
0.63801
0.7500173
1.057891
0.8648923
0.7288001
0.8071935
1.244069
1.335808
1.106785
0.8816126
1.157732
1.265053
1.451787
1.862079
1.852661
1.910329
1.518317
1.070555
0.8539422
0.7857778
1.024713
0.7916284
0.8729159
0.8576386
0.633255
0.5281912
0.5116281
0.6624484
0.7516556
0.7645782
0.932229
1.35129
1.022106
0.9286973
0.8007328
0.9475704
1.304687
1.251467
1.313507
0.8495423
0.8310807
0.749093
0.7043366
0.7491613
1.196144
0.9224694
0.7000265
0.6991758
0.7129432
0.7262849
0.6469973
0.6504163
0.9435825
0.9693405
1.07206
0.6970064
0.6487289
0.8145469
0.8949964
0.9637267
0.8839356
0.9056091
1.121682
0.8022969
1.118283
1.022164
1.573074
1.538813
1.319442
1.518024
1.306864
1.541655
1.646505
1.301958
1.340408
1.480161
1.414841
1.393243
1.263202
1.512081
1.317992
1.065188
0.8558552
0.8317314
0.8960056
1.17726
1.307373
1.400516
1.306662
0.9433699
1.139104
0.9386612
1.233775
1.59072
1.3876
1.457469
0.8039631
0.6814723
0.8870508
0.6670793
0.7495654
0.9961759
1.082457
0.8656769
0.8016062
0.7586117
0.6901681
0.7923442
0.6315835
0.8624109
0.9563077
0.6909862
0.613107
0.6141132
0.6017875
0.5937328
0.760391
0.7289541
0.9313295
0.8550012
0.8050582
0.7638805
0.7361263
0.9968085
0.8465786
0.6407525
0.7146186
0.8226664
0.9902238
1.115888
0.9211421
1.026585
1.126302
1.027576
0.8334155
1.237042
1.014885
0.7984937
0.8527561
0.8167155
1.024023
0.9936482
1.247136
1.176041
1.389552
1.617211
1.683509
0.7984155
0.6897815
0.8524408
0.7994351
0.7055294
0.7544518
0.8828862
0.8608528
0.8708816
0.8209811
0.9876545
1.095331
0.9975319
0.6791945
0.7557427
1.256548
1.282798
0.9523312
1.039491
1.077827
1.295978
1.837446
1.432837
1.857159
2.018531
1.533011
1.435628
1.897208
1.768952
1.228956
1.225143
1.015046
1.126003
1.275062
0.9772653
0.9855202
1.034326
1.116752
1.204403
0.9876023
0.8311758
0.9375701
0.8925274
0.6395625
0.9721964
0.8946846
0.8491657
0.6152145
0.6745896
0.6749232
0.9138057
0.7861286
1.007334
0.8951281
0.735743
0.7163757
1.007134
1.109184
0.9058981
0.688078
0.7610502
0.5962726
0.8196054
0.7005232
0.9194852
0.8501258
0.8379694
0.8708587
0.7273629
1.303528
1.489044
0.9071092
0.5715916
0.6260455
0.6155718
0.6544014
0.582074
0.617593
0.8230807
0.7868965
0.8753549
0.7601108
0.9451266
0.8746159
0.6356364
0.8590303
1.070746
0.942827
0.9532064
1.158483
1.109075
1.034989
1.171058
1.160056
1.200915
1.03573
1.311978
0.8671732
0.9946111
1.360032
1.350573
1.259768
1.116393
1.386234
1.224249
1.223442
0.7782113
0.6118604
0.7267476
0.6615368
0.6989588
0.6795302
0.7471862
0.7792591
0.8043869
1.135374
1.212829
1.304047
0.8712954
1.028824
0.9714235
1.158867
1.360888
1.181588
1.29212
1.417077
1.175128
0.9363347
1.04275
1.949223
1.449438
1.675908
1.225657
1.164326
1.27845
1.093056
1.545619
2.036333
1.347732
1.024693
0.9495103
1.497843
1.652884
1.411611
1.67714
1.397021
1.770815
1.563709
1.635697
1.479911
1.009867
0.9774473
0.6941491
1.115261
1.127949
0.837601
0.5960236
0.7023023
0.8230546
1.086985
1.061523
0.977254
1.272293
1.092605
1.435432
1.317727
0.7507971
0.686842
0.7649651
0.5433184
0.9534083
0.6113368
0.6200662
0.6289469
0.8221646
0.9060592
1.288386
1.13915
0.7095283
1.071198
1.357928
1.63212
1.351326
1.105596
0.7294817
1.012244
0.8228593
0.8751515
0.757992
0.7809365
0.7856733
0.9086353
0.8835268
0.6721553
0.4911665
0.4646118
0.4929685
0.5089057
0.5381217
0.5881575
0.5523348
0.7096141
0.9904708
1.11465
1.044662
0.8369977
1.003024
1.315391
1.108896
1.523104
1.540719
1.645059
1.825731
1.542522
1.844164
1.643032
1.305626
0.9021673
0.9801873
1.053619
1.03417
0.8341555
0.9734225
0.7653428
0.6902183
0.9887784
0.8968251
0.6470935
0.7942341
0.8644392
0.8438585
1.304675
0.8502022
0.724467
0.8077915
0.6749972
0.6970022
0.6214904
0.6579562
0.9902498
0.8981552
0.9232938
0.7446547
0.7650741
0.5674426
0.6004726
0.626921
0.7814947
0.8853516
0.8665881
1.286704
1.003361
1.131174
0.6709774
0.7475114
0.7398997
0.781267
0.920331
0.7449671
0.4980938
0.8138892
0.703991
0.7924739
0.6952673
0.9073269
0.5639351
0.6030973
0.6562586
0.7274255
0.9419869
1.246084
1.419599
1.222792
1.198311
1.36579
1.381371
1.055696
0.9299996
1.217077
1.441214
1.239269
1.142639
1.072282
0.8896349
0.995001
0.7131801
0.647294
0.7827905
0.7046038
0.8962829
0.9093079
0.9439285
0.9646074
0.7654874
0.5418528
0.7294235
0.6953321
0.7863245
0.7996395
0.560558
0.4371952
0.5078447
0.559778
0.6750746
0.8633397
0.8211301
0.8623429
0.8755375
0.9346109
1.288783
0.863551
0.6225097
0.5768853
0.5874529
0.7059611
1.032612
0.8286604
0.8590772
0.8927149
0.7407462
0.6255328
0.710761
0.8175587
0.9557571
1.615919
1.214024
1.08513
0.9847191
1.310199
1.223948
1.190968
1.428038
1.754257
2.10132
1.231978
1.435326
1.111948
1.115969
1.042313
1.136709
1.21827
0.9177149
1.13909
1.021012
1.242338
0.6222069
0.7387077
0.634795
0.6974538
0.8720721
0.8640407
0.8015633
0.6626443
1.14273
1.343637
0.9769431
0.7435533
0.6810654
0.5420611
0.5958668
0.5738948
0.6038295
0.7612177
0.5644919
0.6836626
0.8456171
1.034043
0.8138499
0.5422194
0.6035645
0.7920177
1.069054
1.11042
1.164082
1.044036
1.334007
1.319909
1.322286
1.098866
1.051598
1.044562
1.220962
1.008133
1.01542
0.886136
1.205407
1.028496
1.076825
0.8831146
1.19315
1.068988
0.75423
0.829356
1.113415
0.9726491
0.9053125
1.088469
1.020116
0.8638866
1.087012
1.059165
0.9495998
1.101849
0.7710882
0.7097616
0.7086644
0.6068949
1.254309
1.295881
1.342559
0.9605035
0.9924815
1.244313
1.152398
1.213921
1.436271
1.082553
1.356481
1.210823
1.27604
1.238437
1.540081
1.986355
1.726485
1.341844
1.257363
1.909219
1.462682
1.125592
1.106101
0.8774255
0.7970167
0.7329281
0.9008306
0.5941489
0.7056549
0.652824
0.6653466
0.6894038
1.212482
1.257657
0.967347
1.125613
1.242008
0.8056907
0.5151323
0.9020295
1.055837
1.008945
1.433268
1.357329
1.183553
1.721087
1.442028
1.530806
1.39502
0.8302637
0.985182
1.024735
1.633567
1.899769
1.677076
1.760894
1.5151
1.496066
1.201781
1.132282
1.554421
1.375528
1.066133
0.9390574
0.7903187
1.053614
1.219953
0.7744769
1.03726
0.872149
0.704093
0.8442879
0.5630364
0.7450169
0.9029806
1.166677
0.9885149
1.017769
0.9109625
0.630847
0.4081453
0.567439
0.9478824
1.215758
1.287402
1.276684
1.094171
1.418579
1.476777
1.507689
1.050595
0.7310016
0.9881367
1.015362
0.9114455
1.451875
1.232366
1.163752
1.180475
0.87078
0.9793271
1.001002
1.028998
1.007291
0.7565576
0.7245806
0.9887723
1.27439
0.9652128
0.7716629
0.9584931
1.271159
1.398234
0.9779874
1.095484
1.297866
1.233122
1.613341
1.232667
1.107543
1.545825
0.8968858
1.193413
1.083309
1.016077
0.8240339
1.126485
0.8333908
0.7261661
0.9298333
1.028928
1.330857
1.25956
1.258179
1.506468
1.105174
1.134997
0.8987984
0.9484139
0.9532478
1.25124
1.015712
0.9151815
1.166269
1.418429
1.59238
1.627084
1.650913
1.255613
1.065081
1.071902
1.284333
1.484517
1.163075
0.6990536
1.067102
1.083241
0.9129162
1.266686
0.9991385
1.277292
1.388138
1.214229
1.235905
1.476452
1.351849
1.737572
1.555395
0.9450477
1.417954
0.901392
1.039663
1.177536
0.8985333
1.094646
0.9176365
0.7272711
0.9312545
1.060488
0.8086159
1.116299
0.9844379
1.406082
1.721349
0.9457456
1.373803
0.8582734
1.037287
0.9240376
0.7664794
1.233051
0.6071952
0.7859139
0.5544246
0.411624
0.6965156
0.700858
0.8900552
0.9390427
0.8687103
1.008302
1.081742
0.8263676
0.7207864
1.040874
0.9004159
1.121978
1.464789
1.16689
1.387691
1.270252
0.7696695
1.295909
0.9278006
0.9484618
0.9200742
0.8484228
0.6438804
0.577827
0.4254847
0.715848
0.7014765
0.824247
0.6211997
0.9204094
1.100003
1.046297
0.8306146
0.8579699
1.038962
0.8707077
1.008754
1.009132
0.8714725
0.8462366
1.127514
0.6479477
0.7726227
1.008822
0.8226375
0.9371278
0.9706354
0.9253857
1.043179
1.113932
0.9723173
0.9213248
0.9885813
1.167426
1.260019
1.14266
1.103636
1.05342
1.237741
1.13072
1.211186
1.195771
1.769894
1.392472
1.449854
1.42752
1.212766
1.035546
1.102667
1.099658
0.9359347
1.011727
1.341403
1.221831
1.309475
0.6822786
1.013586
0.7225593
0.8071905
0.8906378
0.8732808
0.7661301
0.8121369
0.9407902
0.943709
1.304452
1.147083
1.300503
1.152584
1.620098
1.052722
1.38089
1.451454
1.699035
1.321287
1.097281
1.075111
0.6542661
0.669701
0.6968857
0.8715306
0.8610581
0.9194613
1.268649
1.545086
1.571963
1.276684
0.8730078
0.8776968
0.7605663
0.8193458
0.9393876
0.8718853
0.9960589
1.086235
1.313156
1.536608
1.409386
1.251565
1.065926
0.8330445
0.95496
0.9720901
0.9177866
0.8303354
0.9257386
1.101478
1.521823
0.8774799
0.8611812
0.7067015
0.586858
0.7689332
0.7628855
0.7976833
0.979426
0.9517865
1.093168
0.8742611
1.040818
0.9316635
0.6813805
0.6950549
1.131463
0.9549595
0.8585831
0.8102472
1.173602
1.061726
1.011397
0.928721
0.8874738
0.872884
0.8563281
1.565502
1.284521
1.070844
1.24149
1.021359
0.7997112
0.7903004
0.6542189
0.6290612
0.640257
0.5036479
0.6395864
0.7531834
0.8074746
1.111485
1.134364
1.045816
0.9075078
1.084602
0.8080119
0.8556728
1.213952
1.089295
1.109021
1.209157
1.065812
0.6976529
0.5920991
0.6138308
0.7096868
0.9756485
0.8063323
1.255599
1.474846
1.286753
0.9706653
0.909119
0.9605582
1.099756
1.24419
1.181851
1.134427
1.260961
1.066134
0.9922836
1.023856
0.8427747
0.9522988
1.246241
1.003816
1.298311
1.7275
1.717857
1.348881
1.089666
0.8786191
0.959449
1.062909
0.8036195
0.9085923
1.347749
1.567835
1.668116
1.367839
1.431879
1.477083
1.328213
1.208693
1.346359
1.005152
0.9301787
1.047535
0.9088209
0.8420499
0.8642511
0.7305402
0.8897217
0.9432189
1.131909
1.139909
0.8069571
0.5396813
0.5241252
1.228773
0.9438918
0.6982579
0.5168688
0.4738016
0.6872443
0.8950044
1.05865
1.023108
1.121238
1.083676
1.476588
1.108176
1.255446
1.157804
0.8352436
1.183111
0.804401
0.756836
0.847362
1.064759
0.9710154
0.7030895
0.9229626
1.713718
1.60783
1.509274
1.153742
1.150739
1.146297
1.812349
1.475472
1.664865
1.593151
1.313615
1.392857
1.095503
1.284789
1.41058
1.223462
1.197565
0.8174567
0.8467406
0.8821798
0.8938983
1.156644
1.047923
0.9882974
0.8691517
0.7469665
0.9188388
0.7786105
0.7705013
0.5460838
0.5992688
0.7034217
0.5591968
0.5788352
0.7246359
0.7083498
0.7756019
0.8569221
1.084029
1.076879
0.8080952
0.9682354
0.6908574
0.8764804
0.9252459
0.784761
0.5587613
0.6351802
0.7174426
0.769538
0.7656058
0.8905122
1.21631
1.009108
1.402399
1.150147
1.108065
0.9245081
0.8930349
1.0086
0.8324516
0.7571983
0.5986741
0.7984403
0.7346877
1.053483
1.169055
0.9172989
1.219018
1.224866
0.9350284
1.040647
0.8650233
0.9016203
0.8327715
0.8459054
0.639491
0.5700395
0.5292679
0.7270837
0.7783049
0.7497156
0.8051484
1.09797
1.244711
1.324103
1.391531
1.312107
1.245252
1.418877
1.034627
1.229806
1.685954
1.90395
1.696718
1.356139
1.174885
0.6950112
0.7572676
0.6263528
0.787673
0.8461311
0.8573193
0.9056005
1.056226
0.843002
0.8474818
0.9795632
1.229421
0.8892549
1.059482
0.8306636
0.9007636
0.9919534
0.9582768
1.348972
0.7948295
0.7821618
1.038655
1.261024
1.228144
1.558254
1.366198
1.519184
1.692079
1.352736
1.228474
1.385961
1.240514
1.278425
1.292455
1.443993
1.241502
1.367055
1.419762
1.242505
0.9339177
0.9445175
0.8955653
0.9360732
0.8799784
0.8844147
1.018657
1.013841
1.231702
0.8023808
0.9896964
0.8069624
0.7526778
0.838637
0.6668432
0.817657
0.6043605
0.5884225
0.7768931
0.9659527
0.8845502
1.23992
1.45461
1.343402
1.06655
0.6820338
0.747818
0.9405265
1.10905
1.407514
1.71176
1.298939
1.171101
1.344795
1.584384
1.52595
1.506373
1.835788
1.506826
1.169055
0.8386589
0.6917692
0.7968896
0.7308034
0.5746414
0.7791341
0.8975764
0.8545503
0.6631295
0.7086644
0.7711161
0.7795533
0.8375753
0.9129121
1.425929
1.390285
1.101597
1.180596
1.357511
1.124183
1.251408
1.132465
1.009035
0.9603976
0.8893131
0.7635021
0.7145071
0.7422775
0.5315306
0.7225033
0.7789665
0.7206783
0.576771
0.6032888
0.3947776
0.5095511
0.4288947
0.5096731
0.5866514
0.5490805
0.58035
0.6868345
0.4662829
0.3289316
0.6069096
0.5332212
0.9512794
0.9859613
0.9361561
0.792519
0.8785028
0.9863774
0.8612634
0.6359918
0.8732146
1.215872
0.8242015
0.718543
0.583352
0.8138163
1.066197
1.156508
1.187746
1.214589
1.629653
1.31111
0.8610364
0.7462882
1.02802
0.8345299
0.9222554
0.6112671
0.7674003
0.7483934
0.6561111
0.4612767
0.7810403
0.9263864
0.6754777
0.8144987
0.8076257
0.8216397
1.19783
1.416356
1.188873
1.132316
0.8295765
0.8113244
0.9201153
0.678204
1.06895
0.7619503
0.6575042
0.8637789
0.696923
0.6493656
0.9484998
0.7314875
0.9797549
1.198743
1.532606
1.31796
0.7491612
1.148184
1.04815
1.097204
1.043037
1.265426
1.14915
1.364072
0.8906025
1.492348
1.703938
1.46971
1.011195
1.189654
0.992796
1.425927
1.771282
1.185304
1.42658
1.633557
1.775562
1.978189
1.572835
1.343818
1.54536
1.408621
1.201234
1.354153
1.348262
0.9083972
0.7889941
0.8895886
0.8360989
1.443705
1.49079
1.098721
1.322889
1.148393
1.445014
1.068259
1.406195
0.964732
0.9520032
1.168461
0.676781
0.8624842
0.8973234
1.09321
1.031195
1.409739
1.004482
0.7990082
0.8401755
1.108496
1.223394
1.431018
1.540144
1.45271
1.622314
1.377059
1.577051
1.796511
1.843708
1.413332
1.180228
1.279841
1.343925
1.429332
1.436992
1.466572
1.366697
0.9577425
1.123807
1.609506
1.037332
0.6358045
0.9655097
1.126868
0.7051213
0.8138979
0.8398498
0.7274602
0.7198239
0.7282304
1.056496
0.9835429
1.163165
1.425716
1.111093
1.233958
1.701059
2.14201
1.786927
2.52928
1.955998
1.420153
1.176933
1.88227
1.019453
0.8446654
0.8928936
0.6149759
0.615188
0.7147942
0.8671248
0.8910715
1.151747
1.34339
1.010876
1.105882
0.9401147
0.9993652
0.9549777
0.9117313
1.254053
1.306189
1.361112
1.744489
1.130846
1.014256
0.7575745
0.6083466
0.7648774
0.9927968
1.186071
0.9806013
0.6574881
1.017495
0.7073918
0.8673023
0.6397475
0.5678215
0.8137256
0.6585596
0.7805434
0.720899
1.081542
0.9815189
0.8509539
1.261268
1.950131
1.614656
1.950783
1.56488
1.014148
0.9173311
0.9237488
1.043097
1.39235
1.007827
1.018206
1.428477
0.8923806
0.8178338
0.7394888
0.8014898
0.7395635
0.6527492
0.9228522
1.216918
0.8598695
0.9781233
0.9588875
0.7772863
0.8425105
1.043574
0.86653
0.8591762
0.9304708
0.9686334
1.22659
1.138995
1.043867
1.074249
1.214171
1.40278
1.208717
1.011687
1.28888
1.168768
1.719449
1.557777
1.100373
1.35788
1.238666
0.8870393
1.161182
1.063328
0.9684092
1.216647
1.190557
1.303045
1.504482
1.28136
1.17711
1.013924
1.062669
0.8048117
1.025295
0.8574671
0.9584186
1.019503
0.7714766
1.124567
0.8716936
0.8860666
0.7755864
0.7162313
0.987868
0.9994559
1.003047
1.100906
1.023656
1.274201
0.8911875
0.5931216
0.6852913
0.7385144
1.112903
1.031161
0.743012
0.9650641
0.9713303
1.006026
1.219213
1.112078
0.9212929
1.111853
0.8358321
1.168624
1.236381
1.370977
1.443421
0.903047
0.9282737
0.9217433
1.251818
1.241626
1.201433
1.14332
0.8557452
1.056133
0.6942372
0.7868385
0.7859521
0.9116913
0.7149023
0.6708082
0.7898577
0.9960383
0.9731217
0.7998873
0.7203546
1.137317
1.622129
1.141858
1.284865
0.9776466
0.7489349
0.7872683
0.519203
0.5566076
0.5098504
0.6433092
0.6937823
0.640726
0.7184533
0.8558702
0.7685684
0.6650187
0.8415623
0.5092218
0.6927588
0.8047764
1.072978
1.433796
1.326101
1.474131
1.099337
1.570056
0.9627253
1.072981
0.6621636
0.8228832
1.102869
0.8950855
0.7397944
0.6883088
0.8904903
0.7225301
0.8301028
1.350968
1.004311
0.8702075
0.9572567
0.9715681
0.6396762
0.5741883
0.6147231
1.12255
0.7669653
0.7697984
0.9256089
1.04122
0.8797794
0.6784979
0.7336171
0.894948
0.7960385
0.6948039
0.9620942
0.9684055
1.014582
1.112829
0.9472742
0.7648
0.8973515
1.334956
1.625126
1.001392
0.6782096
0.4725204
0.59968
0.7440131
0.5965128
0.7374513
1.001753
0.7240228
0.713666
1.094031
0.7095217
0.6577003
0.9978219
1.208803
1.302678
0.8722532
0.9101663
0.9208341
1.026009
1.428675
1.598313
1.247973
1.044934
1.136966
1.150934
0.8593243
0.8004932
0.956601
0.9511418
0.8591575
0.8512224
0.6873951
0.7310996
0.7304919
0.7338308
0.7469903
0.9025133
1.10715
0.5926617
0.6740079
0.7202368
0.855532
1.070565
0.9953922
1.187097
1.254972
0.9735498
1.146599
0.6821587
0.6559475
0.5824025
0.7704965
0.7590095
0.7305001
0.6805483
0.8804202
1.113286
0.9387726
0.9849077
0.9190879
1.364306
0.9227354
0.9349952
1.296752
1.097343
1.137397
1.281211
0.944893
0.6776784
0.7047077
0.7252637
0.7353621
1.160654
1.340264
1.309938
0.8299273
0.7470629
0.8222588
0.7698416
0.5647443
0.5645705
0.4639773
0.6742498
0.9095075
1.273897
1.238805
0.7374238
0.9062984
0.965602
1.116962
1.306749
0.8957267
0.8474646
1.151066
1.196026
0.8963948
0.956423
1.607671
1.818057
1.307039
1.336796
1.494369
1.631402
1.013968
1.113234
1.352537
1.238279
1.265928
1.367615
1.151609
1.349354
1.146426
1.091107
1.013711
0.8828983
0.8346606
0.6149407
0.8038855
1.26052
1.134524
1.125854
1.778281
1.503171
1.040866
1.408935
1.283707
1.182481
1.062425
0.7706422
0.7540589
1.160019
1.103441
0.9433693
1.274077
1.220851
0.9933438
1.090453
1.089004
1.224043
0.8406515
0.7182196
0.6385545
0.8294619
0.8035537
1.131603
0.9791954
0.9831
0.9783539
1.090684
0.9297642
1.074891
1.087434
1.15549
1.466023
0.8595089
0.523799
0.7450432
0.9418378
0.8714061
1.261732
1.063991
0.8994249
0.8302136
1.714148
1.186282
0.8826972
0.6277912
0.5325415
0.5665461
0.6911204
1.035362
0.8447728
0.8476895
1.001075
1.597803
1.406402
0.9558955
0.8387143
0.8988385
0.9413867
0.849113
0.867632
1.399181
1.074473
1.627237
1.662858
1.244641
1.371901
1.049601
1.368722
1.128214
1.185248
1.018806
0.9125718
1.034161
0.9961567
1.213201
1.179898
1.409616
1.272894
1.630454
1.640361
1.389958
1.584607
1.243572
1.695847
1.545712
1.632518
0.9194947
0.8101784
0.9065963
1.168337
0.9069458
0.8295401
0.9227951
0.8027829
0.6997889
0.7247458
0.6976054
0.8010416
0.5280323
0.8851619
0.7888924
1.229252
1.114176
0.9139154
0.9730555
0.9525313
1.017919
1.005113
1.285543
1.172168
0.952523
1.247778
1.646028
1.234104
1.142395
1.086645
1.104873
1.049051
1.0142
1.253543
1.673125
1.281928
0.9895163
1.343828
1.62368
1.14048
1.100486
0.9298075
0.8472173
1.089262
1.494499
0.8096833
0.8780399
0.855113
0.9647021
0.6864902
0.7814157
0.7838282
1.325125
1.239267
0.8794886
0.8286314
1.08889
0.9682464
0.9856431
1.204501
1.121243
1.076311
1.006286
0.966402
0.694809
0.5910019
0.8020742
1.325699
1.081212
1.357197
1.121762
1.184775
1.375262
1.420296
1.562077
1.980702
1.94806
1.977534
1.575114
2.029552
1.5967
1.448934
1.490995
1.423102
1.638525
1.746024
1.280314
1.201521
1.362769
1.651167
2.168985
1.738631
1.348223
1.443144
1.20812
1.571427
1.292069
1.148252
0.9909528
1.01408
0.7692725
0.8836805
1.192943
1.59483
1.448283
1.660792
1.205825
1.24877
1.29167
1.348453
1.242389
1.668309
0.9904743
0.6937523
0.9538021
0.880493
0.7223819
0.821914
0.7330851
0.5676815
0.6598607
0.6029055
0.8859513
0.669733
0.9264185
1.073746
0.8488006
0.6786562
0.8523657
1.068156
0.9370909
0.6853979
0.764626
0.6436412
0.5677219
0.8224755
0.9074466
0.954263
1.09919
0.9784538
0.6879346
0.8860211
0.9552297
0.9455523
1.092492
1.281364
1.089499
0.8948834
1.031413
1.084226
0.9039761
1.488832
1.426542
1.220986
0.8558213
0.9489541
0.9230355
0.6508159
0.7443371
0.6099213
1.109937
1.017254
1.247392
1.127412
1.088571
1.081073
1.167374
1.324222
1.18285
0.7092642
0.6768723
0.7271938
0.7430873
0.9263009
0.9846465
0.8180119
0.8099987
1.06574
1.261049
0.9573169
0.9174302
1.609415
1.143587
1.267158
0.9568638
