2.745445
4.970638
11.89868
12.61042
15.25942
18.3853
14.17236
19.00194
13.85562
15.7811
16.97203
17.99293
15.95037
14.81167
18.13155
16.64727
22.84088
14.73811
12.52236
16.2759
20.11372
21.01933
19.77727
23.13653
18.27855
20.33255
18.40976
23.65388
17.97741
14.09749
14.1881
17.28077
20.6492
15.67938
19.94771
15.94845
16.24915
16.81023
16.62728
17.14324
18.45989
20.68993
18.064
20.2205
16.61491
14.94178
22.42641
16.85983
14.47206
20.23469
21.17952
20.47599
18.78212
18.41646
18.52377
19.41909
22.81701
18.7423
16.49925
18.30654
15.82069
15.56644
16.12974
17.15677
16.68133
16.14058
17.01343
16.04235
14.11729
15.88297
14.75905
17.27458
21.84527
17.9348
16.55741
17.50577
21.4978
17.05575
15.15313
16.01957
16.7001
15.36324
18.18813
17.33619
17.58721
19.83691
16.08233
15.94965
21.97343
16.40863
20.64448
18.75497
25.16293
18.85191
15.66847
16.94774
17.95299
18.09312
17.87733
14.36139
14.31762
16.68504
16.1438
15.68026
22.55571
19.41472
13.50986
15.95768
21.96845
18.22021
18.86542
25.43486
21.15425
17.67639
16.05107
18.16916
16.93918
18.31705
11.01648
19.38134
14.66405
15.51617
13.53137
15.28818
18.29
16.74593
16.95393
19.15626
17.62383
15.93423
16.28754
22.24554
20.52035
22.3008
20.5734
19.00739
17.54466
19.15111
22.60841
21.12627
20.79724
18.97286
23.06033
15.72057
11.99335
15.70385
22.2214
25.68765
17.02278
23.59556
20.22311
18.94291
18.6554
19.34886
23.14658
20.10966
19.71919
20.64882
19.38053
19.38611
18.91577
24.36859
17.83965
21.30978
24.42857
22.46964
20.50423
21.37061
22.11833
19.77691
12.50803
15.77136
15.6496
14.09786
18.73866
18.28363
19.23947
13.97876
17.85409
15.98086
14.36287
17.09798
17.0259
16.96497
20.48875
13.36618
11.76288
18.11731
18.70296
22.80544
18.91495
18.52216
17.89882
15.56356
18.07013
15.67901
19.77057
19.29217
20.10956
21.99358
21.14863
24.50748
17.96522
18.21671
19.32335
16.27703
17.81336
18.18452
26.11894
20.07133
18.2159
18.91144
19.56437
21.80139
19.66503
20.802
22.66779
18.19881
17.24096
15.37755
23.72174
25.9886
22.12674
16.73411
15.89835
18.51164
15.80471
18.03699
18.74212
16.02032
18.08763
17.94135
20.63323
18.82435
16.77791
20.92742
20.2725
19.32112
23.55208
17.90393
15.86678
17.9754
20.97419
18.1615
20.56524
17.94888
17.47481
17.16371
20.50364
18.82746
22.37307
19.15243
22.74254
23.8422
17.74915
15.80158
21.0902
20.82383
17.66879
21.04509
16.99279
18.60106
17.40342
20.89678
17.88738
17.30962
15.34638
20.53143
15.73806
21.53365
15.64674
17.91645
18.81318
17.71178
18.07143
15.06358
19.14445
17.39407
17.32074
17.88047
24.50671
20.16921
15.96045
19.1528
20.73116
20.87554
20.07074
16.29685
17.42524
17.71596
15.96267
21.66836
17.13398
22.18597
18.64875
18.86846
17.71355
20.77798
21.44918
21.40007
18.9038
18.39319
21.45938
18.14512
22.60891
23.13975
18.21293
20.10785
22.25875
24.52086
23.79473
16.42489
18.74264
19.54643
17.85088
19.81711
16.32696
15.41136
19.12216
21.46037
21.66147
19.3524
15.0303
15.65115
19.65095
20.78577
21.54633
24.7167
22.162
17.11066
18.25774
16.77541
17.67218
19.62784
18.75825
20.23651
20.33634
28.00892
20.40249
18.92574
15.38474
17.98243
16.58353
17.03554
18.35492
18.15453
19.67831
23.30378
16.92295
13.23411
13.56333
12.57901
15.58252
17.34608
19.52485
16.1489
12.79357
15.24814
20.50297
16.29452
17.47888
19.73081
16.39474
15.0137
17.19722
14.2341
18.02283
16.10289
15.57984
18.52908
21.53461
19.73039
16.44967
13.9343
25.18704
18.91326
20.12803
17.34792
15.26435
18.48794
17.29304
20.00679
18.81419
17.31804
22.36742
24.27836
21.80039
18.41842
15.69715
12.93693
17.53205
18.72224
18.90611
19.83072
14.50425
19.03869
18.43649
21.05545
16.70833
20.05096
28.12497
17.34862
15.89257
16.41606
11.44954
13.91814
17.41807
21.64193
21.06343
18.55326
19.0029
17.92559
16.08824
15.16442
21.20227
18.8633
18.44541
16.20245
21.78922
18.92059
21.28829
15.98565
15.14741
14.88473
17.20101
14.6512
13.85675
21.67192
19.82729
22.64554
20.90783
19.38245
22.83657
17.94117
17.48335
19.84251
19.92909
19.7542
18.29741
17.38233
19.3444
16.38549
14.49418
17.57709
15.61955
19.5139
20.57048
17.37053
19.98191
21.53044
19.9638
18.66556
21.58391
16.50084
12.71269
17.34817
16.01592
17.25661
13.74991
16.1039
14.77733
19.69134
21.16749
18.59892
17.37244
20.98814
20.07389
22.85168
24.37101
21.1359
24.08617
17.94138
20.335
23.05165
22.94634
19.57826
20.42466
21.33047
15.58402
17.11146
23.09444
20.53844
18.98364
17.63086
18.7826
13.74293
17.66915
16.40084
22.22352
15.31332
21.14371
24.61184
25.66852
20.42488
23.27942
20.15824
18.62925
19.58915
20.00225
22.88555
15.70017
15.94951
14.18261
17.98011
18.84993
17.18381
15.4893
16.20974
14.95554
14.62552
16.57339
18.47264
14.73759
17.81264
18.35689
16.14401
19.5135
16.48269
19.6414
20.54428
17.85069
15.52793
15.88851
17.53618
16.78147
19.02754
13.57736
14.55568
16.65457
18.17032
19.19235
16.3294
20.16949
18.50821
19.67901
15.53011
14.51491
14.29993
15.51009
12.91741
13.06545
14.36118
17.39085
17.4116
21.8827
18.79832
16.34045
20.64541
21.13408
19.33011
18.67591
15.13212
16.54442
24.35394
15.70164
17.60777
14.79525
20.75733
20.04055
15.41087
15.66526
14.06772
17.06327
17.8783
19.37125
19.19726
20.52008
17.01581
17.54197
18.58349
19.63162
16.58014
16.64484
17.78839
22.09342
24.66159
21.63694
16.9502
17.62446
21.11711
15.65523
19.11988
23.39603
17.7162
20.3553
15.47513
16.71371
15.20004
12.58875
17.9872
19.19723
18.76535
17.89777
18.51013
24.71837
20.60583
14.68395
18.97166
21.94526
22.85646
21.42791
24.13851
26.09786
19.73855
20.54438
17.6746
20.96356
18.10242
16.73249
14.18488
20.51545
16.70763
16.70654
18.01038
16.56808
17.77483
15.43161
16.7245
17.98591
17.68934
14.52947
15.00416
15.50039
18.66455
14.15428
13.58459
20.46103
17.22021
17.93292
16.66709
16.43564
18.31248
13.8976
17.20973
18.21179
15.59978
17.09441
15.38597
16.63938
13.29759
13.74931
13.69966
14.76536
18.37827
20.28303
17.90148
20.11973
18.56835
19.75538
26.9594
23.685
18.82322
18.97999
17.94094
16.60714
19.74502
15.47342
15.56208
21.8344
16.99181
22.19082
20.7133
20.00295
26.48539
21.1206
19.5621
17.52593
17.52701
17.35523
17.13253
16.07223
21.36217
18.20226
19.27817
19.89606
14.87511
18.2721
18.17597
19.02525
19.71451
25.18133
19.47912
20.96859
20.0444
17.66729
19.80184
19.39537
18.84775
23.32067
22.05545
18.8419
17.25034
16.97929
19.37308
14.12676
13.50364
18.55432
15.71131
18.1288
17.899
17.48935
13.72902
18.54143
17.21873
15.85895
11.99459
18.21934
22.52971
16.14633
14.6502
17.45211
18.99797
20.14323
20.10689
17.41633
16.96288
20.11005
17.54496
18.4737
18.0886
27.37552
24.37122
21.24833
20.66043
20.11149
14.37435
21.67036
19.36648
21.31583
15.89389
15.4805
25.29605
23.81471
17.64641
16.30947
16.24352
22.08941
17.76129
17.36381
15.76763
18.65335
15.79642
18.64597
16.94985
16.87991
17.19266
20.6987
17.82498
15.09667
18.86059
16.37451
18.04934
18.27785
20.4605
20.71405
20.19267
27.43992
27.35169
22.70756
18.68809
21.79181
16.8811
14.26928
18.16688
17.15902
16.12374
18.88706
17.72994
21.26221
20.78844
16.72506
14.631
16.68572
19.67
17.75327
16.71907
15.20826
14.83457
14.73606
19.0352
18.27296
15.51283
17.21467
21.31435
24.3781
17.14921
14.89273
15.94663
17.03568
17.91539
17.93404
23.75186
20.11436
20.31543
13.85546
17.84266
17.03148
14.64315
15.85578
22.32689
20.56098
19.28395
18.20568
16.7542
18.5105
13.94874
15.33034
19.09896
19.91358
14.66165
14.53511
15.23186
16.14854
19.44459
20.01317
19.29721
16.08403
18.84994
18.73464
22.13857
17.04713
18.75962
15.09231
23.53035
25.77336
15.63617
21.44868
20.18203
18.5808
16.55246
18.50625
16.82319
19.64482
17.15249
25.64089
20.53513
18.43829
19.76569
17.50076
16.47777
19.02224
15.27429
17.94492
16.63602
18.55383
21.89993
17.85645
20.8046
18.10846
19.81166
17.26904
20.00371
15.97978
21.03937
19.77444
13.577
15.78482
15.65834
13.41676
17.91976
15.2037
15.30153
20.97411
17.15073
16.36664
20.03879
19.76714
13.79956
16.29621
21.98994
21.18232
16.24315
17.83357
19.92603
21.11418
22.21884
17.40468
19.92318
18.30708
15.89476
16.47337
16.60803
14.46522
18.10614
12.29841
16.5808
15.53187
18.94757
15.46633
15.48906
15.88612
14.26866
18.07716
20.32402
17.28592
13.52205
15.34114
16.32056
13.9353
17.46155
20.4619
23.41027
18.95912
20.03488
20.1233
24.534
18.13259
22.71331
21.49501
16.52755
18.58655
14.54794
14.51571
13.42187
12.58348
12.99039
19.15568
18.18954
17.97517
20.19429
19.73061
16.16114
16.06463
17.5238
19.10054
21.44772
24.5509
22.75854
20.5741
16.04753
12.99888
14.04982
16.60069
19.89996
18.53991
15.64414
13.11842
17.49329
15.73728
18.26402
20.30916
19.54993
18.11409
15.88923
20.42355
19.67393
19.28721
16.80326
18.4915
16.01826
17.04167
14.57663
16.7771
19.3182
13.8378
20.75036
17.00419
19.88928
19.42078
18.39749
18.65646
27.06785
15.72319
17.65437
16.56076
17.78424
19.30633
18.80772
18.72068
15.96146
16.30831
19.52749
17.81657
14.84168
17.1072
17.2155
19.80957
15.89653
15.22246
14.66008
17.59136
16.05885
15.02996
17.09878
22.90847
16.88299
21.26046
20.10675
19.09029
16.6336
22.52013
17.85854
17.78214
20.91518
18.15011
19.45093
24.77301
21.0417
24.42682
18.78238
20.16766
20.83344
22.11795
18.65462
18.17071
16.52478
16.30729
20.55899
16.53691
17.75208
16.13308
16.3221
19.53702
27.70858
23.32907
21.56363
17.44779
24.13166
21.18081
18.28903
15.45975
11.62312
16.39412
17.4708
17.7895
21.11665
23.22723
21.16551
21.04628
25.36559
16.99094
20.67991
17.9342
16.24078
14.58298
13.7481
18.83481
22.1214
16.77313
18.98363
20.53503
18.08538
16.70499
20.94814
17.90128
20.00151
16.0884
16.79527
17.57194
19.56823
22.4686
16.27429
19.31897
16.60416
20.22698
18.80866
21.94368
17.55681
13.531
19.75938
21.59654
18.97792
18.06057
18.68011
24.0946
21.70921
21.66286
20.26543
17.41238
19.61735
27.37863
28.01258
26.9916
21.72204
24.26131
18.52273
17.75269
16.76859
18.49032
22.8951
22.24368
15.32024
15.50435
20.77857
14.98984
20.96048
20.53306
15.69861
15.88419
19.41021
20.17818
18.14871
17.93935
20.33581
21.21618
15.9278
17.51943
23.53879
19.20207
16.67372
21.00735
18.91946
16.9439
14.24211
18.10262
23.44423
19.34083
15.36164
17.37213
21.20584
19.92237
19.16003
22.86353
18.08156
21.10226
16.49067
19.36224
20.40278
17.36931
16.88919
14.59817
23.13403
18.8369
16.5792
20.72604
15.46117
18.11903
19.501
20.68311
20.08689
17.32847
16.95467
15.52462
19.13685
16.90476
13.90481
12.47653
15.2064
19.05896
17.95603
18.56787
17.66551
14.86304
18.56223
17.71484
18.44785
23.29159
17.77804
15.35098
16.80046
21.31691
25.19478
17.88627
16.80667
23.26848
16.34921
16.35427
19.80104
18.62088
20.18926
20.16405
23.05084
15.98648
18.35997
22.73127
16.50683
17.21457
22.48617
16.36742
17.57089
18.12192
12.37326
12.18384
15.81136
15.12647
20.44458
20.58841
18.1708
17.28526
13.08382
13.55714
14.67357
16.74841
17.9809
17.48281
18.73772
18.24836
16.82115
16.86441
12.91207
22.54531
20.0317
20.16094
22.59154
24.71933
22.81226
17.90756
24.0369
20.10034
19.40753
18.42417
20.20741
17.85757
17.7257
19.50312
21.91768
19.94257
20.11924
17.04165
17.61719
17.84115
25.88054
24.86514
20.24944
17.1412
15.95222
15.0488
15.06868
12.91193
12.30427
18.09942
22.2465
17.49856
17.1094
16.01056
14.54241
17.00239
18.94194
14.7882
23.17973
19.43552
15.83241
19.46844
19.31783
24.29983
19.668
16.11403
17.08623
13.04849
14.64443
14.79222
21.25203
16.06764
16.46752
16.80169
12.00389
16.08548
24.19802
19.48947
14.70376
16.36037
17.42628
19.95717
23.53722
18.71886
18.73023
20.07541
18.74606
16.648
18.45885
23.52672
15.20619
18.92403
17.41958
21.00081
23.07314
22.20244
18.5177
19.24974
18.54736
21.97628
19.6655
17.78376
19.07267
16.96925
17.76785
20.61057
17.67976
19.66987
24.30902
17.02737
17.86057
22.98391
17.66822
14.72737
17.79232
17.11117
15.68897
20.2561
19.52835
15.74114
22.81935
21.21395
18.07972
18.69594
18.6112
16.27249
18.42312
17.87328
17.21401
17.50246
15.8923
15.43733
16.58344
17.93871
25.09208
15.891
15.57892
16.59849
22.26458
16.82093
17.78866
16.7733
17.19839
21.20915
24.67674
19.22875
17.23027
17.7522
14.54369
12.36969
16.65791
19.24032
20.37002
18.38227
17.54214
22.41865
21.63139
17.04273
18.94745
19.08878
20.1668
14.75038
20.29751
20.77035
29.21319
20.47105
19.56251
19.59343
19.61446
15.62412
16.39829
21.58756
21.19469
26.39477
19.38286
19.15949
25.74446
18.06822
17.36269
15.34817
15.99895
18.53354
18.34378
19.83191
18.91745
21.38423
19.28715
17.10027
16.31816
16.26272
17.52971
14.69886
15.89957
18.4063
15.30648
16.86531
17.29644
17.66257
13.89107
14.6406
24.75101
22.94858
17.2319
15.44492
20.08247
18.68051
21.69403
19.12208
15.32235
18.31058
16.70074
15.61571
17.511
14.05346
18.8725
18.47929
17.95303
13.88878
16.63359
12.64565
15.94248
15.93559
15.38077
17.01053
16.29951
15.43847
19.42576
21.08723
20.54565
18.60549
19.50718
18.82177
15.56702
23.71516
21.89444
19.57481
18.02633
22.25114
23.37605
21.19861
21.95363
22.2636
18.65171
22.6822
21.95022
17.10588
19.67122
17.68345
18.84425
17.55715
22.40791
22.2398
20.02108
16.47107
17.52522
18.39446
22.72227
17.87232
16.74002
18.19522
16.40747
15.97503
14.6836
14.27775
16.25326
19.479
15.676
14.96028
16.92136
16.35176
20.52008
18.11428
19.06374
22.71976
19.89727
12.22748
13.36476
15.47855
24.2542
18.25238
16.52925
13.69942
12.90265
11.81975
15.61319
17.14837
18.97618
21.7503
18.50104
15.01418
18.89944
19.88528
19.54825
18.53111
19.24764
13.81075
20.23925
15.64277
16.27665
15.78895
15.65211
13.47828
14.1115
20.0051
19.08858
16.20988
14.53771
16.06788
18.32262
18.38804
18.64043
18.66597
18.88019
15.49199
20.60139
16.37022
17.58671
20.15878
16.95353
17.84951
16.64153
17.62584
15.66148
15.7544
15.87849
16.80003
18.62313
17.00703
20.3425
17.82247
17.23128
22.01774
21.91183
20.11906
21.20899
22.86491
17.95542
17.65138
13.33797
15.25887
14.83573
18.02617
17.2275
15.16133
15.97198
15.16885
18.13951
14.76534
14.85635
16.79206
19.65523
17.86286
21.10091
21.86631
21.03335
15.08286
16.94657
15.44311
17.55829
19.70901
19.15468
14.78295
16.27589
20.59689
21.98316
19.88398
18.7763
15.20035
14.71404
17.28979
17.74641
16.85595
20.36766
19.0919
20.2875
21.68857
19.78877
19.82553
18.74681
16.94034
16.8272
19.05937
18.01897
16.98198
15.21376
17.53535
14.24308
13.71986
14.09075
16.69047
20.36385
17.10223
18.0111
14.62171
17.09493
21.95817
23.57279
19.26366
19.80991
15.57199
17.15095
14.8189
16.79264
19.44135
15.92146
18.31427
22.41045
19.19123
15.03254
15.3426
15.04278
18.59896
19.58925
17.96195
19.03616
19.46614
16.42429
15.46375
14.41249
13.88738
14.33486
20.43653
15.63495
17.11635
16.65426
17.81531
14.51607
16.25581
20.24981
20.76852
17.7399
23.24611
19.50737
18.85799
21.37784
17.45295
18.79253
19.64702
19.54161
16.26335
22.70352
15.07474
13.83901
21.44141
19.38009
17.08967
19.96644
15.42909
22.26317
16.04886
12.6671
15.66395
17.38099
17.66299
24.51829
18.4141
18.06318
19.74525
13.94298
13.9779
19.89627
15.62602
22.42399
16.33617
19.21845
19.36577
20.48166
20.09734
19.83239
15.13047
16.32805
20.88558
17.44599
15.90436
18.88942
17.507
19.95772
17.04661
18.09132
20.15101
17.01954
19.00301
18.83257
18.6133
15.8569
17.59304
18.0516
20.4437
18.11211
16.80648
17.84309
15.66743
18.49941
17.6752
15.52842
20.69544
17.4825
17.89676
23.82161
23.13463
19.15965
15.60438
16.04068
18.18993
18.90079
19.73605
22.80539
21.00522
21.84624
17.53819
13.70776
16.98269
17.61639
19.96278
19.64079
18.65377
20.75124
22.16174
17.24517
21.44583
19.94555
17.13127
14.96711
21.8273
17.57557
22.2048
21.50419
25.25226
18.94208
18.29581
16.51426
17.81509
20.32697
19.44548
17.71031
26.63156
21.93355
17.27162
17.9778
18.32608
15.88203
19.44711
26.50509
21.39299
19.15109
18.17015
13.33102
15.12411
17.75082
19.24934
17.72487
17.18931
19.85136
19.15123
15.19148
17.48225
19.16291
16.06795
13.53477
14.55628
14.37247
15.88228
18.3109
20.75783
15.06839
20.13228
14.27356
12.99399
15.83739
14.32184
16.63591
15.80744
18.30117
23.86375
19.33997
20.11878
16.18718
15.65056
19.63629
18.79853
16.33118
22.21623
17.54985
16.97056
17.17315
24.91941
22.97383
21.18427
22.87748
16.38481
16.56646
16.64753
19.32689
21.54304
13.7693
17.09162
18.16214
15.38102
16.11174
12.43425
19.14057
14.36736
17.27463
17.45978
13.51256
18.59277
22.06159
21.5912
19.88808
22.66425
22.38108
14.56119
17.41068
21.17115
19.40352
16.13948
17.6342
16.25118
19.54866
16.05875
17.4881
14.17607
16.99432
14.60493
16.88123
15.76755
17.52974
20.50402
19.94806
17.63187
15.21203
10.61642
16.6214
21.15161
16.36077
15.67397
15.76921
16.40887
12.5825
15.84973
14.06961
17.5075
19.26459
17.35957
16.56274
21.3473
20.01672
23.19216
15.99558
16.10388
14.87454
16.67036
18.81887
19.24284
21.14513
19.22108
20.18462
18.58985
16.97046
18.41327
19.04049
15.58656
18.52165
19.88753
16.65512
17.92933
18.03402
20.32789
16.38266
20.93872
17.24291
14.88818
16.92137
19.7363
16.73234
15.62765
11.52884
17.57127
21.03165
16.45914
24.38591
22.17222
15.0126
13.85877
15.71431
13.29989
14.30144
18.18734
18.86476
17.4114
19.00433
17.69159
18.6429
20.54633
17.583
18.26388
19.63537
17.45833
20.96478
19.52213
18.88822
18.64212
18.75416
20.3068
17.84017
18.00682
14.16096
19.24856
22.99196
18.56263
20.19296
21.9516
21.01789
17.9322
17.79853
16.70477
16.84639
15.09514
20.78858
22.62212
18.47618
19.5326
17.88217
20.91683
15.78132
22.19759
16.5092
21.88525
23.9243
17.70445
17.81403
11.82454
14.47058
17.37753
16.83354
18.76525
18.60756
17.23846
18.99713
15.00197
19.33568
18.51342
16.76543
21.4801
18.28045
17.08824
19.91881
13.67989
17.23697
17.85748
22.78837
18.58655
18.04633
26.03229
21.09107
20.87583
18.97046
20.41246
21.23394
22.18504
18.97191
18.78246
16.54354
15.04097
15.74269
16.08394
14.82643
15.09836
24.54166
22.6041
18.65425
17.84146
18.84211
21.09099
21.01224
19.89301
23.68262
21.04497
17.41493
20.42636
18.11193
15.70999
14.38693
14.01128
16.24055
15.09007
19.07754
15.3132
21.22186
19.8221
15.48653
18.2265
14.13642
22.2191
19.40902
19.09455
19.83379
16.45728
14.44551
21.48869
19.69121
19.506
18.85866
17.42952
15.30838
19.8919
17.44037
14.5521
20.66046
20.44746
18.65187
20.5273
15.81448
14.59808
20.33666
22.98458
23.77766
17.76908
23.29823
16.82543
21.43315
19.75736
19.39826
23.77314
18.45518
18.05311
14.42544
18.89087
17.02173
20.70839
20.70774
20.57642
19.40506
20.82277
21.9408
28.10567
18.07073
17.95918
17.83067
24.86316
16.1416
17.94086
16.46227
17.0787
21.36076
19.10818
17.91018
14.98652
14.39771
16.90121
23.22305
17.14293
16.95815
15.71742
15.72138
19.47103
19.35626
17.36394
22.08026
18.14213
19.13151
20.92224
18.49164
13.15089
15.58273
15.31868
17.86999
17.65423
14.04965
20.42368
20.30858
13.96227
18.09174
17.20086
17.40972
16.72875
23.61159
13.80819
19.87489
23.19559
16.92755
19.95051
20.57173
21.50328
17.63779
16.09578
15.77802
21.80465
18.21598
14.47844
16.38289
17.02082
16.9164
18.53551
15.93832
16.31257
18.46535
16.54307
14.82352
20.42082
16.30137
20.55538
21.26025
20.60514
18.26691
21.32746
23.85615
16.48525
15.98676
13.30105
13.00973
16.44799
19.64622
16.93384
22.35048
19.47397
13.31681
16.64524
20.41396
15.86342
14.16178
21.30084
24.16794
16.56315
14.30976
19.01209
18.20619
19.13134
19.15378
18.02957
16.84981
14.83542
16.35228
18.98499
16.09967
16.84562
19.12283
21.92693
24.59146
23.14827
20.84606
22.47722
16.66431
16.16072
21.46947
22.37977
19.81292
17.62176
17.90102
16.76711
17.54949
19.29072
17.30953
15.35297
18.89418
16.00143
17.60298
16.20747
19.94549
20.40292
19.16491
20.66096
22.93819
19.54249
22.8245
18.1199
19.31339
17.51
22.07991
20.08733
21.32745
19.0361
20.96013
15.23603
13.41062
13.0639
19.95314
18.39358
16.26366
16.97821
17.5421
15.57033
16.56241
16.9687
17.37689
19.53409
18.07589
20.03772
19.70742
22.76191
22.15754
18.4646
19.68425
15.63407
19.47388
19.86058
18.81891
14.51035
16.80742
17.60677
19.64853
19.45541
19.55493
17.004
15.20144
17.84479
22.01419
18.59246
18.26351
21.4704
17.78238
14.02806
21.07887
20.97128
19.1052
15.20619
14.82774
17.12596
21.91196
18.61326
19.80316
17.6293
17.82068
19.95464
21.7756
19.4036
21.04191
22.75207
21.22538
17.19876
18.95647
17.69382
19.09074
18.49156
18.3729
22.86131
16.87325
21.72068
19.90198
19.9321
17.67799
17.35822
17.05089
16.78972
15.3558
18.30775
17.73867
17.80362
20.72262
16.5652
16.66201
15.70113
19.27786
21.36615
24.34166
19.00498
23.1417
24.66891
21.46308
19.28783
19.02704
17.4495
17.30817
17.43979
22.22664
19.2258
17.84788
17.23143
21.07141
18.87068
21.11089
22.72477
18.32385
19.85989
22.31865
16.77006
18.59158
20.94645
19.75178
19.22194
16.81131
20.79706
15.69577
14.89937
17.13016
18.75032
23.1857
21.80968
18.84194
20.50907
21.44941
18.85593
18.89569
15.61545
19.38553
19.35334
23.11317
20.90233
17.0962
16.62574
13.47643
18.22494
20.67342
21.54753
17.47784
22.32009
17.01727
19.10883
25.29232
25.29152
18.88457
20.09963
17.85822
21.72736
17.4085
17.83945
17.82071
15.33523
19.32246
17.9716
21.4181
22.79501
18.01227
22.39471
21.25949
21.73167
19.40236
20.44703
17.45279
12.48611
19.4491
16.07305
22.54985
15.93634
18.88515
14.87434
15.56492
14.65142
15.18614
17.42542
19.94274
18.04416
14.08601
12.00951
14.78109
18.15696
20.31467
21.48996
22.67564
22.7539
15.88622
22.21971
21.21865
19.56481
18.73759
17.14423
17.49654
18.49515
22.59603
20.70249
17.02714
20.15507
18.80845
14.68799
20.93108
18.08591
15.1094
18.38871
15.77709
14.55121
16.25011
22.23393
16.56855
16.91821
18.98011
19.30294
17.21254
21.18849
16.57522
20.47634
18.20339
16.05076
17.35975
12.17785
14.071
13.88335
20.24265
15.9234
20.74617
14.42316
13.28542
16.20851
19.47933
17.77307
22.37946
20.4027
20.31606
19.35681
17.19011
18.31512
13.59116
14.0886
18.0966
16.24175
18.5112
15.24158
15.91418
14.95541
16.87856
18.97205
19.33497
20.39246
18.33615
18.1282
19.58331
19.20043
19.88546
15.71397
13.73482
12.95713
17.97673
18.76973
17.39411
20.68135
20.30621
16.53396
14.00023
21.8306
19.29575
