1
2
3
4
5
6
8
9
10
11
12
14
15
16
17
18
20
21
22
23
24
25
26
27
29
30
31
32
33
34
35
36
38
39
42
44
45
46
47
48
49
50
51
55
56
57
58
59
60
61
62
63
64
67
68
69
70
71
72
73
74
75
77
78
79
80
81
82
83
84
85
86
87
88
90
91
92
94
97
99
100
101
102
103
105
106
107
109
110
111
112
113
114
117
118
119
120
121
122
123
124
125
126
129
132
134
135
136
137
138
139
141
143
145
146
147
148
149
150
151
152
154
156
157
158
159
160
162
163
164
168
169
170
171
172
173
174
176
178
179
180
181
182
183
184
186
192
194
195
196
197
203
206
213
214
218
223
225
228
230
234
237
238
240
242
244
246
247
248
249
250
252
255
256
258
263
265
266
267
270
271
272
275
276
277
280
281
282
285
286
289
290
291
294
295
298
299