7.639605
8.273345
9.028043
10.80883
10.35446
11.34552
13.91296
9.264834
8.966782
8.811314
10.83927
9.231173
8.474773
11.11133
10.79451
7.194297
8.011399
6.784031
6.988394
9.363426
6.710194
8.314113
8.397551
9.364801
9.079316
6.134183
7.226851
9.348575
11.58708
9.449899
7.895445
9.004067
6.237253
6.540934
8.866273
7.213035
9.01905
8.216279
7.815885
8.453081
13.12768
11.29718
11.43068
10.1357
9.303353
9.340597
11.86978
12.77335
9.736958
8.226778
7.81368
7.664445
9.366449
8.813042
8.755279
9.527495
10.44238
11.02898
9.029742
9.621864
8.536211
8.392145
9.009874
11.25402
9.612158
9.602286
9.005879
6.526902
5.976554
8.184108
7.229373
11.83196
9.309719
6.891214
8.501307
10.71198
8.67093
5.82524
8.013297
8.217534
9.640081
11.02529
8.156117
10.17903
8.329815
8.181623
7.654991
10.21816
9.112518
8.54143
10.3633
12.9127
8.899553
8.177838
8.778718
10.44172
7.814225
9.920436
9.222522
7.657831
8.174981
7.341402
10.48791
8.160467
7.60389
8.716281
8.100864
5.964489
8.954279
7.89528
8.84807
7.32771
10.62581
9.120012
5.987361
7.390026
8.93717
9.274898
9.74191
10.84466
10.29301
9.414646
10.83257
8.514039
10.95707
10.69031
9.942982
9.098585
7.832133
8.631394
9.215505
8.916789
9.006984
11.17397
10.75967
9.926713
9.483437
7.619008
7.756258
7.564569
8.686746
9.131255
8.51775
9.0764
9.060834
11.07024
9.046661
11.60075
8.038648
8.848478
10.10085
9.419013
10.37903
9.230052
7.867858
9.67049
8.432411
8.63994
6.801801
10.63675
9.473457
12.295
10.84966
9.3942
8.485857
10.25078
10.1926
9.541009
15.40484
9.972996
8.641309
7.949336
9.485811
6.947532
8.131923
8.799495
8.643377
9.23435
9.281508
10.65232
10.27651
7.655119
7.361758
10.30446
13.07105
9.131443
6.949923
8.388879
7.811451
8.193427
7.636566
9.978014
12.18374
8.466313
7.601118
9.035069
9.262066
7.504541
9.315165
8.51933
12.70891
9.229111
8.721378
9.370098
9.194087
7.643252
8.414473
8.683371
9.190505
12.09679
9.380519
9.089264
13.41337
11.12392
11.4712
10.93173
7.096877
6.346442
7.19624
12.99782
6.914308
8.923774
8.164578
8.659903
7.661743
9.607242
7.877303
8.585894
9.458576
7.872045
8.217829
7.947159
7.656197
9.043112
5.874652
5.748765
6.716214
6.791389
5.12189
6.764988
7.951776
9.215492
10.88876
11.59595
8.386457
9.468313
6.885443
8.373457
7.918509
11.09962
13.27722
13.48682
9.051461
11.67358
10.78305
11.45884
8.79932
11.14376
9.276769
9.93407
7.053752
6.648592
5.753621
6.065848
7.638811
10.07004
8.859081
11.37953
11.94361
6.573425
7.374379
10.2794
7.266775
9.770691
8.947777
10.00716
12.79618
7.425477
8.808879
10.15239
8.767028
9.510282
9.998149
7.162982
7.905714
8.208531
8.410161
8.400693
8.34258
10.22719
8.15136
9.49925
8.609485
9.052275
8.710601
7.812742
6.987258
8.607114
8.355805
7.251398
8.232741
7.11834
4.845833
4.420196
5.937614
8.088848
8.133574
8.91526
11.32516
8.456956
9.764459
9.496392
8.754244
9.192002
9.507947
9.563909
11.1517
11.42675
11.01343
10.14761
9.599419
7.832566
8.759685
9.342015
10.95688
13.62539
9.780955
7.562828
7.915388
6.261542
11.69611
8.284636
9.51238
9.675392
7.987414
8.431705
8.869048
7.446653
11.10106
6.371075
10.32738
12.89586
10.39479
9.536409
9.684031
8.554984
7.550298
8.251706
7.562635
8.086588
10.19726
8.031098
8.671753
7.240158
8.331528
9.077002
11.49613
11.93717
7.741937
8.356232
8.894721
8.719671
10.20528
8.388435
10.06651
8.166796
8.656604
8.377885
9.38065
5.553322
7.748227
9.775039
8.461105
8.165931
8.793114
7.664469
7.125522
6.959779
9.944565
6.229306
8.200501
9.952895
10.44755
9.215846
6.913352
6.946598
7.43871
7.73756
7.346614
8.937602
9.355021
11.20773
9.941378
9.287966
7.965459
10.88708
9.123109
10.99518
9.570286
11.01544
12.35755
9.202039
9.765837
8.230596
8.935237
7.642781
8.807823
8.289306
8.606389
8.918762
9.80732
7.91317
8.110321
9.681481
10.41285
9.938257
12.111
11.32121
8.559569
8.36706
12.13097
11.09448
8.855923
9.725927
8.509722
7.608071
12.12779
11.72731
9.812673
8.752886
7.904673
7.351158
7.726155
8.547205
8.406664
11.01159
10.33114
8.997254
8.26601
9.156438
11.71449
12.97809
12.58198
9.902071
8.958089
10.62858
9.932769
11.02962
12.1155
12.66805
9.802465
8.813883
9.906034
10.85518
9.981402
8.15283
9.165945
8.874554
11.26555
11.0561
9.367862
9.56992
7.93328
8.556221
10.68505
9.894982
8.272841
10.22426
9.804941
10.75696
9.265499
8.721925
10.35445
7.131402
6.338206
6.594763
6.934
8.31555
8.315325
6.221865
8.639666
9.509922
8.250718
8.838545
9.374052
12.31033
10.22085
8.453804
8.791192
8.394291
10.09253
14.0286
9.108175
9.790711
11.47025
7.803626
9.594093
8.90637
10.7934
10.13749
10.43107
12.01167
10.7335
7.729319
9.233075
8.515672
10.2803
9.613718
10.42807
14.24214
8.418873
6.44977
7.129757
6.620846
8.147417
9.223986
7.87899
8.442662
10.06456
9.302588
8.095027
9.084343
13.88223
10.53648
10.79363
8.44835
6.796392
8.319258
8.295377
9.28302
6.630421
9.245401
10.95039
10.33652
10.72184
13.0597
11.21254
8.239558
8.989469
8.814189
8.235809
12.02871
10.92896
6.756067
8.55084
6.354566
7.277863
8.074501
8.882515
7.370512
9.597258
5.901146
8.132878
8.530864
7.870918
8.92247
7.808921
7.162551
7.27714
8.990484
10.07854
9.174301
9.681395
6.452309
8.835418
6.560392
6.338304
8.267859
10.95458
10.30239
9.718672
11.07019
9.633234
7.563456
9.996506
13.45563
10.76256
11.25533
10.971
9.680868
9.797356
11.31552
8.789261
7.380603
7.575836
8.826058
10.76246
6.835352
8.323264
11.78809
12.40992
10.90722
13.22596
11.82582
7.158957
11.61923
9.683731
11.399
7.640839
7.48764
10.47793
6.137152
8.605035
7.890019
7.019967
8.776142
7.229357
9.585967
9.907352
9.432091
8.646096
8.915918
9.758713
8.873671
8.377434
9.56277
11.32943
13.3312
10.95866
11.70418
12.17592
8.275123
9.317711
7.347104
7.470242
7.524956
7.489209
8.67178
8.566434
10.26471
9.545691
11.54554
9.213013
7.488385
7.93238
5.821687
7.533191
7.638152
9.814657
10.60566
8.410701
6.20144
6.414712
6.112158
7.145727
8.158334
10.6447
8.142138
7.761965
10.68325
10.92987
7.651273
6.909551
6.597076
7.991142
8.382573
6.792154
8.274354
8.372526
9.114325
11.54987
11.31659
9.165075
8.325724
8.526506
8.3029
8.708481
7.865974
9.6081
7.5864
9.817174
9.274708
11.612
9.915663
12.30112
11.31741
10.5841
11.38414
8.960636
7.831729
7.945551
9.084409
10.52062
11.32491
13.14699
12.44625
9.523056
10.50251
11.40539
9.300112
9.703604
9.959714
9.410275
11.10209
10.02391
10.05006
11.21085
9.35256
10.71097
8.80896
8.501557
9.208974
9.057824
9.74963
7.649601
9.740396
8.577103
6.934757
6.325499
6.516824
10.33649
9.745978
7.289711
8.378532
10.16394
9.515727
7.336062
8.354237
10.34993
10.38337
9.495829
8.316754
10.88835
7.579611
9.600053
10.43538
10.078
8.12106
9.670122
9.157393
7.956237
8.498111
9.514395
9.184111
7.105219
7.006433
6.322964
7.335278
9.766686
8.055005
9.056771
9.697417
12.99006
7.705205
7.683315
7.076459
8.682555
8.128445
8.100264
6.938561
8.382738
9.731347
11.27887
10.34287
11.33964
12.22779
14.01786
9.390749
7.695258
5.23348
6.69751
5.805406
8.03451
8.969049
10.14069
9.390477
7.934696
6.147848
7.181101
8.37597
9.791136
11.68691
9.458208
9.736459
10.29224
12.25044
13.41452
14.1843
11.56042
9.403168
9.116096
8.454104
7.761442
6.673818
11.30747
8.83664
8.429169
8.619815
13.15033
9.663481
10.85846
7.963207
7.964103
8.915676
13.78878
7.61175
8.365386
7.629723
12.93219
9.302696
10.20179
7.437549
11.7003
10.4926
9.88625
6.654357
9.087184
7.310426
8.486329
8.315409
6.929334
7.331503
8.667442
9.215484
9.878623
7.248604
7.816847
10.46344
13.08677
9.325478
6.213638
5.991086
8.084196
8.273069
7.746959
9.160621
9.090489
10.02343
7.071872
8.307249
8.343857
6.864279
9.24146
6.421327
7.420431
8.431821
7.55359
7.978174
8.163749
7.477526
8.094221
8.353141
9.002353
9.549885
11.97311
10.46927
9.742998
9.567097
9.033234
10.4158
11.47836
7.777661
10.85177
10.69649
6.559775
7.161384
8.386834
9.060567
8.267823
7.965059
7.430016
8.098579
9.903406
10.08808
10.2557
7.48302
7.887647
10.32505
7.719649
6.754995
9.134945
7.665366
7.6711
8.86375
9.892926
10.57511
9.667158
10.27235
8.675229
10.98436
10.9864
9.137028
9.574604
11.29227
9.104976
7.840594
12.08245
9.998552
9.517315
11.66638
12.85581
16.68955
15.6429
13.02012
12.20579
12.53193
9.381072
8.457494
8.695645
9.539724
10.54385
10.09982
7.081766
9.559177
8.32562
8.928643
12.91928
7.888793
6.8636
8.826967
11.08212
9.861896
11.26629
7.870269
8.271844
8.171168
8.304253
9.052335
10.24462
9.029821
6.870893
7.405152
8.49257
9.76601
7.843835
7.773233
8.336387
8.219793
10.08424
5.57327
10.63906
8.531973
8.978556
6.429604
6.022358
6.737979
7.765359
8.533803
6.404828
8.893257
9.738259
10.7474
8.636441
6.538426
8.0679
11.50438
9.209063
9.568289
7.049562
7.96953
8.509432
7.961556
6.694095
7.950444
7.851136
6.757814
7.701543
7.095786
8.215309
10.87189
7.931306
7.635228
8.665543
7.623028
7.069235
6.488179
6.401742
10.305
8.954865
8.287548
11.47079
8.085076
7.278514
5.86962
6.179586
7.920982
8.372934
7.904975
8.927962
11.79239
8.449435
11.12457
11.80426
12.0227
10.15996
7.751662
11.82107
11.24766
11.3305
10.66741
8.841556
9.157418
9.809341
10.30223
9.939766
9.08351
7.017602
9.149562
8.287456
10.04524
10.65175
9.943706
11.02593
11.14294
12.78156
14.1377
10.55256
11.83231
10.92306
9.069922
11.66003
9.84164
9.973326
9.840999
7.913029
9.223288
11.28987
8.941897
13.34176
10.98274
8.58306
9.438628
7.072708
8.354918
10.86477
7.219461
7.642339
8.264213
7.189737
8.531791
9.395535
9.324286
8.730268
8.125368
14.04874
11.88055
12.69589
11.43764
10.87155
8.309604
13.31297
9.50418
7.927306
10.86568
8.84248
11.73934
10.83569
10.88355
9.566602
6.420618
6.245076
8.266787
9.19442
8.753861
11.76324
10.2416
9.01083
8.067951
5.924236
6.627464
11.77048
7.200067
6.04057
7.463632
8.566583
10.41044
6.298369
8.42674
9.473616
7.933531
8.727778
7.899488
8.204548
7.382177
9.786966
9.299892
10.04327
7.940341
7.231014
7.417163
7.992698
7.466292
10.07544
4.480112
4.517226
6.671416
8.385462
9.853927
7.783546
9.524249
11.79044
12.86869
9.988164
11.55672
8.30713
7.285325
10.14069
14.18645
10.84189
10.09802
7.854819
8.914929
7.513679
8.304352
9.33941
8.435279
8.770593
7.727862
8.00557
7.250421
6.797217
7.618444
6.945861
7.738767
10.43496
10.08397
11.96277
7.664694
6.462173
7.435624
9.8882
8.411704
8.654065
9.082267
9.45189
7.908376
9.465475
11.50173
11.5331
11.07997
10.14645
8.15071
8.027252
8.92692
6.080196
6.735285
8.192713
8.526716
8.253745
10.7391
8.876026
7.893345
6.535242
6.70872
10.5202
7.083369
10.46563
10.73106
10.42435
8.350353
8.044645
8.563468
11.59146
8.49071
11.25195
9.434519
10.37291
8.448297
10.48068
7.674333
9.130214
8.49767
8.752743
9.256394
10.82585
13.74751
9.274747
8.492719
8.247957
11.00737
7.232576
10.41634
11.94008
12.63324
11.92223
17.8386
13.69823
9.485689
7.683167
7.874463
6.978117
12.63769
10.23739
13.02804
11.53998
13.16546
10.25947
10.26109
10.18401
9.053461
11.56935
13.78242
13.20181
8.985526
8.2107
7.106426
8.379916
9.027367
6.933952
8.640934
9.813187
10.72592
8.439927
9.665601
8.498881
11.05971
8.704924
8.828934
7.600751
7.641297
9.879134
9.546454
8.224092
11.04227
7.336499
9.023897
9.47906
8.290038
9.892808
7.215841
7.632725
6.626104
9.205438
8.444112
9.475385
9.434166
9.243976
13.54283
14.05622
8.684002
8.624508
12.61614
9.536716
10.24774
6.031469
7.20527
10.21407
10.44801
10.95417
12.81377
11.02097
10.47522
10.61457
7.968685
7.984205
6.144031
7.038304
8.501677
8.72512
11.11844
8.487607
9.775494
10.26215
12.69842
10.96989
10.10191
10.57859
8.646016
6.329219
7.283799
8.059255
7.075755
5.884285
5.781994
8.975229
10.40598
9.002698
12.55382
10.06192
9.325517
9.970821
8.811327
10.13476
11.65375
10.84216
7.146994
6.585106
10.37276
10.84719
8.173465
8.152138
7.801844
10.29959
9.233504
12.35551
9.554347
6.826552
11.14341
7.970317
7.596557
7.929859
5.987732
6.748969
7.148089
9.255008
8.033895
7.165626
6.716983
7.584478
7.151949
8.18721
10.06603
8.898558
9.383154
8.645833
7.643384
7.793988
7.688543
7.640152
8.786843
11.35564
8.871902
8.289982
8.721548
13.35761
11.5673
9.268875
7.685685
11.10144
9.068368
10.38753
8.918877
7.335229
8.321071
9.881525
8.642049
7.200274
9.394561
8.169915
7.43414
8.658462
11.62489
9.65534
7.75992
5.708525
5.126304
8.187237
12.53547
8.407918
9.34941
13.29014
9.486397
6.654532
11.30653
9.929809
11.04027
10.29233
8.233793
10.78212
10.68668
9.036862
7.968009
8.67652
7.196972
8.799969
8.855879
7.465008
6.839238
5.586858
6.344808
8.543052
9.471111
9.482828
10.02971
10.66491
12.70004
12.26476
11.0953
7.689107
11.87767
11.06251
9.789026
11.92706
10.15512
10.44788
9.735741
8.460353
11.11215
8.951387
7.238536
10.19579
11.29281
9.104073
11.77842
11.10234
9.488388
6.824704
7.814994
11.80035
12.28127
8.666641
8.514186
8.303127
8.810544
6.515359
8.994483
9.681506
11.02315
11.08432
10.69202
14.14525
12.58835
9.53893
9.115948
7.506662
7.673004
7.782897
6.667003
7.194049
10.11159
10.76447
7.321554
8.656699
11.59519
7.573275
10.60642
10.88234
9.622607
9.910104
12.03788
11.7323
12.06048
10.00053
9.649784
9.373405
12.08958
9.275586
8.336903
8.186392
8.31986
8.080549
10.5076
10.29934
6.299599
7.468117
9.701342
10.43031
9.671033
12.37011
10.69367
10.41326
11.02312
9.049521
9.449084
8.884257
8.477914
6.50173
8.656279
11.73405
9.667561
9.706896
9.529091
10.6097
12.85783
8.866158
7.245443
7.86192
10.47985
8.136526
11.30167
9.394863
9.717684
9.603209
11.84836
9.469383
7.333605
8.137515
9.053664
7.874637
10.37529
7.007015
7.24601
7.998863
7.430162
8.391031
7.90802
7.922996
8.184679
12.23451
8.323772
10.58753
10.00037
8.618892
8.348825
8.038094
9.886727
8.615024
13.43729
10.18825
8.952721
9.792305
7.976794
7.236379
7.276904
9.963337
9.658591
8.010615
12.05245
10.24381
8.912286
7.732629
8.038802
9.16813
7.758588
7.589484
8.097268
10.10993
8.67655
7.887386
7.81587
10.05615
10.38118
8.819757
6.975219
8.180897
9.93804
7.93055
8.697278
8.280778
11.98657
10.07651
9.349849
9.614303
8.759799
8.858144
8.4633
8.833807
7.595996
7.949627
6.149398
6.90777
5.897614
5.901947
7.76791
11.52331
12.96678
10.75457
9.907359
9.549339
8.227187
7.119006
7.553389
11.2841
11.23562
10.15479
9.017717
6.636165
7.382302
8.024284
11.69002
6.94133
9.041368
7.405912
6.935978
8.234588
6.214486
7.152477
8.391717
9.786751
13.41754
9.585941
6.502135
8.842545
8.429617
9.808318
9.649408
7.798934
9.267752
9.589975
11.57121
10.92023
13.72453
8.881167
6.511461
7.305224
10.41062
8.959622
8.345163
7.89374
7.290758
7.551789
7.227858
7.40563
8.02184
9.534296
11.5723
8.638647
12.37452
13.36616
11.73409
7.818116
6.770515
7.301493
9.07869
8.503997
8.708489
7.86749
6.572915
6.853253
8.835951
6.811728
6.378884
8.073945
9.351532
12.7069
9.976313
7.777878
7.365579
7.329866
6.976477
6.909949
6.805657
8.094351
9.315983
7.673113
6.519131
8.459751
8.728964
8.508338
8.793835
8.137002
8.232787
10.52706
7.497154
7.999728
7.381325
8.308329
10.15903
11.54147
8.336656
10.55233
7.358984
9.7187
11.63342
9.97668
16.44192
14.7169
10.6466
11.01085
7.720906
7.40216
7.249451
7.651435
10.20002
8.793073
11.91674
8.961826
8.425442
8.989023
7.151594
8.159406
9.317103
8.294234
8.633117
9.607621
10.61983
7.622589
7.872361
7.998366
7.616936
6.669422
7.400483
8.219075
9.156448
8.917701
8.526959
8.489752
14.08892
11.51996
7.419205
8.923756
7.126273
8.219928
10.79277
8.570957
9.792327
8.624191
9.570979
8.916389
7.109944
9.084939
8.526969
10.11457
9.737247
10.54499
12.62623
12.58324
7.789386
9.372242
9.871104
11.53454
9.943707
8.432378
10.66241
11.17911
8.452102
8.749684
12.4844
9.490403
7.195871
8.018837
7.92288
8.151638
8.983571
9.802218
5.926675
9.295769
9.864231
9.328091
9.014548
8.276571
12.19595
10.91184
8.607483
8.81919
7.525438
8.253121
9.705496
8.635853
9.205308
8.028993
9.66333
9.70267
10.89038
7.156566
9.081517
10.78448
10.48365
6.455785
8.830422
7.289148
7.868224
11.15739
11.97956
11.04482
10.56708
10.43796
8.216842
9.133681
8.603834
10.5243
11.82236
9.091853
8.467796
9.326441
10.58622
9.706011
9.578772
8.830915
11.38648
12.06842
11.20657
8.810779
12.17313
8.944213
9.581306
6.213611
7.641638
6.914089
6.768245
8.326564
11.59743
9.174223
9.176881
8.974256
8.517849
11.87575
7.050654
7.401828
6.50131
7.440211
9.870979
8.123121
7.858588
9.572058
7.065781
8.659751
10.74477
7.996078
11.22736
11.508
10.33213
8.376906
10.69561
9.981262
8.93314
9.852031
9.574043
7.202011
7.073638
8.749346
7.586395
6.619782
8.007478
9.369528
8.172239
10.48439
10.62259
10.1312
9.825242
11.69324
16.01695
12.3962
10.58294
8.937844
7.656215
7.139204
11.26435
11.39859
9.555956
13.21045
10.69935
13.33241
11.95682
9.887831
9.652765
12.15927
8.742404
9.841285
11.17173
8.749152
9.887286
9.748404
14.10448
8.132206
7.927802
7.24211
8.33689
6.506285
7.185346
6.527279
6.167405
9.240034
7.726757
11.72664
7.564028
8.626966
9.486772
10.54329
9.341684
6.605678
6.760272
6.337343
8.175093
8.291503
12.63961
12.31045
9.117212
6.164502
8.438542
8.637575
8.781673
12.08294
8.733904
9.021751
10.82532
10.66594
6.524618
8.1475
8.171735
7.443131
9.448117
7.902977
10.50105
8.373394
10.06692
9.835623
7.673531
7.81968
11.41193
10.76962
7.563406
8.125455
9.450139
7.554842
9.477583
9.711313
8.409235
6.485371
8.162071
8.6148
6.558576
9.019461
11.9212
11.56247
10.28255
7.212869
10.4849
10.49714
9.177915
8.489469
9.419175
9.473437
6.609302
8.262575
12.07187
11.15084
7.309055
7.747222
10.75506
9.706694
11.53184
11.22805
5.727385
7.686712
9.009436
9.42324
8.295353
8.197057
7.34639
8.702022
4.63352
6.581301
7.44131
15.29689
10.43094
7.587122
9.50199
9.879723
11.67114
12.59056
11.07222
10.97797
8.787521
8.556183
8.17464
9.208303
8.369303
9.521903
8.324806
7.701067
9.484201
8.451651
9.342841
10.14306
7.971006
7.559657
9.375027
6.151583
8.786192
9.985748
10.69366
9.452628
9.244261
8.360045
9.050468
7.767483
7.560033
6.863623
9.81541
9.627309
10.68514
7.408033
7.522456
9.046124
7.725068
9.132305
8.631491
7.385097
10.69309
11.71663
8.948001
7.857561
8.212647
6.487951
6.131273
7.897277
8.415284
8.559734
8.472709
9.582006
6.278726
9.358466
8.740937
7.99857
9.651017
9.968934
6.898298
6.933358
6.575371
6.906409
6.825593
6.856107
9.679646
9.43271
9.610429
11.31992
8.93047
8.756863
11.1151
8.179145
7.196702
6.125405
6.062815
6.413095
7.314285
7.764909
7.684122
7.703509
10.48725
9.460813
8.646684
9.974982
6.599149
6.267169
8.37084
10.45745
8.654402
7.625617
6.086087
5.932477
7.285543
9.988307
8.105536
9.470635
6.135465
10.10953
8.122441
7.491453
8.322966
10.07831
10.78518
9.480157
8.946088
8.617353
9.675147
9.581464
10.74767
7.797308
7.013881
7.635004
8.910482
11.31411
10.20388
7.461696
10.59772
10.53142
7.566376
7.090946
8.27208
11.51065
10.83058
12.89829
10.30714
9.671419
7.331989
7.647824
5.559692
8.387591
6.713426
6.880914
6.502863
7.475497
8.512594
7.751598
7.881845
9.134511
9.759744
9.866304
8.082823
6.079511
7.538382
7.487707
8.609541
8.940892
8.491322
9.783631
14.56309
11.52477
12.38885
10.51716
9.505333
9.396396
9.514656
8.744262
7.806479
9.244935
6.90691
7.814511
8.581983
11.23582
8.667978
7.931733
7.372623
9.362185
8.642516
7.544967
7.012081
7.373918
8.917531
6.825517
6.412989
6.385116
5.777363
5.211745
6.081666
6.409524
10.92687
8.138842
7.117861
7.946036
7.790996
7.465259
8.559854
8.111264
9.248836
7.71567
8.191488
6.548145
7.888151
8.604887
7.943175
10.02168
8.166773
6.876229
7.559439
8.535392
9.497542
9.418544
9.659033
10.99897
8.534439
9.736148
7.724859
8.999666
8.698373
8.891889
10.63726
9.557865
11.49287
7.427036
10.66809
11.79457
11.93217
11.55591
10.99276
7.460742
11.4865
9.685947
7.851526
8.318713
10.68613
9.593409
8.293453
9.49805
9.079211
10.16316
10.01435
11.56751
7.731421
8.317253
7.693872
8.631208
7.516916
10.41014
9.182281
11.14103
13.24221
14.31087
12.13833
11.17649
11.36782
9.339559
9.355112
7.687961
10.67012
8.184164
6.292763
8.062887
6.557755
8.578694
8.785623
10.74541
10.45108
10.8941
11.88519
12.00841
8.675264
8.569051
10.44883
8.009659
8.003655
8.158132
6.961548
6.886983
8.94642
9.343361
9.029801
10.42794
11.01483
10.31549
10.75481
11.61561
9.673354
7.680242
9.194756
6.431307
10.59529
11.45415
12.37939
9.668035
11.0227
10.0164
9.289771
8.12458
8.215685
9.859314
9.461275
7.577279
9.328006
7.298362
10.56236
8.922648
9.361027
8.95696
6.495413
8.214459
8.711904
10.37885
7.322783
11.4569
10.84011
8.110163
9.207626
9.17566
7.532563
9.35326
11.51552
10.24416
8.187797
7.380063
7.41833
6.717206
7.796172
7.526972
9.329006
10.83434
11.04162
9.116735
6.82194
6.468926
7.264868
8.564442
9.706221
10.59782
11.38727
7.936009
6.971405
6.967853
8.211472
7.931796
8.016647
10.97355
8.114943
8.592855
9.975489
10.71442
10.20867
7.963721
10.48283
11.29251
8.495564
11.68788
7.838582
8.929478
8.325191
9.095097
9.986551
10.22946
6.691513
10.13997
9.300908
9.455976
12.75534
13.80356
9.071844
7.908091
6.828392
5.98867
6.414485
8.611894
7.655412
12.05769
10.63439
12.05584
7.747658
8.352152
7.936615
8.782598
7.651806
8.781408
7.498532
8.285926
9.178716
6.974105
5.63568
8.300401
9.526078
7.879943
7.583208
8.036535
8.733864
11.09547
11.56699
9.902843
7.614421
9.316063
9.484719
6.481574
8.426763
9.917399
6.197934
7.19753
7.459222
9.183161
8.325716
9.555503
7.451551
7.815946
9.224219
7.322002
8.323702
7.549918
10.2509
10.39307
8.596029
10.0464
8.059935
8.652332
9.332059
10.63547
12.57021
8.400895
10.83052
6.910199
10.33322
5.916095
7.73839
8.252427
6.457739
7.121411
7.448254
7.311211
10.88269
9.910966
9.450043
6.502585
6.470951
9.781168
8.72943
6.476564
8.649388
9.008349
8.005747
8.102988
10.63795
10.36404
8.261416
10.39826
10.76494
9.731561
10.73044
7.612047
9.101438
5.482988
5.217176
7.18205
8.371569
8.185547
8.227154
6.902432
8.581416
8.273046
8.911692
8.053604
6.738294
8.825275
7.060824
6.845829
14.45175
11.3497
10.86916
10.17962
8.77239
8.845986
9.412388
8.004976
10.61397
8.431413
9.561368
7.091268
10.26758
9.188082
8.681434
8.701623
9.281761
10.96904
8.679006
9.200065
10.72136
