12.80127
12.63355
12.9581
12.62145
12.82599
13.08917
12.7552
12.719
12.34213
12.69611
12.85756
13.04458
13.12988
12.64767
12.63846
12.93381
13.35018
12.85274
12.59317
12.93698
12.36501
12.93598
12.63081
12.90881
13.21118
12.58515
12.84627
13.26107
12.93241
12.83665
12.70348
12.59099
12.69356
12.76267
13.04963
13.23555
12.78718
13.00392
12.74815
12.43576
12.5537
12.9155
12.91857
12.60574
12.77523
12.76002
13.23124
12.80855
12.79691
12.86651
12.98225
13.42318
12.74386
12.70033
13.31573
12.98368
12.83406
12.40815
12.67585
12.75943
12.79632
12.74353
12.43577
12.77999
12.7868
12.80761
12.98103
13.09654
12.77645
13.09696
13.07629
12.91412
13.11083
12.90669
12.63333
12.52021
12.7263
12.57501
13.27223
12.77845
13.02799
12.83224
13.03813
12.72163
13.05222
12.7978
12.75302
12.82165
12.71507
12.80373
12.84952
12.58063
12.94455
12.92365
12.5626
12.82889
12.97669
13.35175
12.68371
12.66824
12.85133
12.66024
12.45645
12.7968
13.15047
12.90715
12.79945
12.98894
12.68935
12.54785
13.20681
12.6717
12.77345
12.85379
13.1224
12.49884
12.61523
12.90095
12.55123
13.32426
12.92482
12.95
13.0533
12.90186
13.06448
13.0123
13.00831
12.53695
12.80204
12.8373
12.78237
12.84743
12.6684
13.22979
13.00963
12.64484
12.78005
12.81612
12.66292
13.11494
12.76569
12.813
13.08442
12.56796
12.63259
12.75278
12.59603
12.75341
12.8139
12.79047
12.95596
13.06365
12.4909
12.86968
12.96645
12.62198
12.95681
13.08848
12.99457
12.60382
12.48817
12.88841
13.04264
13.2351
12.86177
12.92647
12.75604
12.66369
12.82914
12.65293
12.79539
12.69102
13.13943
12.73396
12.47429
12.79191
12.82196
12.79582
12.83771
12.96789
12.44931
12.86015
12.75398
13.00603
13.07399
13.07319
13.04334
12.71211
13.09829
13.01868
12.65494
12.87478
12.84736
12.90394
13.21125
12.67115
12.9646
12.96332
12.85962
12.63262
12.97567
12.78122
12.83143
12.82634
13.06139
12.97407
12.93454
13.11052
12.99222
13.03082
12.47627
12.76854
12.9441
13.1447
13.1593
13.18452
12.81413
12.83892
12.66417
13.08362
12.8346
12.54935
12.80304
12.89209
12.65516
13.11817
12.75332
13.05065
12.68328
12.50184
12.96882
12.6805
12.81496
12.69058
13.33012
12.74372
12.95084
13.18744
12.92402
13.02725
13.14645
12.94155
12.97226
12.78822
12.55814
12.98715
12.77455
13.3656
13.27019
13.05798
12.89505
12.55366
12.86523
13.20788
12.84303
13.0153
12.94213
12.60765
13.32917
12.95285
12.97309
12.60659
12.53558
13.2859
12.72977
12.50112
12.80545
12.84221
12.69546
12.80196
12.77051
12.84609
13.18969
13.20775
13.02766
12.93978
12.45598
13.07661
12.95283
12.98426
13.19785
12.83984
13.1826
12.65614
12.62979
12.31914
12.90013
12.87132
13.25841
12.89905
12.48079
13.02317
12.94725
12.97406
12.48533
12.59916
12.96474
12.84441
12.96614
12.7365
13.18418
12.95131
12.50193
12.56088
12.64902
13.08622
12.68248
12.92064
13.06181
13.08236
13.01133
12.42643
12.64292
12.87244
13.11665
12.51983
12.83694
12.85326
13.01591
12.8818
13.13533
12.96079
13.08802
13.13988
12.56562
12.84865
13.20684
12.72335
12.86932
12.96102
13.0043
12.99035
13.00722
12.75399
12.74881
12.50054
12.69623
12.63803
13.13773
13.0377
12.93044
12.92186
12.87978
12.97303
13.86307
12.81144
12.85782
12.66952
13.05355
12.80767
12.77504
13.12685
13.09748
12.89104
12.8375
12.83261
13.18353
13.07685
12.39321
12.76399
13.36944
13.18529
13.0409
13.27099
13.03325
12.95595
12.87741
12.97871
12.8313
13.14104
12.3211
12.56278
13.09235
12.7522
12.88193
12.75531
12.6997
12.96116
12.59819
13.14971
12.9963
12.9254
12.68225
12.61902
13.00801
12.71835
12.95921
12.71478
12.58132
12.55524
12.70348
12.63265
13.03212
13.09814
12.94181
12.99693
13.05172
12.89438
12.97374
12.70785
12.52414
12.99306
12.81412
13.05255
13.26422
13.25498
12.64017
12.88304
12.77359
12.72171
12.97261
12.74395
12.5481
12.92822
12.68525
12.56709
12.81046
13.03027
13.16608
12.54429
13.03361
13.11713
12.69681
12.64847
12.85583
12.95605
12.83781
13.15558
12.66205
13.15309
12.84753
12.89652
12.7185
13.10995
13.15601
13.33334
13.0586
13.03898
12.92759
12.70404
12.53234
13.00218
12.88859
12.9758
12.55756
12.93831
12.90852
13.0393
13.14202
12.77037
12.93541
12.87286
12.98517
13.04546
12.68109
12.77758
12.97134
12.37603
13.21884
12.74522
12.72596
12.79505
13.34933
12.93426
12.46464
13.0999
12.63186
12.76119
12.66631
12.98543
13.10019
13.06012
12.71789
12.82576
12.54141
13.07618
13.08877
12.83921
12.75961
12.63138
13.04153
12.49995
12.75444
12.35857
12.84625
12.98191
12.63374
12.54371
13.0966
12.8403
12.68864
12.65307
12.84172
12.92839
12.87658
12.95159
13.28693
13.08588
13.03807
13.09154
13.04309
12.74244
12.31439
13.40593
13.07282
12.73423
12.72646
13.33286
12.90021
12.85844
12.92402
13.17306
13.15185
13.58483
13.14356
12.62162
12.46461
12.70208
13.06776
12.95588
12.86248
12.72466
13.49195
12.57938
12.84581
13.11456
12.71793
12.73424
12.93434
12.90632
12.8641
12.79042
12.67507
13.22122
12.73437
12.6689
12.85088
12.89935
13.13522
12.57271
12.43112
12.98376
12.71619
12.98979
12.90738
12.87737
13.04313
12.94125
12.59342
13.1955
12.82571
13.10368
12.45826
12.46932
12.67866
12.81946
12.69627
12.8614
12.50602
13.14363
13.01764
12.64473
12.87032
12.69336
12.74459
13.06196
13.13335
12.75196
12.81365
12.82402
12.7384
12.6194
13.09906
12.83914
12.82255
12.88754
13.05745
12.97814
12.94154
13.02642
12.87587
12.74646
12.96311
13.0746
12.61416
12.7093
13.03026
12.86238
13.3672
12.68836
13.04069
12.87785
12.89708
12.92381
12.9769
12.89539
13.33012
12.82838
12.90185
13.02104
12.96262
12.70248
12.77966
12.70418
13.11469
12.884
13.03418
12.72346
12.99691
12.8655
12.85982
12.84183
12.60153
12.95856
12.83462
12.85962
12.59827
13.19626
12.76277
12.92146
13.00375
12.63393
12.72983
13.04499
12.64665
12.68433
12.60338
13.0767
12.66803
12.78217
12.9543
12.94694
12.77988
13.06908
12.40726
12.65287
13.10444
13.11175
12.67744
12.86581
13.12395
12.93843
13.06672
12.63544
12.58544
13.26207
12.83084
13.14977
12.78131
12.79739
12.39879
12.88207
12.58469
12.71446
12.87321
12.68138
12.98554
12.56552
12.94592
13.12568
12.72289
12.69375
13.05947
13.0016
12.34648
13.01506
13.00723
12.93017
12.74573
13.02887
12.7987
12.64428
12.60841
12.66905
12.92067
12.80479
13.26726
12.56189
12.63071
13.08786
13.27566
12.44407
12.85027
12.76924
12.71452
12.80011
12.78998
12.69358
12.71357
12.61283
12.72006
13.00397
12.47867
13.25054
12.67797
13.01896
12.74188
12.73357
12.88149
12.99286
12.96539
12.74421
13.02138
13.14949
12.85763
12.91313
12.75259
12.36779
12.93731
12.70724
12.78254
13.00346
12.75654
13.18198
13.20439
12.98935
13.22636
12.89672
12.72528
13.02694
12.38786
12.97426
12.79848
12.71474
13.17261
12.8207
13.05521
13.11273
12.56487
12.78801
12.97914
13.31839
12.84451
12.81959
13.08328
12.97061
13.27359
12.96954
13.07131
12.68321
13.01744
12.5655
12.96295
12.88806
12.79499
12.97068
13.00619
13.04464
12.99264
12.73485
12.45829
13.26813
13.39071
12.73118
12.88848
12.37769
12.55929
12.86209
12.71637
12.85056
12.85414
13.01444
13.14732
13.23229
12.86032
12.69101
13.14679
13.02819
12.81446
13.21389
13.19304
12.78509
13.34067
12.95414
12.86784
12.52042
12.72274
12.99539
12.8975
12.98131
12.89389
13.17198
12.747
12.75256
12.8186
12.94029
12.84686
13.19834
12.72522
12.4889
12.66015
12.97337
12.75865
12.83122
12.55764
12.91929
12.58662
12.77866
13.00832
12.67401
12.98978
13.17105
12.8169
12.75232
13.04664
13.05002
12.80582
12.89822
12.78919
12.76015
13.13744
13.20901
12.84584
12.58615
12.70012
12.49961
12.54667
12.83027
12.87074
13.29288
12.78692
12.87015
12.84868
12.98378
12.73954
12.86172
13.06414
12.72841
12.8245
12.76268
12.83114
12.87166
12.96217
12.74032
12.80537
12.94082
12.78312
12.88305
12.95379
12.78269
13.12483
12.68824
13.09754
12.85495
13.15653
12.81564
13.1541
13.07636
12.89433
12.87187
12.79812
12.63361
13.04763
12.71451
12.8071
12.70868
12.68705
13.33936
13.04484
13.20112
13.1434
12.72338
12.72116
13.02457
12.63627
13.13067
12.71348
12.89942
13.23019
12.74709
12.75961
13.01635
12.69322
12.96924
13.02661
12.92966
13.18915
12.63468
13.08458
13.07386
13.15038
12.80351
12.87563
12.67986
12.96136
12.54156
12.75272
12.76799
12.98044
13.02864
12.71228
12.7437
12.84756
12.80001
12.58892
12.73549
12.7709
12.72262
12.65951
12.5991
13.0367
12.6121
12.88553
12.44561
12.91047
12.89687
13.1232
12.85932
12.65558
12.65412
13.03779
12.96715
13.29864
12.63555
13.00791
12.81868
12.67607
13.16274
13.09301
12.6462
12.89913
13.05443
13.12296
12.6077
13.41898
13.15491
12.85285
12.70292
12.46008
12.60234
12.47254
13.10723
12.62857
12.77579
12.42717
13.03742
12.67802
12.78629
12.97902
12.50847
12.55019
12.70011
13.19551
12.71871
12.97855
12.98638
12.93082
13.0667
13.09598
12.77442
12.68752
12.95419
12.74885
12.78846
12.8455
12.95026
12.89574
12.9229
12.67647
13.21214
13.13977
12.67293
13.0354
12.95353
12.78933
12.79588
13.1179
12.91799
12.87856
12.8867
13.05733
12.74007
13.2186
12.85937
13.27216
13.0202
12.78286
12.68509
12.74462
12.74817
12.80852
12.79473
12.7785
12.70687
13.34739
13.02197
12.94524
13.12209
12.54035
12.77298
12.72826
12.59875
12.95192
12.64617
12.32146
12.92167
12.96267
12.99116
13.26921
12.77842
12.72671
12.66987
12.96798
12.90817
13.15971
12.69973
12.54747
12.70828
12.70145
12.81394
12.57609
12.91798
12.59996
12.93794
12.66279
12.76154
12.64719
12.79032
13.01809
12.79559
12.84391
12.69983
12.78125
12.6583
12.56397
12.64985
12.30832
13.25939
13.06824
12.64919
13.1439
12.52485
12.87365
12.89124
13.11721
13.00636
12.52523
12.81905
12.71726
13.04617
13.08115
13.13695
12.95608
12.71593
13.29778
12.40794
12.77204
13.22187
12.779
13.03846
12.60201
13.11174
12.88145
12.85504
13.41445
12.85584
13.20179
12.89267
12.90408
13.2075
13.01943
12.86135
12.89473
13.13509
12.88833
12.57341
12.92534
12.81954
12.91045
12.79399
13.22257
12.73349
13.08616
13.11937
12.7391
12.71064
13.22223
12.60792
13.39919
13.10811
13.11673
13.15026
12.86291
13.00115
12.83594
12.57509
13.04875
12.89052
12.87276
12.54885
12.67013
13.03734
12.57785
12.88568
12.90144
12.97609
13.19808
12.37608
12.96651
13.02477
12.93081
13.04292
13.0244
12.84791
13.23672
12.74782
12.67704
12.98472
13.11392
12.83655
12.92965
12.95248
13.00522
13.01764
13.11153
12.70042
12.87066
13.17218
12.91381
12.85746
12.5246
12.64366
12.57412
13.10685
12.51346
12.53206
13.25026
12.71299
12.97557
12.91019
13.25786
12.82952
13.35044
12.77056
12.65864
12.73132
12.86617
13.17023
12.9534
12.77985
13.08307
13.23546
13.19429
12.89721
13.21922
12.86959
13.10761
12.75066
12.99922
12.62687
12.59969
12.94552
12.73682
12.60013
12.58624
13.05854
12.8939
13.18538
12.6599
13.02769
12.92582
12.80588
13.03659
13.21452
12.69
13.22116
13.1218
12.92973
13.23252
12.82152
12.87067
12.6524
13.1572
13.16315
12.99205
13.09749
12.40517
13.11633
13.02011
12.8689
12.82716
13.10369
12.90399
12.79734
12.93456
13.15514
13.27465
12.92477
12.58311
13.22783
13.56801
12.6974
13.24423
12.38156
13.07897
13.15677
12.8501
13.44052
12.89568
12.88872
12.80913
13.04121
13.13914
12.72096
13.19465
12.78666
12.64517
13.07889
12.7766
12.75306
13.12847
13.08875
12.74545
13.03407
12.91245
12.65965
13.17083
12.61608
12.82348
12.72985
13.08437
12.83746
12.88758
12.44126
13.40428
12.62867
12.54006
13.20577
12.85069
12.72657
12.90414
12.88558
13.09092
12.62164
12.79233
12.51953
12.65911
12.82166
13.01912
13.31986
12.71635
12.71798
12.8046
13.12564
12.73214
12.53975
13.03458
12.92247
12.75633
13.05003
13.10385
12.9198
12.90927
12.87984
12.9986
12.87125
12.59162
12.91252
13.51114
12.50395
13.0368
13.05652
12.67883
12.50431
12.45537
12.98884
12.41535
12.63913
12.88549
12.93675
12.70396
12.89274
12.76078
12.69837
12.70712
12.99203
13.08294
12.91439
13.32529
13.00001
12.68385
12.67095
12.7876
12.55365
12.63081
12.98813
12.92184
13.29838
12.93804
12.98524
13.13717
13.10778
13.00243
13.00852
12.73868
13.10586
12.70211
12.8397
12.72702
12.64292
13.34578
13.19509
12.88294
12.78493
12.61031
12.65176
12.82968
12.5705
12.27395
13.04765
12.99493
13.16598
12.49745
12.9827
13.04118
12.91738
12.70415
12.93049
13.30816
12.63751
13.05804
12.98113
13.14131
12.70695
12.96613
12.92754
12.73645
12.84062
13.04556
12.61464
12.28987
12.88922
12.81234
12.8272
13.28877
13.13024
12.59138
12.83906
12.6763
12.89741
12.76647
12.78574
12.86258
13.01016
12.60164
12.77361
13.25027
13.03384
12.7793
12.96025
12.67833
12.99887
12.68429
12.87511
12.73151
12.76564
12.58039
12.72218
13.23723
13.13419
13.09166
13.22069
12.88806
12.78689
13.09405
12.71346
12.88129
12.73788
12.66239
12.94313
13.00178
12.92329
12.56478
12.79198
12.74337
13.01268
12.91355
12.51443
12.50069
12.92603
12.84712
13.00862
12.51191
13.16507
13.13589
12.95667
12.90343
13.0671
13.0227
13.05782
12.93848
13.0327
12.85481
12.47025
12.80067
12.84069
13.17737
12.78314
13.08389
12.88368
12.94998
13.00399
12.84578
12.73427
12.72122
12.53505
12.76512
12.78099
12.58214
12.93375
12.84273
12.91605
12.84559
12.96574
13.00831
12.70045
12.66933
13.03069
12.86911
13.01497
12.8089
12.83232
13.11219
12.43283
13.21349
13.29034
12.87772
12.74695
12.98143
12.56607
13.10102
12.9353
12.65531
12.7665
12.53687
12.77205
12.76984
13.15603
12.82064
12.42078
12.79839
12.57009
13.24337
12.65074
12.83791
13.04677
12.63057
13.13028
12.94079
12.82759
13.05934
12.40915
12.76396
12.60691
13.04469
12.90108
12.76647
12.75853
13.02312
13.13074
12.98549
12.87336
13.13062
13.18483
12.50882
13.04341
13.40163
13.12313
12.56295
12.8484
12.99392
13.01542
13.06832
13.12959
13.04627
13.09105
12.98155
12.83964
12.62372
12.86022
12.82979
12.81798
12.99276
12.8366
13.12506
12.85738
12.79179
12.85627
13.13421
13.13591
12.44265
12.92701
12.97776
12.68217
13.56182
12.90414
12.90092
13.34202
12.58619
12.86499
12.59323
13.11993
12.81135
13.08145
12.45409
12.91777
12.73685
12.88828
13.37287
12.59688
12.82387
12.78322
13.25996
12.25002
13.03676
13.24123
13.02898
12.61968
12.3456
13.06205
12.77365
12.89475
13.0834
13.18326
12.7279
12.76559
12.88704
12.92511
12.83155
13.1385
12.72865
12.67292
12.76815
12.53079
12.7565
12.96783
13.1862
12.49267
13.085
12.98157
13.00393
12.80647
12.89885
13.13341
12.60313
13.09248
12.83098
13.04511
12.63947
12.6354
13.18022
12.97712
13.37792
13.2458
12.7021
13.06463
12.76662
13.13498
12.65853
12.55331
12.85167
12.96007
12.92496
12.61222
12.50609
12.87664
13.27092
13.34428
13.10363
13.19077
12.74315
12.68357
12.95914
12.60204
12.76922
13.35913
12.97028
13.26661
13.11213
12.83684
13.13468
12.7891
13.05785
12.84965
13.22093
12.79878
12.90053
12.50623
13.13757
12.95138
12.94585
12.82137
12.46339
13.10765
12.60412
13.12089
13.01662
13.04335
13.31429
12.80398
12.59663
12.73541
13.13334
12.72649
12.9104
12.69637
13.15471
13.36995
12.79471
13.14618
13.1865
12.81606
13.02705
12.70094
12.85643
12.67263
12.49039
13.04508
12.74207
12.9934
12.55404
13.31507
12.75282
13.0745
13.05042
12.87945
12.59
12.82873
13.11938
12.97195
13.18838
12.7606
12.91886
12.92969
13.33754
12.74321
12.96045
12.81524
13.15061
12.77986
13.10041
12.78691
13.08462
12.59177
13.0084
12.78971
12.7985
13.03289
12.88717
13.18037
12.4789
12.78174
12.77995
12.39998
12.95281
12.5816
13.02042
13.11453
13.10546
12.86051
12.70538
13.10254
12.91698
12.40819
12.621
12.47583
12.46103
12.66145
13.00213
12.44492
13.02576
12.73737
12.66266
12.93651
12.53068
12.81783
12.90151
12.80676
12.7138
13.19008
13.00902
12.95215
12.51113
12.73002
12.99267
13.16731
13.11355
13.08951
13.06463
12.88585
12.89174
12.82879
13.09368
12.85398
12.93163
13.03991
12.87056
12.46652
12.92758
12.6952
12.91455
13.11317
12.79295
13.10567
13.09345
12.80667
12.47451
12.72733
12.65103
12.91056
12.73678
13.14207
12.81071
12.86387
12.76699
12.91544
12.91674
12.94585
12.62228
12.99733
12.83891
12.76051
13.0426
13.08221
12.73272
13.21735
12.8966
13.0689
12.59365
12.85615
12.73193
13.06808
12.97809
13.01262
13.11238
13.1596
12.90421
12.91828
13.02783
13.21196
13.15899
12.94811
12.88445
12.78007
12.84168
12.93143
12.90775
12.60205
12.86296
12.48693
12.96118
12.94996
13.32963
12.77247
13.30254
13.18413
12.83654
13.15642
12.54359
12.66014
13.14986
12.82316
12.73112
12.95815
12.95714
12.86063
12.9204
12.71131
12.87336
12.84144
12.70454
13.09829
12.90007
12.73999
13.27285
12.53709
12.79176
12.73856
12.98601
12.79907
12.68015
13.16224
12.59834
12.96614
13.18278
12.80902
12.92732
12.95827
13.26964
12.65919
12.64609
12.66998
13.12619
13.03369
12.73309
12.73566
12.90018
12.74768
12.66076
12.63982
12.50391
12.83705
12.97735
13.02115
13.09397
12.78595
12.58288
12.49819
12.88224
12.95128
12.79172
12.60265
13.17062
12.9038
13.11231
12.75207
12.95211
12.33463
13.23549
12.99956
13.39394
13.31038
12.90686
12.57875
12.78715
12.92496
12.87274
12.5679
12.81496
13.15557
12.34959
12.63906
12.75098
13.07296
12.08289
12.66098
12.88878
12.73218
12.9052
12.72176
12.51263
12.85117
12.93069
12.96634
12.53201
12.86483
12.80973
12.44479
12.77138
12.66494
13.11118
12.95283
12.80171
12.98833
12.85556
12.82809
12.76613
12.74749
13.10798
12.87752
12.32133
12.77703
12.48366
12.89087
12.7159
13.07286
12.86729
13.10491
12.95712
12.70822
13.0086
13.50303
13.01148
12.56248
12.63414
13.15309
13.01985
12.69112
12.73628
12.73095
13.09725
12.68681
13.21151
12.77808
12.93928
13.05038
12.89175
12.8386
12.80819
12.88251
12.45303
13.01234
13.11399
13.05983
12.88763
13.21502
12.80712
13.08262
12.53779
12.74936
13.02443
13.16789
12.5392
13.03391
12.93468
13.16287
13.07238
13.11957
12.54751
12.5707
12.99954
12.70006
13.07138
12.79762
12.79322
12.60164
13.08712
12.565
12.74291
12.92326
12.54743
12.84318
12.8839
12.80458
12.73693
12.78044
12.42239
12.60799
12.7734
13.10783
13.26011
12.81406
12.86191
13.25305
12.7386
12.8956
12.76623
12.95769
12.76038
13.16424
13.17496
12.95356
13.36993
12.7687
12.64378
12.65899
12.68311
12.70951
13.11493
13.04647
12.90482
13.22674
12.72399
12.74148
12.86969
12.98132
12.84862
12.66378
13.24932
12.57522
12.8087
13.13097
12.67242
13.08301
12.91309
12.77531
13.28128
12.72875
12.65469
12.90561
12.8426
13.10219
12.9682
12.90104
13.0037
12.86808
12.64343
12.79939
13.09445
12.76057
12.37021
12.72723
12.71813
12.86625
13.02944
12.8345
12.99138
13.09303
12.70179
12.80498
12.75947
13.10712
12.68384
13.14262
12.98372
12.72821
13.01144
12.98631
12.56507
13.066
12.96646
12.70953
13.29386
12.50835
12.63838
12.67692
12.97485
12.30146
12.68548
12.96241
13.26929
12.86953
12.68606
12.95988
12.83038
13.00359
13.10508
12.94908
12.5602
12.93526
12.92204
12.8279
12.9042
13.0145
13.22308
13.05598
13.21656
12.68649
12.92175
12.79773
12.86947
12.41742
12.79323
12.83978
12.94265
12.9338
12.57352
13.04855
12.85452
12.44517
12.63835
12.59977
12.93231
13.21415
12.88607
12.85171
12.86874
12.81967
13.13286
12.84936
12.67837
13.74068
12.56194
12.88678
13.2574
12.92493
12.68144
13.1487
12.92617
13.26922
13.09103
12.72141
12.901
12.78931
12.95389
12.71537
13.22963
12.82077
12.50118
12.85623
13.21625
13.15208
12.882
12.50204
13.02423
13.24908
13.36991
12.69188
12.9266
13.00323
12.90783
13.00233
12.91329
12.88863
12.60485
12.68417
13.01771
13.20042
12.87127
12.59162
12.98625
12.76977
13.14873
12.69739
12.79591
12.84152
12.75652
12.68041
12.75096
12.68573
12.80237
12.72674
12.46063
12.90826
12.18119
12.99203
12.70093
12.78922
12.54024
12.83199
12.65536
12.82645
13.01683
12.9437
12.93323
12.99048
12.73166
13.06015
12.90141
12.82494
13.15493
12.64989
12.89376
12.77335
12.80778
12.86766
12.82402
12.60516
13.24405
12.98432
12.93222
12.95443
13.08517
12.54747
13.11932
13.25391
12.84623
12.8271
12.80369
13.26838
12.7114
12.98596
12.98533
12.67185
12.92518
12.49325
12.4605
12.94732
12.98923
12.58469
13.05061
12.83062
13.01081
13.0093
13.10347
13.05692
12.45115
12.55583
13.0351
13.27204
13.23223
12.48696
12.95614
12.92489
13.00127
12.80395
13.03208
12.64134
12.754
13.22376
13.39351
12.97555
13.04635
12.63978
12.82031
12.61702
13.05943
12.93246
13.00212
12.82401
13.06477
12.7509
12.98591
13.01429
13.14934
12.88771
12.94332
13.03255
12.91373
12.82549
12.66857
12.71653
12.51074
12.87819
12.85815
12.55879
12.88417
12.97995
12.89501
13.12656
12.94985
12.95615
12.60507
12.57839
12.82051
12.87794
13.05426
13.22779
13.02501
12.98264
12.63492
12.56224
12.79441
12.86877
13.0987
12.95061
12.36232
12.77056
12.55533
12.58451
12.87689
13.17772
12.82227
12.99366
13.05586
13.34901
12.84729
12.69679
12.79337
12.95784
12.78294
13.25165
12.39567
13.14077
13.18839
13.20214
13.06734
13.00319
12.70481
12.39711
12.55256
13.11501
12.49696
12.54117
12.41209
12.53873
12.91807
13.36321
12.49102
13.07112
12.39121
12.90037
13.04511
12.75099
12.59778
13.04323
12.76463
12.85321
12.80547
12.99076
12.61273
13.2995
12.89273
12.97064
13.0607
12.71172
12.76539
13.48581
12.78801
12.4012
12.56078
13.14428
13.01099
13.14667
13.04536
13.04663
12.93626
13.16506
12.19412
12.83484
12.92635
13.11681
12.87846
12.79222
12.94225
13.01616
12.60358
13.23969
12.64952
13.35473
12.89378
12.86224
12.90606
12.70353
12.86098
12.77527
12.58325
13.14483
12.75866
12.87725
13.09983
13.19174
13.20083
12.69704
12.90481
12.88722
13.04082
13.17186
12.8876
12.90336
13.17731
12.52182
13.13163
13.38606
12.82432
11.96406
12.79117
13.04941
12.90934
12.7036
12.87127
12.69118
12.89751
12.74614
13.06915
13.03194
12.76533
12.96691
13.05171
12.78773
13.55924
12.65296
12.89119
12.79836
13.04006
12.70638
13.04394
12.87416
12.92687
12.79981
13.15327
12.60571
12.54484
12.66893
12.56749
12.86793
12.99349
13.16771
12.80723
12.68845
12.81868
13.07873
12.6104
12.69151
12.94054
13.15169
13.09305
12.93059
13.05625
12.95916
12.69239
12.66797
13.15835
12.99579
13.24049
13.0502
13.26041
13.02773
12.94163
12.67825
13.13972
12.90532
13.0885
12.99948
12.84889
12.64581
12.634
13.08077
12.47612
12.84278
12.9578
12.78461
12.81583
12.46137
12.94311
12.73865
12.77822
12.88447
12.31699
12.9546
12.94259
12.86337
13.1544
12.4972
12.51585
13.02885
13.01598
12.68606
12.85052
12.6308
