16.4992
16.11372
15.8383
13.32474
20.40281
13.94306
16.14497
14.72842
15.48822
17.45888
14.68904
18.23655
12.64815
17.05601
19.37015
16.15123
16.23837
17.35947
17.03254
18.99641
19.11355
16.15443
18.77494
18.94568
18.0998
22.67542
17.16503
16.95602
15.45083
18.8151
16.66461
16.56938
17.80633
18.68736
14.00766
16.26891
19.57277
16.3652
18.01858
15.01771
14.06464
14.85179
13.61846
17.06361
15.10225
15.3677
16.61948
14.11502
14.21552
14.83464
17.50777
17.90337
13.75142
16.03681
14.9199
16.174
13.46197
14.77063
14.65157
14.75035
17.25123
14.50073
13.30541
15.42666
16.31482
16.52773
17.0581
18.28816
16.05438
17.75895
19.01815
15.2319
16.10785
17.99575
18.11934
15.8958
18.62118
18.43097
16.21239
17.15967
18.79839
15.73493
19.07741
14.23096
17.37413
15.50372
17.67688
17.57459
16.12049
19.26605
13.77316
15.29046
15.52344
19.16901
15.9949
16.1024
16.6289
14.72696
15.93073
17.14592
20.96787
17.10991
15.98132
13.97006
17.76259
18.71637
16.76292
19.66934
18.10376
14.94305
16.93769
17.2276
13.66591
16.64565
18.46877
16.39755
18.15614
16.78962
15.39349
17.11274
15.53331
18.90236
15.48913
14.09462
16.0876
18.68008
17.7576
17.35994
17.02445
17.49964
15.92016
12.44223
17.30688
15.95096
14.68983
16.15313
14.30993
16.05042
19.76155
19.22561
18.35935
15.08514
15.15104
15.62541
15.60546
14.20441
16.01917
16.9572
17.04271
15.16364
16.68302
15.31033
16.96731
16.50637
17.04712
16.33056
17.09091
16.12551
16.12098
17.87418
14.41041
19.71462
14.18632
14.16334
17.59117
15.36085
13.48734
15.42608
14.18842
12.42938
16.139
19.57522
19.37294
16.91696
14.34157
15.24394
16.3761
14.82878
17.47227
18.85886
18.47358
21.84307
16.60699
16.34593
15.75796
13.41154
16.66905
21.08306
18.55296
21.85091
16.395
14.71564
13.78195
18.84332
17.63398
18.36321
15.77444
19.76717
17.11093
17.86062
15.74602
16.75085
15.13947
15.73565
18.05929
15.23183
15.78463
17.03167
14.10303
19.35595
16.89034
16.21961
14.72602
14.74763
16.67818
17.79615
20.46782
15.53347
15.53635
18.63983
14.82895
20.20923
15.73868
20.19454
14.94779
15.7354
17.61216
20.78982
19.44655
15.89664
16.14735
15.83178
17.38848
17.40178
17.25085
18.29905
21.56528
20.49906
17.95168
17.37895
17.41733
14.38717
13.99052
12.88986
18.09741
15.81094
16.06859
15.71215
18.0541
14.6902
11.18923
12.78979
15.44779
15.12453
14.35145
21.2218
16.02721
14.99939
13.36443
19.2109
17.5894
19.95039
19.2787
19.14465
18.20082
17.39783
17.48739
16.81717
12.81032
15.19743
15.8331
20.87868
14.97128
17.67944
15.84033
16.65097
13.08788
12.84373
14.24146
17.63041
17.98873
13.66344
20.32281
17.73056
17.78939
20.02245
19.64742
14.15169
15.89073
17.36954
16.66612
16.7124
16.19957
16.94859
19.27148
16.15195
16.02345
15.78961
17.59003
13.82973
18.26485
18.16273
17.77825
18.96601
19.80202
15.38132
15.37176
16.46502
13.58626
14.1372
15.37052
14.98641
18.76023
14.53308
17.05415
15.53429
14.12565
16.00002
15.75158
14.72242
12.28911
16.91682
17.40535
17.035
14.63808
13.87255
15.8218
17.80646
18.01337
18.36747
13.93088
17.14578
18.98346
15.62915
17.37401
15.72798
20.96926
16.87667
14.94194
18.60191
14.74018
11.3029
15.87941
17.37176
18.43788
18.39943
16.88433
17.24711
17.26341
15.70365
18.38959
16.81813
16.15964
18.29578
13.88364
10.98172
13.27019
15.05755
14.36496
16.9589
15.94076
14.09784
17.54478
15.68008
21.76147
13.49566
15.30308
19.14877
17.31731
17.28889
18.09731
15.88514
15.49743
14.21642
19.47075
17.3333
20.06216
15.04988
19.53484
17.53867
16.45296
15.0182
11.23333
15.64808
21.02454
17.56259
16.83393
15.33199
14.9824
16.00882
17.40995
15.91077
14.96633
15.88943
18.12301
15.54462
15.39856
14.03706
18.1962
17.4648
19.98064
14.11097
14.04852
17.57091
15.90244
15.78732
14.48998
13.63569
14.78722
18.71836
18.20377
13.88785
16.56052
15.87676
17.15053
14.78681
14.64772
14.17393
17.64941
17.16706
15.5711
13.91137
17.20162
19.97437
15.29775
14.16694
12.54067
14.47691
16.16077
15.01778
15.55081
20.01137
17.80428
15.79912
17.7675
14.51033
13.24987
16.19391
16.14987
14.4463
13.76485
14.31444
13.77752
15.09952
16.58341
16.51332
18.29113
17.60556
15.97821
15.09167
19.12787
15.74135
14.76152
14.8449
12.55271
13.76852
16.63379
15.75039
14.19365
15.62592
12.67393
15.20639
20.05383
18.57528
16.69727
18.2043
15.62171
16.26745
17.69692
14.85511
14.03193
15.07224
12.93813
17.23717
18.36003
18.89721
16.92697
15.52759
17.74672
21.43054
16.17415
16.16246
16.15875
17.30104
16.50331
17.38513
13.94457
16.17422
15.85701
17.08016
17.97144
16.02827
14.15845
18.70681
14.3355
16.62039
13.92065
16.58225
16.3463
17.95822
17.37591
13.34481
16.0104
16.72448
16.22335
18.35018
15.24817
16.62788
13.46711
13.59213
19.66821
18.84624
20.14929
18.99081
18.09655
18.57379
18.32395
23.74336
18.21672
16.23689
16.24706
15.0959
16.53602
14.6943
14.66493
17.37317
14.78409
19.09658
18.97151
19.89416
18.95174
17.42385
15.44978
14.45449
13.59508
14.48993
17.98273
17.22685
14.17024
15.81234
14.66456
13.884
12.42472
16.55431
18.31561
20.2641
17.10707
15.45107
16.32674
15.93011
17.61662
17.56304
23.99076
14.84916
17.68752
19.41832
14.15341
16.04397
18.49612
18.12503
15.56946
14.65695
19.95333
19.18139
16.22969
16.97179
15.52962
15.01884
19.2616
13.77246
14.40902
12.86777
17.62218
17.22563
13.28363
15.13948
16.71054
11.82353
13.82065
15.926
17.21972
14.35543
14.35096
16.07011
18.11468
13.98157
15.0119
17.20386
16.46908
17.9373
13.63807
13.61571
14.0617
15.78979
15.40541
12.97957
14.74154
15.54717
16.10484
18.1273
15.753
23.2555
17.05947
17.54572
18.51419
18.96427
15.28873
18.67397
12.43122
15.14615
15.52995
19.29784
13.12767
16.42454
15.21663
16.1071
13.94524
15.5598
16.48843
16.06897
11.47679
13.73455
15.93365
17.22264
16.9365
15.7953
19.41319
16.8042
15.23486
18.68142
16.8936
14.6726
12.63558
14.6689
17.66894
19.77777
18.70474
16.8015
15.46197
14.24254
17.34118
16.24282
17.25787
18.1255
18.55329
17.92936
20.63847
17.63356
18.35758
18.39599
15.27058
18.08903
17.98994
20.10577
15.77
14.85425
16.09337
14.65644
18.23667
19.14873
12.89775
16.41786
17.06426
17.28689
19.54532
22.70928
15.83894
16.56698
15.11621
19.09746
12.77256
17.01173
13.73051
15.38908
16.40167
19.20563
14.78309
15.56679
17.4392
15.16027
16.53619
18.00876
13.97028
17.60316
13.35512
16.48912
15.85491
15.38364
15.09633
17.93958
16.69308
14.85177
14.64029
16.42958
15.01894
15.70469
13.96255
15.79101
15.80258
16.54592
20.46393
15.77611
16.81668
14.6114
15.82946
19.51704
15.14361
19.38039
19.57791
19.32556
13.74086
15.53958
17.96895
19.30506
16.18987
16.97298
16.22484
14.78061
15.43329
14.38995
18.66618
14.84336
11.91158
13.43698
16.7455
16.33569
14.71911
13.50823
14.88172
15.31451
16.79122
17.82411
13.08571
17.50004
16.54624
16.40193
16.28914
15.178
15.88268
16.03834
15.52553
15.32225
17.44294
17.28965
15.41452
18.41513
14.01999
14.38257
15.42397
17.2338
18.03049
15.0662
12.33522
16.40469
16.54628
16.16129
13.75105
16.19015
18.02357
13.906
17.91962
18.60436
20.12882
15.15066
14.55526
17.62364
16.58344
17.0468
16.53453
14.05377
13.2264
15.15257
13.59337
13.472
15.17918
14.84951
13.46131
14.66107
19.56757
14.90526
20.76675
18.99165
18.65954
17.98066
19.69361
15.12995
11.80808
16.58732
13.94244
19.83918
18.20678
20.1965
15.89267
12.81699
14.71462
15.39596
17.61585
19.47056
17.99513
16.02924
13.62891
15.61794
16.69665
14.09665
16.90821
17.42288
13.30127
19.05624
17.82432
19.55842
18.46038
16.39454
15.09321
13.82561
15.71109
16.88989
18.76899
18.33085
11.65265
19.49035
17.31972
19.30581
17.2507
19.03502
15.23564
13.27848
16.84918
17.58105
14.11103
15.5689
18.0342
20.75431
17.01037
17.80515
14.94247
14.70698
17.03053
13.58265
15.28466
17.69988
16.74946
18.95165
18.27079
18.40904
17.47123
13.66784
15.1554
13.15948
19.12176
17.64883
15.01911
19.84549
14.47091
16.04414
15.65779
20.49229
20.70229
17.7819
13.32233
17.35778
18.07652
17.23729
16.58279
12.63789
14.22277
16.65302
17.62502
15.42096
18.62965
21.35056
16.61035
21.6058
14.03555
16.31482
15.49353
15.31283
17.97858
20.35315
18.76239
16.96653
18.28034
20.32487
16.94833
16.21812
14.70533
17.85012
12.46604
15.8354
14.32076
15.87379
12.28515
14.08059
12.28136
11.12364
16.3027
15.83495
13.43974
18.89915
16.26138
14.54313
13.84595
13.22937
16.88548
14.76348
16.78824
19.26494
15.57747
18.78457
17.65138
16.54276
15.52184
16.95636
16.55098
16.80222
16.65966
17.19915
16.00293
19.19278
16.90918
19.05641
20.13392
16.16021
18.97902
16.95951
20.62895
19.30606
17.01751
17.60838
20.9013
16.99278
18.06383
15.936
17.49723
20.07059
19.59441
19.2642
18.14471
17.65497
18.78264
17.24857
15.44349
15.247
15.51031
14.92656
14.59052
15.80254
15.82303
16.20865
18.09328
15.5563
18.51206
16.29678
22.05163
16.39036
14.74514
18.36813
16.72763
20.19951
18.13161
15.22216
18.71354
17.95428
17.3855
16.45482
18.57346
18.73968
16.98061
14.80467
16.94101
16.31594
15.6573
19.96983
22.29529
16.70339
18.03592
16.31217
14.16787
17.98322
16.01664
14.94658
13.81583
15.21728
12.72721
15.56828
12.82323
17.46288
15.6134
16.95666
14.11939
14.17847
15.8248
16.56131
16.05025
16.05695
15.10565
15.13959
18.24453
18.44714
19.80086
16.30962
13.83641
17.46346
17.29733
14.73504
13.19115
12.9715
20.12935
15.29054
14.19169
18.81242
18.28858
12.56011
14.20804
14.50909
17.89411
15.78219
17.84471
14.74813
13.92674
16.68034
14.67307
18.70644
18.35549
17.23635
16.01114
21.70746
19.35682
17.69789
15.44258
15.07078
15.41875
17.23189
19.24479
19.21395
13.93181
11.70013
15.40692
13.24389
14.98779
16.61033
16.56861
16.38337
14.92232
18.17272
15.84032
15.87115
12.49746
15.93986
19.05928
22.81203
17.46085
17.41034
16.96061
19.83132
15.9719
17.16292
15.66041
16.61746
22.7221
18.60239
16.18797
15.9082
22.06699
19.60756
17.6367
16.22073
15.70111
15.47713
16.7124
17.89324
15.76302
15.29973
20.1218
17.26418
16.74006
16.7279
15.09377
18.42452
19.79805
20.95001
15.44891
17.91666
17.49287
21.48459
17.21708
18.07064
16.77224
13.30515
14.69878
16.25555
15.27665
13.63675
14.65197
13.83681
16.78281
18.32473
13.53572
12.88548
14.60009
15.16366
15.62547
19.02375
17.51879
13.64888
15.98435
13.24076
14.88402
15.81298
16.7196
18.06267
16.47955
16.96859
19.37341
19.96635
15.73389
14.21762
17.30909
18.16042
16.56226
16.76644
18.9514
21.6294
17.83761
17.00275
15.43581
16.61856
15.18031
13.02497
15.57001
15.79326
15.4038
16.63289
13.98281
16.73731
18.13439
16.30998
13.82227
19.73389
14.57167
16.77888
16.83648
18.7437
16.45157
16.03302
18.69899
13.8944
17.81117
14.46056
14.0491
16.79655
15.65397
15.90342
13.32682
14.94986
13.63474
16.65568
17.87801
16.65588
17.15718
15.59172
16.55976
17.47698
14.67661
17.97359
16.65146
15.87443
16.2316
19.1755
15.06737
14.43649
17.70768
16.35514
12.87852
12.45126
15.91351
14.4654
16.53938
19.19534
20.36096
19.00276
16.42068
13.49382
14.85093
14.60064
14.31711
16.95239
19.67373
14.8024
17.0028
14.20713
14.99822
11.94706
11.30864
14.72905
14.86335
17.77984
16.54238
20.99186
19.26794
15.02028
14.46487
13.85799
20.96451
18.01658
17.7595
19.19199
17.99435
15.76626
18.77206
15.96856
18.24434
17.44762
16.22855
13.13015
14.99323
13.62033
15.77966
17.1161
13.32584
18.75926
18.06372
14.9939
15.02032
15.09991
14.8615
15.55389
17.0633
15.83307
16.67816
13.40046
14.17059
13.57746
17.48509
17.5572
18.25038
18.89947
15.97668
18.12768
16.38382
16.91233
17.21042
14.54787
12.6761
15.66334
15.00168
17.05997
17.96134
14.36699
13.42977
14.61372
16.58644
12.5695
15.87918
13.793
15.93809
15.26754
15.46834
14.94326
20.29888
18.4915
18.01632
13.96354
15.7211
17.72027
15.18287
15.63469
17.06502
13.73152
17.92228
14.55617
17.65233
16.28979
13.66997
15.10096
15.8234
19.81438
16.12576
15.04845
14.81624
16.81028
16.16473
14.81739
17.66183
16.74809
14.6129
18.36027
20.23662
15.21665
19.11178
17.3974
17.99614
17.0682
17.7952
17.34551
15.35137
15.25089
19.93004
20.86121
17.40939
16.71186
16.74736
13.72742
14.92219
15.70547
15.61647
16.67622
17.96873
17.65411
18.69237
15.89598
14.18737
15.46641
16.5825
14.96607
12.32039
14.06802
13.23175
18.3334
16.14947
15.60666
18.24568
16.06334
21.6555
16.15809
13.44801
15.62371
17.27142
19.29352
15.52384
14.37238
16.35781
12.46918
15.80681
15.66994
17.75943
17.26093
15.90745
14.69102
14.37623
14.86942
16.61394
15.28867
14.62132
15.49106
20.74132
14.91121
17.88948
16.02539
15.69949
16.34954
13.88436
15.22375
19.4799
15.19518
16.30937
17.25596
17.70507
16.05628
20.01103
17.33553
15.33858
15.0794
14.31145
14.97896
14.90096
16.12626
15.1276
13.64911
16.92928
14.35649
18.59378
14.85806
13.10398
12.74779
14.29679
14.60369
19.47737
16.90592
16.23123
18.16125
12.33573
14.07818
17.35918
16.0934
14.52048
13.84039
17.76757
22.39286
13.24627
11.85493
14.94057
15.08562
17.12016
18.24295
15.06809
14.60525
15.99349
15.01987
15.25538
15.84525
15.86322
16.09084
15.91238
15.05761
19.34749
19.82895
19.10112
20.01844
18.57679
17.12501
17.6924
16.3702
13.33127
14.43239
13.19934
20.45721
14.28697
13.7764
17.7301
16.95325
14.87422
15.37654
16.38153
14.8344
15.31081
15.6152
16.25486
16.13006
14.36062
15.26002
17.38134
11.76136
13.51558
16.46501
15.23442
15.11898
13.20374
14.77072
13.78514
14.36057
15.92831
17.68466
15.13571
14.97001
16.92986
15.84828
19.77931
16.66705
14.35577
15.49543
15.82964
13.84737
18.29929
12.73688
19.00688
16.47805
14.94892
13.40243
17.35366
14.95534
12.56397
16.34748
14.77542
15.82999
13.09695
18.27929
19.62459
17.72066
15.75757
17.3908
15.61267
16.4754
17.8914
20.74859
16.42273
15.61222
16.17525
14.46708
15.38834
15.57765
14.99514
14.65407
14.09
18.4305
21.8841
15.93336
16.44485
14.45072
15.6067
15.39101
14.71893
17.30682
17.90793
16.72711
16.78384
13.96136
18.88826
15.37781
17.51755
14.19589
18.18777
19.20625
15.18866
14.5211
15.30187
14.55867
15.41622
18.54592
19.15196
16.08375
17.70348
16.6222
18.7556
16.8864
13.82578
19.71785
16.10061
18.60056
14.16677
12.5578
16.54
16.67462
15.75969
17.64014
19.60361
16.19961
15.46213
16.07657
17.24316
17.0002
15.70496
21.06557
17.95862
19.33017
14.87117
14.77
12.65162
12.81212
16.15122
18.70884
16.13594
14.70024
14.16767
14.81276
15.48287
15.78974
16.36881
16.49889
16.42704
15.96502
18.6689
13.86652
16.29143
17.86902
15.34159
17.3291
17.36005
16.57201
19.01264
12.90124
17.95018
18.37249
17.64244
20.10127
15.51616
16.09904
20.90692
17.38712
14.39984
17.6924
14.81573
15.11541
16.6136
18.43137
16.53237
16.12749
16.95119
18.09417
18.68173
17.47395
17.04263
19.5533
18.51152
15.08911
14.17359
17.20183
16.27478
17.19844
12.55627
16.10755
18.00887
18.94784
21.01759
15.08993
19.2608
15.63171
17.13259
16.87868
18.65028
13.90703
17.17604
19.54659
17.60096
13.89521
15.11771
18.86386
18.09277
17.01089
20.00534
18.51624
19.78562
15.60804
14.82536
15.53185
16.08341
17.39505
18.93687
20.55744
14.32419
17.28835
17.25809
22.08259
13.81166
17.73854
18.14936
17.85284
16.48371
13.9439
12.35232
16.73705
17.52036
14.93613
15.61427
17.61951
15.9083
10.14595
13.7946
15.65247
15.02886
17.73236
20.90887
19.13648
13.83056
14.59429
17.55643
14.2993
15.96308
19.74345
15.54734
19.45014
15.83064
13.38591
15.33998
18.27777
15.77509
16.25717
13.57024
14.64179
18.03731
17.91582
16.52449
21.16366
18.04475
15.97877
15.85084
14.84972
16.23277
13.30675
18.48068
16.78473
17.93676
19.92236
15.50398
17.5351
15.48639
17.2931
16.0548
15.8727
15.19302
15.55996
20.1831
18.10625
15.34846
17.10046
13.83951
12.72719
15.52036
17.49172
15.95347
12.35109
13.26181
13.47027
15.53441
15.52634
16.5504
19.01211
14.87298
15.6707
13.99279
17.40149
17.19337
15.86315
19.73108
18.36084
17.852
16.19116
16.78452
14.16738
19.28789
17.89275
16.28033
12.53081
14.9491
16.95866
16.92038
14.90207
13.72699
17.01354
16.10236
15.25195
12.37705
15.44732
12.95528
17.7789
21.39738
18.29089
15.67175
16.02508
16.84403
17.18675
15.32652
15.35812
16.1501
14.66131
15.2962
18.20629
14.4471
17.38988
18.52444
19.43884
15.93538
13.91409
15.00771
15.71521
14.56971
16.91849
15.86001
16.69539
15.19253
13.96702
15.38335
14.50338
13.77207
15.49112
17.11737
19.05427
15.52932
17.04455
19.81567
17.38853
17.10581
15.2017
15.77759
14.90243
15.40437
14.78536
18.00205
13.33646
15.78803
16.36296
16.71816
16.85678
15.62972
13.20667
18.159
19.18649
15.88129
17.09253
15.28775
14.64808
17.27918
16.5106
16.78695
14.03006
18.80235
16.56503
14.42988
17.01053
15.20078
19.8396
16.08414
19.83862
16.88557
13.03576
16.66999
15.25901
16.26413
16.82214
18.67769
19.60834
19.49976
12.80503
11.28676
14.33058
16.67823
20.13689
16.90876
16.31355
13.19876
15.25713
12.66171
14.21453
15.36305
12.92718
16.24504
13.6693
15.13348
14.99032
15.96716
15.14356
14.33191
16.27812
15.13969
17.38783
17.16269
19.89476
14.8847
19.75296
17.70875
19.57591
16.84038
17.98103
14.74547
17.86319
13.96647
15.66499
16.19134
16.13102
13.08556
14.34929
17.47845
16.21792
19.13962
14.46593
19.2664
16.98322
16.32355
15.56883
19.81059
21.76752
18.25736
16.09628
12.89246
20.06999
16.90521
17.94758
12.53754
18.48426
19.63863
15.66855
17.06645
14.9278
17.22844
15.19493
15.81431
17.90227
19.19463
16.20897
17.1748
16.69419
15.52445
18.00355
17.22665
16.57574
18.57638
15.24203
15.42891
16.5551
17.61764
18.62964
14.36536
16.03873
15.59254
16.70307
13.08788
15.24028
15.96327
14.06673
14.46484
15.98088
16.19485
19.00736
17.25094
19.83167
15.39318
14.17276
17.66463
18.77897
17.47429
13.97686
18.44498
15.80234
14.4784
19.02627
21.2548
15.50335
13.91965
19.5372
19.32781
18.6596
14.49858
17.2835
19.83821
16.54483
15.70923
14.20366
15.90275
13.64043
16.6501
15.25131
14.7013
15.12637
14.50136
15.63453
17.84622
17.94212
15.30223
18.63252
16.73037
17.31924
17.90507
17.84732
17.55783
15.84032
13.4318
15.63227
15.97486
17.54443
15.63687
18.80054
18.84614
16.05473
19.84217
17.71974
17.03602
16.8751
15.27057
16.4277
13.43204
17.13463
15.17654
15.7149
16.61718
16.08529
17.65169
23.48596
16.78457
16.92131
17.3617
15.47317
13.32762
14.8575
14.56266
22.20267
18.83488
14.71872
18.49031
16.27006
17.30895
17.2364
14.50494
18.21788
15.89571
18.86641
17.58534
17.05276
14.03271
17.76105
19.60221
14.79873
16.61854
17.41125
19.66774
21.18132
17.58457
16.06496
13.76067
13.48482
17.72583
13.56472
15.68132
20.37708
14.2163
19.35254
19.49559
17.37258
20.19096
16.41475
19.14642
14.78494
16.25483
17.58794
14.50276
16.49007
14.45431
15.13227
13.99215
17.90466
17.78125
21.88895
15.57165
17.30246
16.23824
15.85818
13.09129
16.33048
15.91961
18.88992
18.94881
18.30973
15.83495
16.88022
13.96138
16.64594
15.90995
18.12484
14.37769
14.12223
15.29565
17.931
18.21663
14.17338
16.77396
16.15949
18.76549
17.6394
17.85687
20.01771
19.90156
19.08727
14.15936
18.81917
14.02568
17.20196
16.34218
13.98024
14.74068
19.89004
17.74297
21.56708
16.14573
17.03979
18.95359
16.64162
15.78964
14.64686
16.73394
15.05076
15.34772
14.59415
16.31979
20.65994
20.94573
18.15391
17.73016
16.47698
21.22268
15.95923
14.29686
14.40861
16.31156
17.02393
13.60585
17.56243
14.88098
17.99025
15.99039
18.88885
17.07359
22.33108
13.76633
15.64303
16.5983
16.14972
16.35786
15.23707
19.61415
19.8319
18.61999
15.35618
19.80067
23.47733
16.51597
18.56953
16.1969
19.52113
18.54451
16.65427
16.4903
18.95398
15.25173
19.44287
17.04819
16.66602
17.98997
15.7541
16.9829
17.11469
20.96898
20.76905
18.72857
15.37157
15.85431
18.58187
16.46159
17.21431
15.63848
15.56801
14.79187
14.36034
15.16921
16.85859
19.45682
16.87794
19.67047
16.7762
12.47717
14.72677
16.55633
12.28948
16.7369
16.76158
17.75253
13.23987
14.13656
16.57123
19.01598
15.11992
15.73079
17.59741
15.99975
19.51497
15.29701
16.89428
17.4673
13.7832
16.35216
17.57235
13.59308
18.22713
19.42407
15.64874
15.26986
14.32537
16.03767
15.97569
14.2951
12.47037
12.80432
16.76964
14.48227
14.92875
15.41899
17.58812
19.12016
15.47542
17.69909
16.20981
16.21325
16.86776
17.16477
15.71496
14.61942
17.59943
15.58713
15.03071
16.89502
20.67891
17.09732
14.40549
16.51262
16.92414
15.47986
15.00807
16.81801
18.2788
14.24419
19.32432
14.56713
12.56575
13.64707
13.73509
15.68811
14.2627
14.29655
15.60383
15.89961
15.11645
14.9745
17.37441
16.69323
13.5947
15.01688
16.97208
16.37392
15.3013
15.06496
16.40033
14.24999
13.97475
16.47903
15.736
18.34474
17.47897
14.33718
17.16986
17.42403
14.76343
12.54501
16.05579
15.84223
15.29016
15.81421
16.62991
16.14756
15.66427
17.28829
15.52444
16.65124
13.55767
16.47975
14.84935
16.22519
18.21644
18.39127
13.18736
16.03086
15.53887
17.69724
20.12416
18.47819
16.04072
15.9828
16.12037
13.33894
17.27515
12.8771
19.23745
18.59308
15.3651
20.24995
15.88182
16.32355
16.41858
13.65201
13.09886
13.88905
16.84546
18.13693
16.23018
19.87512
15.10328
15.78511
17.12395
14.77424
19.76109
16.62774
18.8836
19.8786
16.67766
15.07866
15.34668
16.10416
15.07902
18.36691
17.42905
17.92294
17.49385
17.48267
17.72489
15.9458
21.48906
13.83405
15.0153
12.98614
14.23189
18.08961
16.78735
20.37362
17.97905
17.21305
15.6639
17.16067
16.86749
19.44136
18.20218
15.51258
14.94772
15.61754
18.61517
16.77221
14.18783
17.70804
15.2568
13.64934
18.36894
15.44657
13.59855
18.36363
18.09754
21.50268
16.28214
15.95638
22.5262
19.3819
17.89784
17.26074
14.67204
14.71776
17.90619
19.48537
21.37035
12.41487
17.14848
15.82791
13.98866
14.78896
15.78215
17.23632
17.00802
16.81275
14.98618
16.16415
17.21089
17.32521
16.71053
17.97951
15.53948
19.18046
19.02591
16.50992
17.45875
17.05792
16.24991
15.01165
14.23481
17.37196
17.74552
18.37486
17.03689
19.76586
13.81871
15.07261
16.70307
15.73912
14.85189
15.98378
18.7231
14.92902
17.86002
14.09434
17.93161
19.02876
14.95989
18.75567
17.69739
21.31765
15.71539
16.51125
16.84008
16.28475
19.79077
17.33824
14.45645
15.92517
15.25727
17.06718
17.25787
15.86731
15.15109
16.19792
17.53159
15.83874
16.29867
13.82966
16.21153
17.95981
14.84989
17.07226
16.64032
18.7732
14.47541
16.36646
15.43038
16.8926
13.24428
14.07402
14.98572
16.38206
14.51363
